NAME : portcgen-419-335789
COMMENT : portcgen N=419, seed=335789
TYPE : TSP
DIMENSION : 419
EDGE_WEIGHT_TYPE : EUC_2D
NODE_COORD_SECTION
1 966891 300552
2 1002864 321190
3 844369 -3257
4 72779 933805
5 88072 904403
6 -28072 886868
7 419752 692661
8 927406 50968
9 435840 783104
10 443290 691006
11 405592 724425
12 445017 724071
13 1033961 275136
14 860760 108859
15 443184 678556
16 438032 705718
17 1007597 273248
18 435108 665110
19 952494 336597
20 38057 846219
21 446216 707158
22 452552 695768
23 885371 -26251
24 7405 962574
25 35253 848345
26 413033 737257
27 372548 701447
28 411155 741536
29 959703 381560
30 821196 -23148
31 798720 60382
32 923705 216815
33 86755 947959
34 873750 -33467
35 840847 33670
36 973945 342634
37 851380 -53361
38 1000313 353128
39 964583 325735
40 467111 634557
41 452855 729895
42 359741 664075
43 831983 5545
44 857480 38184
45 916415 52167
46 405731 662648
47 800090 62485
48 1020031 391056
49 527989 743641
50 431790 775936
51 906386 15228
52 -50708 968096
53 161912 945323
54 881129 -887
55 996912 268011
56 866827 31849
57 911471 353075
58 1025435 319399
59 105615 995600
60 465094 770227
61 1004140 286339
62 442738 696562
63 823316 61148
64 21463 932627
65 468450 679371
66 847167 48369
67 915206 123896
68 967983 285477
69 33546 947498
70 985953 386034
71 500670 723136
72 897450 33702
73 895349 -17019
74 407759 670550
75 127826 963003
76 440975 647327
77 458224 770917
78 46546 963000
79 40872 980996
80 992277 312228
81 839432 -42919
82 838493 42814
83 998264 301960
84 830837 -69543
85 1006634 300856
86 372729 701138
87 -52625 900105
88 -7491 924270
89 115799 965263
90 863600 16549
91 870877 30953
92 29789 972889
93 974801 340060
94 431828 676306
95 36967 924042
96 805711 -675
97 464621 750602
98 988733 322092
99 1016239 206662
100 86871 944169
101 86141 1036996
102 12641 910902
103 802368 81644
104 851185 12737
105 27888 1020639
106 843810 113786
107 451351 738853
108 477326 674376
109 958626 333909
110 1017108 396412
111 932108 375909
112 1049168 327196
113 957105 321438
114 978451 310740
115 440315 710246
116 496888 591224
117 353321 798297
118 940709 352197
119 1006013 315367
120 470313 696473
121 22820 883802
122 -48175 885958
123 952700 351211
124 1035897 313733
125 956144 302552
126 916847 263480
127 901912 362537
128 895205 35109
129 866522 336824
130 849353 -21368
131 434857 644551
132 801801 -71331
133 448956 715552
134 7784 866864
135 873611 31952
136 831459 26375
137 956053 338029
138 396115 720305
139 767701 -11693
140 14186 931460
141 957417 349556
142 836931 -76913
143 1059041 278077
144 901511 81874
145 1005037 366409
146 392473 711973
147 54332 958410
148 44190 881113
149 67655 888366
150 851384 -2843
151 910154 349397
152 55739 892315
153 885851 -69624
154 423813 750893
155 899225 42671
156 928753 324281
157 10529 907789
158 919289 363933
159 35666 1020408
160 479628 741664
161 341444 723491
162 815481 -14406
163 1087163 348459
164 997790 361700
165 849588 68556
166 870138 119335
167 137502 921196
168 923600 59196
169 89174 944321
170 903107 6536
171 839548 18654
172 436240 717222
173 51968 943518
174 392978 608657
175 381931 697257
176 -5611 921056
177 2768 927060
178 397136 724233
179 452058 663104
180 101472 1005869
181 878494 49602
182 99477 915379
183 456144 758299
184 -35696 912794
185 1017489 367631
186 999005 253895
187 41038 853863
188 905949 -24555
189 928358 11974
190 459285 637769
191 854115 -52156
192 891652 13144
193 517690 710035
194 -7719 969009
195 43378 973653
196 1011013 338185
197 480149 687342
198 948486 456359
199 695910 -106492
200 113475 998116
201 1002392 315356
202 938215 313206
203 48201 952489
204 974266 81506
205 478700 647147
206 441839 631383
207 35460 931550
208 383454 699091
209 978089 338792
210 933056 272808
211 899436 47548
212 -32449 950217
213 826844 -101282
214 892605 312351
215 354291 720537
216 866341 27376
217 962575 259437
218 963399 349837
219 985219 433050
220 455203 711660
221 467831 661929
222 992995 389376
223 986292 312415
224 36445 862277
225 447493 719511
226 876109 -30088
227 886838 -119508
228 869098 -97119
229 951943 410111
230 755236 2033
231 160773 899393
232 99539 903851
233 351067 775003
234 951632 -96938
235 461758 732514
236 843049 39430
237 435147 676530
238 765081 -83733
239 806475 -63704
240 84393 978479
241 845550 3894
242 81013 933546
243 482498 708546
244 464933 693568
245 520777 649269
246 817788 -5933
247 377809 640502
248 -37510 931488
249 917313 333858
250 757308 17055
251 -50322 948494
252 104218 958788
253 916123 431286
254 435540 648193
255 26913 905883
256 1054578 286950
257 930974 249044
258 934792 382130
259 -33326 988329
260 830927 -43524
261 -10367 898542
262 1038522 315160
263 1042463 260563
264 458142 724468
265 1034924 320425
266 498823 711528
267 1033549 312463
268 -32486 995685
269 -9992 945903
270 461146 701028
271 370503 713074
272 327684 686571
273 487206 674466
274 846646 64222
275 537020 687160
276 457235 718514
277 450534 624504
278 -27226 987859
279 71829 924690
280 -19719 996625
281 867486 -47240
282 -51700 911560
283 545405 661091
284 56375 972164
285 6899 860221
286 398088 697087
287 879639 318688
288 835800 32687
289 54483 843758
290 859252 85628
291 -12848 932744
292 904592 -80023
293 928395 367907
294 -9222 913997
295 412304 721797
296 879974 20513
297 1021133 198357
298 877602 335075
299 991322 309986
300 844325 53694
301 450879 658054
302 396176 788048
303 961638 333140
304 889983 -5593
305 77120 938957
306 52959 939209
307 1026565 254753
308 397923 661294
309 427508 578986
310 985427 241474
311 750989 -11317
312 112666 930533
313 424390 801210
314 939304 420204
315 375998 710401
316 861592 49806
317 60192 922145
318 920160 -7819
319 64493 990991
320 851307 40652
321 65227 959191
322 949119 360039
323 854846 -2895
324 504406 656235
325 94740 1012887
326 800755 8123
327 86274 911693
328 7940 950853
329 455524 734751
330 956865 260082
331 983687 318985
332 844219 38061
333 974397 357505
334 30474 932929
335 382764 653245
336 15102 1014694
337 939077 297986
338 7114 1012682
339 1030063 359879
340 1068964 411633
341 947064 76818
342 450344 712336
343 505718 717439
344 1037413 279819
345 314683 712875
346 902187 -26981
347 964594 375274
348 444699 728779
349 117864 894661
350 69605 915104
351 880358 7264
352 980236 341008
353 980504 348281
354 -24102 999659
355 43735 957662
356 895590 318437
357 891237 65771
358 438165 723663
359 976548 327122
360 824999 67875
361 932099 302580
362 856679 37421
363 913094 289339
364 961947 285545
365 903083 -39840
366 501329 734465
367 -28978 944163
368 823438 61389
369 -7987 879267
370 947120 343975
371 718322 34836
372 428878 681697
373 983927 317832
374 469160 740511
375 908232 395494
376 829011 4122
377 437145 727380
378 417088 707816
379 917491 453160
380 -28361 945949
381 964499 346903
382 790837 -1262
383 -5979 990581
384 -7567 960682
385 905462 451392
386 844747 -20185
387 470564 834342
388 960556 329512
389 479254 709620
390 998051 425427
391 35979 958321
392 873314 14259
393 862928 26302
394 950709 387765
395 486876 641372
396 78191 924648
397 860122 14623
398 33176 893017
399 972906 353589
400 989956 284680
401 467183 678811
402 1005043 77928
403 467431 706079
404 70602 984696
405 487999 705980
406 130234 1007545
407 904632 7664
408 425693 709902
409 867743 -32491
410 66450 957144
411 117307 953693
412 514875 704937
413 922316 295660
414 822070 -62731
415 900771 376775
416 80172 913166
417 887045 68894
418 1004701 368130
419 835872 -109138
