NAME : portcgen-538-1339705
COMMENT : portcgen N=538, seed=1339705
TYPE : TSP
DIMENSION : 538
EDGE_WEIGHT_TYPE : EUC_2D
NODE_COORD_SECTION
1 332981 217589
2 299903 529007
3 413891 261925
4 402527 234299
5 421514 252712
6 321257 407004
7 395438 221603
8 263423 390987
9 322678 428095
10 415037 934738
11 427326 219803
12 439218 331628
13 357339 353931
14 392042 199314
15 465985 861598
16 369373 855992
17 392668 229123
18 489377 326705
19 414733 296448
20 431972 886718
21 996979 908141
22 310395 450369
23 1004721 995596
24 327492 872114
25 389840 843449
26 344594 275150
27 956140 854027
28 875765 905111
29 879877 872092
30 385238 845658
31 336761 492688
32 405967 241149
33 475783 323146
34 354930 837413
35 384380 994990
36 1010378 925906
37 989280 887330
38 326873 470843
39 345155 250400
40 347709 193209
41 420209 226724
42 434063 302823
43 495858 346494
44 401601 515709
45 388591 228011
46 341761 322155
47 449014 256771
48 928658 794157
49 447544 181676
50 932586 831283
51 311477 445275
52 925902 920207
53 264062 835398
54 327495 456135
55 884537 921325
56 324527 413602
57 487557 284655
58 468537 255563
59 956800 861902
60 433645 289488
61 469493 782516
62 389128 864361
63 349454 856032
64 273719 387077
65 402906 785397
66 387657 914185
67 231756 428848
68 478301 290270
69 328963 458778
70 938828 892691
71 992449 932088
72 362946 235962
73 453976 253977
74 362732 833675
75 472685 289226
76 515141 238080
77 481938 904752
78 444383 902382
79 1001479 748114
80 327283 482228
81 932613 846194
82 327270 866753
83 459946 899648
84 440964 819702
85 407213 820165
86 981523 911686
87 319463 459971
88 483506 291758
89 356106 870905
90 542883 287066
91 401199 166375
92 419980 243928
93 333814 415096
94 482052 308795
95 313607 468693
96 287342 515044
97 365680 458403
98 434725 253473
99 302617 452411
100 411205 864521
101 376395 177511
102 333983 449362
103 310887 433565
104 431637 311324
105 325885 528236
106 396088 952507
107 342869 565805
108 331169 863767
109 369093 265394
110 368102 891796
111 499218 288782
112 448292 241041
113 511092 345054
114 355069 290486
115 394758 259258
116 425354 202833
117 433707 282985
118 392779 876871
119 336513 268068
120 996581 783752
121 1026811 851569
122 348822 241352
123 403643 902562
124 916052 852074
125 473560 313879
126 1007114 720838
127 399207 853609
128 964953 851824
129 1027664 925949
130 399848 903663
131 437132 233456
132 473617 233007
133 414899 316656
134 415891 856485
135 321289 203919
136 325004 400912
137 341356 386070
138 283826 385228
139 281050 431649
140 275260 406477
141 279516 417560
142 400380 832109
143 337971 245417
144 1004911 790567
145 1013271 897455
146 975589 883833
147 428425 250343
148 537321 253523
149 504627 311677
150 338988 457702
151 987457 826128
152 974026 875758
153 391934 200389
154 326179 505354
155 924314 871166
156 420036 280862
157 1013141 811735
158 279453 436115
159 416098 882679
160 935953 804846
161 274940 456139
162 430978 205256
163 427586 291253
164 393523 394064
165 417175 337628
166 428840 822781
167 444492 257684
168 370420 413145
169 422853 338414
170 980479 880480
171 456861 316579
172 344032 446389
173 1023360 907227
174 360644 878093
175 357489 265408
176 457827 308975
177 419241 299489
178 922504 901477
179 383302 318508
180 474358 328905
181 395654 795008
182 464458 183198
183 409141 892839
184 978302 914530
185 1024423 950341
186 382825 851466
187 380821 857616
188 285491 486233
189 948368 928352
190 356008 222996
191 966486 906025
192 448074 247555
193 376934 921836
194 353339 262901
195 371497 306053
196 345983 396880
197 1077226 896310
198 381349 282369
199 334979 226997
200 343460 420764
201 459222 210650
202 943630 917109
203 374278 769226
204 991715 808048
205 984043 848461
206 413143 479061
207 361339 428164
208 357637 826731
209 371612 836130
210 438101 264197
211 970826 925117
212 406655 817039
213 1053217 865054
214 448553 855166
215 461353 232641
216 401724 930465
217 425672 926327
218 411463 848955
219 414034 883700
220 469382 268156
221 404989 896607
222 962596 928085
223 501554 251611
224 350884 885361
225 384909 222452
226 356257 517834
227 398325 823444
228 1046088 800541
229 288639 393458
230 477183 879170
231 307940 427002
232 544880 299156
233 414930 341454
234 1009259 919142
235 396678 296181
236 982130 906850
237 432872 862610
238 880633 888405
239 1024838 883206
240 267375 471200
241 438798 242238
242 363404 225779
243 932511 878269
244 409142 853295
245 472680 217143
246 390002 789480
247 369372 859886
248 490329 285045
249 397042 242644
250 390326 266465
251 1005545 786494
252 992280 898372
253 913000 796227
254 455684 336336
255 544858 307189
256 961100 875069
257 461502 872355
258 342830 416884
259 283618 438043
260 355075 265111
261 409128 261165
262 504691 245127
263 504257 300645
264 441176 195137
265 327940 385954
266 352485 218879
267 433746 217640
268 387794 293502
269 534618 284810
270 308432 485647
271 1037225 820955
272 914233 860159
273 433028 306504
274 1007023 923919
275 322609 495295
276 417773 864500
277 941269 908804
278 346510 526817
279 383372 825123
280 1020838 840904
281 481689 223070
282 478517 301548
283 359716 932317
284 959005 841259
285 482879 120584
286 1027429 895297
287 315184 478643
288 415595 322578
289 996941 906250
290 297545 455204
291 965261 956770
292 1038904 893844
293 453532 319713
294 370489 220099
295 376322 444306
296 443714 250331
297 300631 425390
298 381323 246933
299 463850 169129
300 456722 796153
301 385374 758767
302 450808 246662
303 380036 853634
304 274088 376532
305 1017278 817731
306 1021509 896106
307 394225 741824
308 447942 213635
309 957462 842198
310 323573 403272
311 427558 266505
312 987119 942407
313 401436 440988
314 378383 852097
315 380471 874219
316 389796 882771
317 994626 887866
318 470544 301156
319 409409 367845
320 485670 287204
321 424331 242663
322 463644 231986
323 963817 821499
324 442370 844903
325 973635 883491
326 441153 304610
327 354811 869966
328 353121 889027
329 250086 468806
330 376097 220940
331 446608 317980
332 347927 302309
333 439223 284645
334 457929 279409
335 338454 819889
336 395933 151477
337 423203 329801
338 437884 212284
339 323585 431252
340 490078 219816
341 402800 777176
342 325099 413229
343 415506 226138
344 393832 875471
345 333400 860617
346 445849 883308
347 392095 974102
348 379618 855782
349 470365 297124
350 289491 375187
351 380873 277711
352 380686 188958
353 532825 271238
354 462034 266123
355 402479 194404
356 425321 293454
357 995104 925023
358 423587 921019
359 458056 865884
360 445623 332701
361 502657 265689
362 267959 517873
363 405949 349110
364 918689 904734
365 333890 903690
366 453849 265572
367 370435 386135
368 408284 315339
369 437384 880669
370 1054534 910751
371 367567 505024
372 473937 308908
373 938581 864753
374 461473 248050
375 411872 189334
376 1002244 877482
377 1013623 922000
378 261003 485395
379 483385 292612
380 993182 962966
381 310210 465283
382 443363 313308
383 281752 392385
384 423196 302531
385 461786 261157
386 455617 270068
387 291273 435893
388 381670 827214
389 372684 481965
390 398826 240559
391 1058423 874837
392 445821 256480
393 396994 313909
394 433624 293143
395 440757 151459
396 386056 220398
397 948145 881541
398 489887 240023
399 299681 445282
400 402710 245429
401 394500 215025
402 511282 274328
403 425936 328019
404 493430 221633
405 395102 845070
406 210755 402141
407 427509 411468
408 383883 922700
409 1006889 879151
410 344700 476734
411 412223 798875
412 942727 868167
413 281484 380593
414 409955 927085
415 348454 422214
416 408872 948117
417 390021 295823
418 280000 420259
419 480013 217717
420 465186 869234
421 453518 240341
422 922182 905991
423 460763 267827
424 419369 239976
425 973017 871378
426 391986 254602
427 316150 463696
428 383462 200616
429 341356 529306
430 1006649 852500
431 991507 905117
432 372952 375721
433 392708 288845
434 502618 252392
435 300101 458548
436 280125 432483
437 323239 525681
438 952805 865788
439 488079 853489
440 400680 322733
441 298234 412852
442 360841 859877
443 380039 215876
444 301315 437643
445 429809 262836
446 354458 885744
447 495219 334367
448 439281 215174
449 1029789 920676
450 325651 243935
451 430693 202102
452 343373 210118
453 402233 856432
454 388632 924683
455 1012003 909208
456 889142 868949
457 324087 488964
458 357199 882360
459 994270 935874
460 394634 907450
461 298773 498399
462 467821 281027
463 427581 818080
464 1016452 908829
465 442871 270821
466 978082 984023
467 965393 917482
468 326691 468322
469 428923 259459
470 457495 245810
471 440812 264693
472 410173 826694
473 415219 218017
474 323890 499573
475 294180 472324
476 419627 266129
477 509972 251631
478 388936 843875
479 253565 480399
480 499448 388359
481 460580 160715
482 484633 244396
483 952543 855169
484 376256 914583
485 1003032 842570
486 407964 293621
487 243698 529080
488 1002443 871161
489 942944 887335
490 1006280 819177
491 392395 251460
492 378756 860446
493 414739 299225
494 326684 951861
495 414496 934440
496 342428 921877
497 401900 847060
498 294298 241976
499 477905 251289
500 375012 892725
501 1008275 824746
502 972052 944141
503 493355 354901
504 295579 459820
505 397014 888779
506 460006 831103
507 261081 432941
508 353310 234466
509 383459 305576
510 940046 865456
511 278744 419266
512 402609 879275
513 454539 240341
514 962931 818866
515 451883 827038
516 938202 848191
517 466548 280723
518 454843 244207
519 377796 175835
520 415458 923193
521 305994 384280
522 392297 368448
523 406474 317998
524 458349 270759
525 968561 816441
526 416023 227653
527 492128 324013
528 522373 328789
529 412987 273530
530 446370 771767
531 299295 441936
532 433721 302852
533 393854 141257
534 402178 195114
535 372389 217205
536 937410 882629
537 277779 436778
538 1026523 885637
