NAME : portcgen-435-3479790
COMMENT : portcgen N=435, seed=3479790
TYPE : TSP
DIMENSION : 435
EDGE_WEIGHT_TYPE : EUC_2D
NODE_COORD_SECTION
1 915805 415730
2 1095683 568993
3 888570 432589
4 870337 310947
5 1071241 760246
6 615366 -7991
7 1047006 505008
8 982375 748541
9 860460 414900
10 947057 469129
11 660786 54531
12 1036625 468219
13 880269 375893
14 941268 742186
15 864676 321057
16 831382 353699
17 959595 409446
18 1040736 562837
19 868370 566672
20 931026 726747
21 915417 752844
22 998240 775265
23 1008779 425377
24 947763 782106
25 997932 556585
26 936234 638614
27 927742 363148
28 1008311 380659
29 937332 329528
30 943567 523212
31 954419 692006
32 1050749 810330
33 572381 -64439
34 980187 739296
35 876434 376995
36 890726 407444
37 974020 810857
38 838538 462410
39 950150 393465
40 948532 536077
41 1001176 460983
42 870603 422721
43 639590 -7293
44 633209 -92008
45 995398 673489
46 932618 521048
47 1062220 459096
48 956712 394847
49 633285 -112588
50 656048 -44263
51 893108 533084
52 966286 733232
53 990469 752136
54 957438 571066
55 570655 34001
56 944370 747314
57 914059 381251
58 658542 -7370
59 910893 377192
60 599893 -17308
61 926961 390623
62 942715 467443
63 959372 407089
64 916704 738466
65 1078308 777377
66 991101 497581
67 1037335 854220
68 972355 384922
69 915575 541237
70 997693 758270
71 926869 357939
72 977026 471568
73 875715 387614
74 586538 -70530
75 969887 824248
76 1057481 780721
77 623625 -6568
78 867487 393264
79 660865 -2597
80 946134 459140
81 992964 521298
82 895999 481190
83 972532 415559
84 863017 384715
85 999266 473009
86 929284 797689
87 626719 -3111
88 927619 424237
89 898192 507733
90 1015000 548353
91 941484 696943
92 885625 429143
93 974973 384456
94 897272 454709
95 895763 548559
96 601968 -38716
97 971682 489007
98 649994 355
99 916793 359226
100 603456 95954
101 1003572 510448
102 952505 752972
103 878033 413467
104 715313 47509
105 668372 98511
106 792980 348547
107 633343 -46740
108 889236 494143
109 967809 531294
110 596501 -2209
111 720670 17845
112 968178 349376
113 921962 748601
114 967208 451978
115 938756 719105
116 990652 539672
117 653282 56673
118 1035256 523636
119 562670 -67812
120 623324 -20881
121 896703 498336
122 977116 709251
123 980678 697702
124 968803 566418
125 928238 548867
126 998187 753626
127 636718 93607
128 658660 -72004
129 988954 569330
130 1039984 780099
131 946052 477526
132 1070563 817085
133 995882 758898
134 929669 418219
135 806946 404441
136 970541 394142
137 1019231 775554
138 1045787 558181
139 878073 797328
140 697128 -6327
141 955996 790863
142 960018 707729
143 954904 818770
144 948221 447117
145 934670 547363
146 961255 426379
147 1011767 451436
148 645157 -14644
149 909721 415142
150 586370 10060
151 608879 6777
152 1044170 542466
153 920108 383270
154 998040 615522
155 927063 370374
156 602360 -6940
157 1068822 771449
158 936522 484672
159 985121 720244
160 795127 492111
161 1005416 418847
162 922911 525323
163 934537 422610
164 860832 489170
165 980687 534846
166 998329 454626
167 991753 744398
168 1017037 488345
169 900337 379735
170 923240 463316
171 708606 -73189
172 948710 311265
173 882237 426349
174 747751 60515
175 1015315 816370
176 675489 5747
177 967261 318019
178 917715 366516
179 816493 448009
180 900906 468965
181 616407 -31589
182 1021921 795716
183 957113 793517
184 935222 894452
185 911326 574009
186 875088 410725
187 852165 327127
188 734033 -11529
189 738254 76480
190 994110 492928
191 973120 424724
192 895768 387085
193 910035 753469
194 1051405 744616
195 1024157 729110
196 963829 794268
197 670400 63241
198 988338 728611
199 1018872 722775
200 959410 529243
201 968816 548266
202 868435 359050
203 922629 498129
204 980707 463769
205 766885 31339
206 628949 15797
207 843316 412957
208 916533 692553
209 608881 21984
210 919779 455645
211 696617 55427
212 591399 161840
213 880829 775100
214 631668 55248
215 977101 476857
216 988722 480015
217 906826 354481
218 933658 371723
219 902235 491736
220 963812 504684
221 884169 784763
222 594333 -29947
223 945167 400174
224 969950 378182
225 921729 500798
226 994994 731565
227 916392 438853
228 925410 381298
229 491859 32895
230 948129 513746
231 944363 532558
232 978381 644662
233 953521 735126
234 992413 786786
235 899831 534394
236 912711 361746
237 664901 11639
238 943578 424283
239 1037702 480370
240 585282 51577
241 964352 338443
242 885682 421430
243 631522 -12370
244 1095529 782724
245 746642 41042
246 980675 698906
247 933944 377657
248 902432 389227
249 982966 816914
250 615178 -35842
251 1042728 834718
252 891027 367515
253 609992 12002
254 1012835 790547
255 937734 347246
256 950103 454545
257 1060954 772280
258 910237 334007
259 943600 634141
260 859340 463411
261 825174 504915
262 613418 15340
263 938269 564107
264 845900 328888
265 646748 4692
266 714118 -69998
267 944546 503760
268 1007889 756209
269 999075 706068
270 624892 -48808
271 1051712 735411
272 978260 357934
273 605714 32372
274 576446 58895
275 848169 363625
276 925849 642002
277 1016432 733901
278 955064 780343
279 930800 510020
280 1004136 699112
281 985955 467472
282 908751 510554
283 929065 509614
284 945543 362261
285 617976 41655
286 996664 850290
287 645917 41242
288 1109194 824701
289 599009 27860
290 942051 358030
291 634040 9708
292 909738 484980
293 924519 426156
294 987580 368990
295 975637 790362
296 608978 66669
297 743027 -19945
298 945447 562158
299 921041 382016
300 981375 296934
301 962131 383491
302 656477 29365
303 630642 -41755
304 640229 58353
305 606354 162
306 920579 490154
307 809397 360130
308 908497 467323
309 624013 31535
310 865036 506856
311 861509 369671
312 651723 -51189
313 983368 808774
314 637864 23565
315 919696 476503
316 993454 762926
317 1044875 472752
318 911604 528587
319 652071 10126
320 907175 418993
321 936446 470289
322 605626 71845
323 624357 9600
324 901917 521909
325 645671 91625
326 663878 -20743
327 670884 101031
328 643447 -42997
329 597905 7291
330 907714 517630
331 1076339 703402
332 642453 43586
333 894260 467369
334 928138 440224
335 608153 27608
336 977341 780839
337 978935 418538
338 967670 778357
339 922063 355979
340 949721 715982
341 963700 476767
342 963668 482918
343 530916 51242
344 872550 412786
345 719185 -10288
346 1069106 347727
347 929426 729663
348 819338 436117
349 1023751 745117
350 919024 485058
351 852943 413866
352 959170 756527
353 913475 492474
354 960833 287556
355 950808 558885
356 934920 742226
357 976460 571030
358 894782 554368
359 944670 687565
360 917136 519258
361 982486 365469
362 1031401 760287
363 990295 388470
364 935227 446310
365 686049 75268
366 958526 828210
367 680152 11891
368 753857 -55039
369 669439 81093
370 591506 -8829
371 621702 13859
372 1046397 443168
373 999102 750677
374 951400 476307
375 943924 499817
376 1040819 695268
377 968366 738467
378 970460 509946
379 948100 488348
380 967147 794262
381 992105 434295
382 887490 408134
383 947194 785237
384 904983 357312
385 856477 357201
386 677374 -51398
387 710430 -33551
388 927285 379605
389 579468 -8273
390 637198 52084
391 906664 383009
392 978978 431437
393 711915 4662
394 716884 -20100
395 859131 318868
396 976378 531102
397 1014622 492928
398 928624 482226
399 959144 438867
400 943769 400249
401 670800 2433
402 638231 -18419
403 889889 414863
404 978903 431308
405 1033341 723815
406 1000066 786131
407 943452 540847
408 896702 489807
409 950874 375605
410 531303 -38750
411 1022509 794030
412 630155 -9915
413 656362 -38111
414 968610 472489
415 981538 511733
416 920757 453369
417 908706 361357
418 663084 5405
419 902954 331981
420 1006637 721362
421 847445 340472
422 870613 522754
423 989905 548348
424 969572 707366
425 1086968 866888
426 616144 31222
427 937750 521807
428 674594 48718
429 889339 476722
430 882926 344203
431 922489 374896
432 896214 525383
433 627972 -30483
434 1004496 755616
435 884080 495890
