NAME : portcgen-433-3749763
COMMENT : portcgen N=433, seed=3749763
TYPE : TSP
DIMENSION : 433
EDGE_WEIGHT_TYPE : EUC_2D
NODE_COORD_SECTION
1 233264 823916
2 453091 622832
3 855061 471126
4 179484 815369
5 884580 560430
6 967172 471347
7 345522 604175
8 333024 726980
9 151003 758304
10 178957 747393
11 447021 724796
12 81715 793615
13 936401 396526
14 261687 771093
15 340566 713974
16 475748 583225
17 181144 815323
18 831298 516661
19 782731 488756
20 500076 639648
21 267929 674851
22 827669 534563
23 886077 493630
24 317104 722838
25 259411 849153
26 848119 508452
27 244255 736710
28 484063 599898
29 770710 507347
30 161382 940661
31 405795 715958
32 256922 785042
33 414289 717055
34 195831 744014
35 155426 823035
36 226716 820264
37 503005 666756
38 837225 524540
39 204844 831141
40 434416 657474
41 851146 526296
42 147492 761399
43 232486 756249
44 371234 575180
45 887325 466026
46 416394 696115
47 442172 606833
48 343261 769654
49 894353 465555
50 184196 831453
51 459934 713413
52 331426 679284
53 471068 779016
54 868551 454230
55 172175 847942
56 247554 766595
57 332622 731039
58 897822 478608
59 858704 445516
60 884029 425904
61 291038 712117
62 915310 496037
63 828374 533125
64 220305 838913
65 321067 831625
66 440609 561692
67 955151 481408
68 253675 757828
69 311484 775923
70 480018 650870
71 310974 629648
72 795243 617171
73 448205 632881
74 327589 584797
75 285327 709036
76 209202 802603
77 448869 650232
78 933435 505257
79 172322 897136
80 206087 896035
81 323560 812333
82 280737 689068
83 295445 742872
84 273493 771509
85 245860 799714
86 305995 853763
87 227861 842844
88 170679 777365
89 862290 597703
90 319603 785617
91 884956 514058
92 324495 718775
93 929318 565217
94 309456 833212
95 203836 741496
96 162410 743042
97 185681 686210
98 382615 555181
99 209738 748321
100 342558 758204
101 400797 585070
102 176825 850266
103 340695 642682
104 325379 762334
105 449167 692267
106 984022 529176
107 907247 407038
108 932484 453792
109 206343 835371
110 875256 386049
111 344154 597193
112 858318 487082
113 161067 814425
114 256667 809330
115 821754 534403
116 451464 756766
117 914016 571468
118 851287 544406
119 871368 498161
120 251431 740405
121 229568 849766
122 317267 749503
123 150530 731244
124 422988 653341
125 164932 806135
126 358953 808976
127 393399 576322
128 488958 639973
129 808446 476156
130 905104 501140
131 900657 497034
132 293208 816547
133 153176 826115
134 172619 823920
135 844586 511793
136 918978 458030
137 239595 774468
138 445898 667687
139 427636 651583
140 234059 777499
141 194652 765792
142 489251 623591
143 135667 739547
144 152580 852451
145 299925 703009
146 342870 751941
147 309726 618074
148 170163 824422
149 293069 715907
150 849933 352178
151 226902 851039
152 242340 727204
153 873992 542704
154 790137 487514
155 324720 811012
156 360550 726457
157 233343 783208
158 951811 404027
159 238414 721922
160 370523 605118
161 249388 910344
162 911287 528705
163 382216 635196
164 236453 854075
165 412621 678992
166 268233 817005
167 495696 728817
168 508479 620502
169 305279 661128
170 274747 750566
171 210144 853470
172 521174 666430
173 179582 862970
174 985977 452918
175 328528 742687
176 246722 879304
177 831574 578793
178 449969 599821
179 156779 771956
180 920918 427321
181 862435 418795
182 193316 824664
183 328263 664452
184 268238 839731
185 191703 864334
186 404913 749840
187 209777 705951
188 868801 442646
189 435893 706548
190 144897 756310
191 230431 769399
192 918721 416489
193 928264 462763
194 420914 676289
195 867907 515172
196 940885 522921
197 267144 648917
198 341753 845634
199 434176 732917
200 295272 760374
201 875100 448965
202 232299 810088
203 226878 833743
204 272720 846815
205 843787 462705
206 327399 700019
207 791485 489561
208 417301 637000
209 861360 464406
210 941390 450941
211 211460 848865
212 448443 703933
213 352743 831342
214 862098 509449
215 235701 793004
216 397832 673447
217 315747 717112
218 324846 648210
219 394856 659374
220 287934 749218
221 323804 750876
222 463618 668659
223 317861 810119
224 373533 740087
225 366294 575314
226 285363 807602
227 375306 798414
228 329207 639575
229 436288 652422
230 915975 523864
231 256877 755212
232 174182 909320
233 272547 652215
234 327277 754205
235 238077 863795
236 935166 549675
237 900081 440846
238 488736 647118
239 312514 757630
240 252012 778576
241 343917 650031
242 467859 663551
243 481764 660261
244 935189 512890
245 337596 651892
246 931565 426577
247 825383 569387
248 894924 467575
249 344315 793749
250 203539 818423
251 263079 784120
252 250737 739414
253 208389 827455
254 808785 460298
255 885267 446130
256 263261 755987
257 253591 679167
258 210186 791631
259 435258 650875
260 405867 588402
261 374072 659208
262 291273 698446
263 464496 681867
264 232290 719097
265 177325 792807
266 461005 720849
267 316818 701202
268 317967 781769
269 886625 525041
270 172191 813773
271 885604 471394
272 174261 796292
273 813617 467971
274 450818 634722
275 453887 696218
276 355132 677846
277 851963 503412
278 245450 737031
279 163270 783991
280 243461 733482
281 201545 810117
282 286637 782326
283 292508 767937
284 155049 789237
285 506726 601636
286 217695 736409
287 910911 548818
288 319632 740035
289 420378 647433
290 169833 897493
291 204848 821803
292 902610 525700
293 260487 823352
294 837884 403176
295 441755 668741
296 210966 903932
297 342918 651423
298 282612 822974
299 969045 508561
300 317509 640719
301 253072 794537
302 304723 775584
303 292336 779547
304 452607 693690
305 290581 746035
306 184521 832572
307 177122 759812
308 907460 406242
309 903874 458063
310 894213 404864
311 414932 627726
312 348029 611988
313 274422 743430
314 269090 799080
315 934277 443235
316 240538 897011
317 336749 790499
318 203925 794821
319 260963 713264
320 884911 377624
321 950568 560888
322 94206 748663
323 425500 601677
324 852794 506031
325 210065 799534
326 287632 741113
327 910367 482093
328 946319 389523
329 973964 441137
330 436658 674693
331 379003 675016
332 186373 829707
333 949816 442986
334 320625 784291
335 394295 696837
336 251562 766351
337 228994 811081
338 464800 698152
339 813736 516042
340 284062 764091
341 351871 840410
342 258575 711738
343 439374 584677
344 326979 814490
345 936622 524594
346 266148 766920
347 390393 594546
348 930826 461114
349 826478 527280
350 396289 665444
351 340068 584548
352 283069 865267
353 238450 872759
354 862349 492465
355 429245 635913
356 194186 877906
357 377961 604356
358 930274 480812
359 893881 545425
360 477275 651169
361 346420 808292
362 285969 772207
363 361537 770625
364 265461 824001
365 493291 619728
366 497614 720875
367 490769 568781
368 247374 819446
369 194415 697482
370 852407 444305
371 370617 624689
372 932351 492323
373 445762 701866
374 440213 636888
375 948315 507731
376 192805 818255
377 313246 684490
378 294513 687260
379 314222 811236
380 890856 452661
381 379628 626216
382 867130 491708
383 949724 502095
384 120211 763360
385 369762 688140
386 339817 605482
387 951455 458533
388 248734 742289
389 460327 624367
390 153552 766964
391 317840 722212
392 83741 758602
393 299644 703169
394 346367 761427
395 439094 598081
396 228757 824368
397 881105 544600
398 804443 512153
399 105768 794508
400 330651 790315
401 331520 755764
402 198855 792120
403 382468 812029
404 367792 621337
405 392769 647707
406 240654 817353
407 410423 575968
408 449683 637644
409 317258 809894
410 271780 753241
411 902997 572282
412 437907 667931
413 345931 855738
414 365685 608161
415 493856 675009
416 431447 653985
417 201728 809530
418 780487 492057
419 379739 683495
420 224060 799513
421 406847 663669
422 924571 501545
423 522708 676438
424 296579 781553
425 883252 426621
426 954493 448301
427 361494 776092
428 962321 548084
429 206207 870653
430 447921 647393
431 196706 853410
432 309973 708143
433 820600 442734
