NAME : portcgen-493-861102
COMMENT : portcgen N=493, seed=861102
TYPE : TSP
DIMENSION : 493
EDGE_WEIGHT_TYPE : EUC_2D
NODE_COORD_SECTION
1 956772 554589
2 606597 812021
3 997316 581320
4 975756 497669
5 961887 511308
6 113119 60156
7 770152 193349
8 1005101 557714
9 627161 829248
10 801678 251741
11 746834 181417
12 136894 89973
13 667963 285803
14 816990 288995
15 201132 81750
16 729489 266740
17 679255 177662
18 1043672 551567
19 959299 548749
20 940458 570840
21 980837 603703
22 590794 784702
23 966027 483026
24 914886 657837
25 92278 82311
26 723745 248712
27 20498 128240
28 689799 286475
29 900553 541304
30 83317 -16666
31 59522 -6677
32 980412 543908
33 712708 149725
34 157217 142321
35 75843 95165
36 87722 87626
37 209441 138272
38 528805 840490
39 1009818 488980
40 565311 784562
41 619216 761681
42 702454 831713
43 640929 707550
44 607793 807213
45 1024538 518402
46 697486 286080
47 719634 178128
48 878648 606999
49 32732 51370
50 46642 79093
51 642742 822755
52 199559 134737
53 1031847 521535
54 947623 587144
55 575430 728584
56 694933 308542
57 66211 111147
58 678882 829855
59 1080539 599441
60 796561 238027
61 996637 556463
62 560372 769537
63 577194 810596
64 918465 567024
65 681254 236677
66 701991 251564
67 730711 217907
68 141611 92697
69 579295 809252
70 614367 754742
71 668330 734406
72 164181 75624
73 616667 719592
74 619990 767697
75 618655 759705
76 730784 225876
77 958817 644963
78 13976 149684
79 601325 724282
80 647910 327278
81 635806 778930
82 933890 537926
83 1037430 544626
84 600498 745669
85 67005 157624
86 741215 206349
87 97731 152057
88 708440 259393
89 1010620 577649
90 960687 573843
91 971173 537674
92 103890 7227
93 992405 517778
94 1005197 634361
95 568596 726361
96 55133 118847
97 693290 236163
98 687233 835229
99 572483 798950
100 662027 696169
101 121496 15099
102 15926 97657
103 621817 698980
104 574840 774681
105 612776 759077
106 1030171 562810
107 632675 806393
108 983096 490711
109 162381 63377
110 98150 165373
111 632457 269119
112 751120 281309
113 962781 572109
114 998681 551393
115 924147 563911
116 575871 774526
117 87961 208707
118 209275 19485
119 729196 286336
120 738445 306869
121 1003451 512565
122 618885 743781
123 940517 589238
124 723809 266541
125 181007 23804
126 160057 116068
127 663356 316753
128 951576 591403
129 221418 168188
130 996796 611017
131 573277 769950
132 816551 231087
133 635630 806541
134 120374 97554
135 687472 753612
136 569814 801452
137 634077 283876
138 990128 484366
139 904569 491458
140 88398 46586
141 1023534 496943
142 1018401 611208
143 581083 775879
144 177369 83500
145 679494 250775
146 687360 681037
147 690474 316466
148 664162 273736
149 727463 347439
150 548519 732154
151 581564 794710
152 658408 249681
153 696486 339118
154 154192 111602
155 985451 525276
156 989779 523744
157 658818 760773
158 1005304 534697
159 995647 436284
160 987955 532348
161 903109 564734
162 719846 255169
163 697292 300274
164 118964 195871
165 550567 754849
166 634229 822956
167 78283 -31991
168 945341 565049
169 1019941 603423
170 744377 220481
171 750950 268757
172 1037055 588948
173 727966 218988
174 774252 231668
175 618023 764041
176 707623 269143
177 644791 760621
178 674533 759696
179 959175 576839
180 564607 771030
181 925161 595613
182 639398 895897
183 67380 161517
184 973483 598625
185 918195 510648
186 891969 582043
187 972300 540533
188 551775 756672
189 1008665 441083
190 619544 775757
191 656891 700874
192 719032 234576
193 672369 669889
194 102400 135548
195 741340 368956
196 688899 252659
197 105678 93563
198 963503 592611
199 122152 123040
200 934151 575969
201 952368 579033
202 590994 789690
203 111929 136478
204 944322 531090
205 85735 147737
206 1006790 529161
207 1026098 563610
208 616521 777379
209 137351 91898
210 1029352 663163
211 754310 260273
212 736200 238289
213 565184 825747
214 961880 588323
215 540028 775714
216 944266 506431
217 930606 563204
218 99797 26624
219 667323 767577
220 116708 144188
221 647926 777958
222 98348 7158
223 126036 127959
224 576417 786950
225 977149 508786
226 43345 43872
227 1017695 569527
228 1000212 597409
229 678739 256918
230 675645 224417
231 899189 534080
232 582383 750900
233 772875 193261
234 959914 599197
235 56615 18536
236 623675 778909
237 602367 712275
238 545272 848188
239 132527 82766
240 99471 121342
241 719659 296873
242 660605 750745
243 733706 295822
244 541068 698918
245 909078 584739
246 953977 611617
247 957549 523571
248 922762 501744
249 569928 763181
250 182230 96441
251 972410 494585
252 922212 558704
253 663704 782225
254 160965 56158
255 669646 251688
256 963570 525054
257 972538 682885
258 661920 220504
259 935238 497351
260 643520 818279
261 714233 230165
262 648490 749447
263 627357 764195
264 784858 180669
265 162891 124067
266 914375 515191
267 634484 724357
268 597630 694175
269 622720 832012
270 718920 288583
271 149445 129084
272 732377 178733
273 78492 127371
274 666451 245883
275 719172 274824
276 125684 35013
277 964676 509619
278 113847 90858
279 942644 529895
280 730979 266799
281 160998 75712
282 694778 290807
283 644294 814114
284 1018047 521560
285 924055 565347
286 187952 124989
287 692621 230242
288 914799 530924
289 906103 518547
290 560505 692548
291 782104 249372
292 1004666 622364
293 110666 167120
294 698699 747156
295 951018 541959
296 589202 834515
297 737463 253461
298 760160 298762
299 879765 610757
300 648208 254596
301 812307 331652
302 726393 325825
303 597908 778890
304 707936 254015
305 678603 274233
306 121798 64955
307 515823 735254
308 585990 738552
309 751914 264710
310 95641 190422
311 168794 102691
312 684149 274392
313 651802 213626
314 930842 506023
315 922251 483447
316 733932 248048
317 1020014 635176
318 887454 583707
319 665507 757050
320 563903 751553
321 144270 153959
322 759877 233140
323 958639 583612
324 740758 230913
325 1005438 604048
326 142875 197902
327 689984 764616
328 657777 735028
329 568283 763130
330 981145 501245
331 587853 869158
332 1004362 520013
333 690101 804780
334 656340 274639
335 895030 599963
336 909800 582690
337 777754 290693
338 128222 135175
339 1001531 539364
340 617364 748601
341 698051 251393
342 576883 752829
343 677577 248964
344 137880 147401
345 618867 718905
346 154788 66739
347 130182 45167
348 650748 755461
349 105625 76857
350 121587 87507
351 729428 230494
352 699532 274610
353 960268 574917
354 615912 756632
355 117139 101492
356 510648 905371
357 138034 27201
358 747975 258840
359 113253 104074
360 631524 752858
361 960206 452288
362 930568 565351
363 1004474 473210
364 944495 551948
365 713205 210229
366 981381 612306
367 726121 267935
368 577263 769198
369 601705 797526
370 920111 538686
371 838079 482478
372 61190 98571
373 596916 700019
374 620204 788583
375 884084 485799
376 719499 255681
377 88868 99259
378 668855 268578
379 165372 120639
380 912964 586507
381 141225 119445
382 730857 287122
383 938376 528233
384 152671 98213
385 940442 644964
386 578909 770832
387 669175 678433
388 163105 71273
389 988622 599538
390 546029 761379
391 207973 204848
392 577309 702036
393 617962 805029
394 75963 59522
395 701249 323755
396 766923 178712
397 995252 614573
398 530030 691725
399 476888 801334
400 712185 260622
401 157199 82124
402 115000 110811
403 930449 603703
404 131938 82513
405 113059 79922
406 765202 292697
407 912887 551352
408 950823 602001
409 714003 282017
410 751923 193200
411 130023 953
412 1046911 650107
413 73676 72580
414 996873 546459
415 1057042 571878
416 696698 226109
417 183744 102444
418 630232 858777
419 738464 316032
420 1018571 564488
421 85323 1919
422 139573 110237
423 1008415 634624
424 742118 309256
425 980579 579241
426 123603 151475
427 139794 143362
428 151026 145221
429 620303 808658
430 951198 506006
431 935261 535795
432 178578 41943
433 896214 497585
434 636587 251195
435 114302 41735
436 733124 312643
437 977814 573919
438 128763 196984
439 176080 129650
440 912323 559976
441 922027 566506
442 971579 428290
443 930221 559113
444 901213 638231
445 666931 263097
446 170852 108702
447 139757 104751
448 880032 514496
449 1045185 490362
450 621201 757383
451 81201 22897
452 119853 89936
453 727550 268290
454 1010596 564892
455 42410 30044
456 912861 544249
457 618407 270531
458 565855 742268
459 100542 95610
460 963077 584898
461 148974 138056
462 137789 111458
463 732189 182458
464 119523 127117
465 1018188 589386
466 584014 798253
467 200424 86873
468 123034 141843
469 974808 569426
470 949167 549607
471 752942 319242
472 617067 764663
473 47497 162139
474 627186 717660
475 995105 558283
476 649806 766083
477 746155 311452
478 90565 138566
479 104702 118996
480 562736 874989
481 114938 38661
482 603468 698459
483 121746 87077
484 597626 730140
485 618423 779928
486 145237 54077
487 759527 326953
488 703323 711027
489 676726 251525
490 114745 172617
491 772811 238007
492 142316 82274
493 650369 727172
