NAME : portcgen-444-4306957
COMMENT : portcgen N=444, seed=4306957
TYPE : TSP
DIMENSION : 444
EDGE_WEIGHT_TYPE : EUC_2D
NODE_COORD_SECTION
1 103186 707160
2 299453 678931
3 8833 243719
4 62278 500018
5 74907 747046
6 -4002 548265
7 160235 757659
8 139478 756390
9 -7341 508236
10 -70408 483587
11 137223 641712
12 14759 617297
13 104383 255572
14 108513 707804
15 115056 692457
16 394001 808031
17 67989 302438
18 99245 488735
19 320770 844819
20 323537 709651
21 44019 691884
22 410131 816398
23 49257 739366
24 95287 530669
25 83538 667408
26 142931 773692
27 440004 830739
28 311987 765484
29 327329 832820
30 -3490 558923
31 393846 769454
32 100973 378646
33 46779 449647
34 18609 469457
35 254653 782364
36 120064 676392
37 135974 774093
38 332014 807605
39 13812 539903
40 86472 330778
41 377498 747478
42 54157 465385
43 315163 745879
44 23184 511191
45 40238 352591
46 2340 509993
47 125557 616813
48 119140 746435
49 343982 783393
50 73063 233350
51 23844 307564
52 360743 789077
53 31818 247755
54 190806 698002
55 186599 321996
56 -6707 502412
57 114061 217870
58 151340 662632
59 23232 279996
60 50397 320955
61 369475 781130
62 255484 594958
63 34837 444229
64 47088 583617
65 334455 865575
66 386204 834030
67 148969 680200
68 -6115 534065
69 97216 438066
70 30157 574340
71 324947 821932
72 103421 250588
73 280039 846957
74 86682 572813
75 96913 584402
76 98432 340079
77 275935 695837
78 388700 872949
79 123038 678325
80 282375 816974
81 80147 290308
82 192655 676287
83 -28722 527722
84 97594 223596
85 -902 601999
86 104825 665420
87 286079 832762
88 324062 807641
89 16841 506449
90 76531 661843
91 92022 366903
92 22744 271024
93 58926 473609
94 278590 773840
95 63374 309863
96 54640 347703
97 155015 737041
98 98004 244720
99 349169 778044
100 266519 757893
101 13462 228961
102 43619 682153
103 131233 282683
104 380984 827441
105 86188 532534
106 70494 203250
107 75310 687581
108 317449 802425
109 83979 326694
110 40041 420599
111 32945 646394
112 328720 804139
113 39067 274480
114 50854 300849
115 41163 159777
116 310408 789389
117 13599 536854
118 183288 755637
119 132318 308535
120 2184 321528
121 158873 668850
122 15613 475535
123 206656 653200
124 126173 662551
125 360578 764043
126 386276 853551
127 384172 775936
128 115934 654304
129 86603 743077
130 326876 820581
131 105265 268994
132 331747 776934
133 55813 315891
134 55956 623979
135 404795 775870
136 12175 384336
137 59261 216603
138 103724 316523
139 81956 276174
140 359671 821883
141 285462 836268
142 295433 774172
143 -7231 504159
144 209107 600416
145 403310 718663
146 149943 671985
147 35991 290467
148 8667 313701
149 334103 789903
150 39297 305019
151 387899 772514
152 97813 226329
153 -10033 587289
154 38785 228272
155 337088 793798
156 190424 233712
157 342972 749855
158 62643 515109
159 -25919 585607
160 122923 728182
161 376885 807058
162 151933 697031
163 395181 800549
164 26628 623972
165 320580 720447
166 34770 577210
167 123682 647665
168 57847 578039
169 116600 289226
170 47838 590273
171 46644 537895
172 71520 248117
173 122410 597588
174 356177 838201
175 68678 549238
176 85490 545268
177 180129 681103
178 60292 637855
179 103056 741830
180 71682 358362
181 -593 513328
182 -36410 540307
183 33266 584248
184 70190 270651
185 127285 699422
186 138231 603741
187 -41471 546676
188 372187 859186
189 85596 678308
190 336918 786990
191 32981 541918
192 67096 524632
193 -49525 324881
194 335910 786572
195 334918 882408
196 -71309 454532
197 111200 706527
198 127466 762367
199 161666 723513
200 20661 253484
201 327393 783215
202 76408 275157
203 337867 833953
204 289773 769234
205 63217 278484
206 315571 768400
207 240047 744197
208 -72947 515575
209 38076 208550
210 182547 607646
211 377835 754292
212 110982 586353
213 36281 504932
214 353191 861183
215 -37967 555510
216 117095 600941
217 58628 289284
218 37443 496507
219 61832 327002
220 100689 545047
221 160599 657976
222 317907 757870
223 122107 280512
224 67998 494512
225 119396 746630
226 43477 500950
227 15025 271098
228 167414 641901
229 383334 804199
230 162171 713755
231 107499 739652
232 396583 833918
233 -31374 494491
234 70561 720411
235 330653 797999
236 348914 813766
237 116032 602584
238 180555 703903
239 139303 693541
240 39248 537527
241 82935 237625
242 97960 312907
243 286624 757141
244 297692 824951
245 388670 815593
246 130690 678330
247 -19668 574852
248 23480 603861
249 224234 723593
250 542 484631
251 364574 835064
252 343627 805765
253 311618 807114
254 107577 549701
255 85277 624383
256 94219 659125
257 322089 826357
258 357933 841658
259 114895 229109
260 121250 638057
261 65367 323111
262 64531 575845
263 122141 632807
264 159814 677192
265 67298 414559
266 484367 767069
267 291196 832838
268 80485 368113
269 47188 351170
270 320134 852652
271 128748 756615
272 -12861 503754
273 355893 836012
274 -34493 587720
275 228348 786512
276 13268 500431
277 152386 693138
278 106684 255179
279 128571 703440
280 86095 725931
281 23002 563355
282 143821 701136
283 362485 770065
284 105461 682653
285 252685 839352
286 414288 739641
287 54634 466321
288 363636 720659
289 320478 763677
290 131162 655621
291 413334 802101
292 124764 701753
293 102020 583281
294 111592 654390
295 36997 333872
296 62554 511995
297 285668 824476
298 88726 701500
299 383326 780703
300 128064 712217
301 148968 647860
302 12706 583157
303 19163 480185
304 176006 613687
305 -2842 538986
306 376850 776173
307 21973 575220
308 -87639 567673
309 47516 314443
310 142256 681464
311 73957 388399
312 2434 570246
313 92576 495662
314 306531 883999
315 146174 733762
316 72284 335686
317 265040 752303
318 94544 658709
319 373636 806356
320 -42150 343642
321 40542 669801
322 91346 694612
323 389203 777009
324 55847 492382
325 338845 827914
326 136927 674628
327 331856 791735
328 173314 740038
329 327986 819754
330 32276 494649
331 285226 778993
332 90209 286487
333 52368 254165
334 385932 842663
335 132963 242329
336 83881 283051
337 283963 809084
338 104041 676156
339 361033 797627
340 90281 239310
341 -8448 250056
342 79439 322671
343 317864 772356
344 232335 673197
345 340814 781099
346 413653 860797
347 54393 344451
348 67798 683897
349 84419 659797
350 15413 506337
351 138661 677768
352 318117 820984
353 352270 763257
354 366606 792093
355 41848 596148
356 103942 725149
357 134202 745598
358 166988 354557
359 102992 600696
360 43892 546842
361 54376 489951
362 327921 878909
363 315366 805038
364 160916 725437
365 30285 406981
366 136025 670337
367 85134 284407
368 270817 726975
369 171811 733396
370 331077 787833
371 67868 694868
372 62687 562146
373 161247 624177
374 27515 491439
375 422247 772290
376 89171 293599
377 268247 833591
378 315137 817699
379 377921 800261
380 -50933 543966
381 114620 322730
382 54962 298367
383 15467 248772
384 115214 645162
385 167027 687318
386 58288 485858
387 106743 605546
388 27084 553474
389 66204 309667
390 45388 511336
391 41347 255346
392 57706 539358
393 39199 734883
394 191 395621
395 70867 183828
396 39371 552307
397 435585 850981
398 157076 679846
399 404553 829044
400 72575 742958
401 84031 589134
402 87560 366251
403 391177 808005
404 337549 864967
405 37959 543365
406 67461 268466
407 73126 660049
408 66052 555015
409 96886 248858
410 329984 806279
411 225177 673439
412 38452 309883
413 137383 739596
414 276496 757181
415 -82250 497270
416 232045 699990
417 43771 540649
418 218825 735238
419 70073 585835
420 371403 863248
421 53501 246862
422 177141 250825
423 61830 651198
424 394 288477
425 347018 763905
426 397332 808064
427 344408 781658
428 466219 749550
429 100968 658380
430 153840 674062
431 46478 227427
432 17910 480656
433 77590 689326
434 2817 515720
435 -38205 393847
436 4795 539107
437 -11810 174632
438 367566 771471
439 -1326 577836
440 4163 499622
441 371491 747633
442 17124 471681
443 56396 292383
444 32758 318076
