NAME : portcgen-449-3247129
COMMENT : portcgen N=449, seed=3247129
TYPE : TSP
DIMENSION : 449
EDGE_WEIGHT_TYPE : EUC_2D
NODE_COORD_SECTION
1 600020 164144
2 599457 173880
3 255011 33073
4 -8140 24042
5 273372 59745
6 191539 53778
7 824998 252758
8 206796 134101
9 840053 149673
10 11729 37772
11 865367 115024
12 859798 132446
13 522553 200273
14 26047 148629
15 567401 206115
16 239014 59453
17 876318 228936
18 818519 127445
19 568052 122587
20 639273 236965
21 52035 28451
22 803983 123634
23 873268 175408
24 107159 23695
25 261718 98769
26 40701 8267
27 277286 128507
28 -9503 46452
29 -10242 122588
30 288719 44919
31 801088 286320
32 -851 73392
33 357934 77497
34 44691 105911
35 891977 104908
36 251453 68621
37 2634 -37193
38 913844 168102
39 807380 140528
40 758116 120646
41 598307 168711
42 527209 135744
43 561377 112811
44 251460 134365
45 -31155 101216
46 75615 74404
47 19602 13003
48 563638 217344
49 80943 -52858
50 266798 92223
51 500335 202995
52 801640 195283
53 562288 199921
54 575067 202588
55 794659 150082
56 264764 49693
57 39396 57791
58 828737 86654
59 846124 128754
60 489252 243018
61 275436 80218
62 -13789 -11963
63 851391 44587
64 623722 90692
65 766880 94442
66 840533 167060
67 -18798 81346
68 218765 -15497
69 620118 235556
70 2062 10717
71 878806 179520
72 39241 -27782
73 590925 94473
74 9561 43148
75 623443 146333
76 183444 90808
77 826990 161888
78 196237 117662
79 78537 107422
80 -4037 29081
81 858803 197839
82 798451 188520
83 263452 116295
84 325696 -3688
85 233081 -58238
86 13786 113239
87 323940 -33228
88 305679 4270
89 33491 61032
90 273800 -6558
91 222228 63473
92 77694 70051
93 675080 169459
94 842897 124272
95 91209 98808
96 230738 74015
97 231995 107150
98 755879 116991
99 605720 248655
100 250055 17976
101 31217 117878
102 349805 32683
103 847528 210189
104 295046 -1234
105 627688 167797
106 841082 176510
107 39955 42297
108 825131 95825
109 201266 17504
110 198734 61108
111 265338 87009
112 240878 -37686
113 42365 72484
114 28837 63500
115 303160 87105
116 263128 142018
117 89689 19017
118 64090 93352
119 37734 -60641
120 81258 27561
121 33060 89597
122 246953 4845
123 -60514 48714
124 241712 85571
125 859854 202279
126 695021 159671
127 289725 -21089
128 270146 75567
129 537413 104007
130 791994 187262
131 113840 -42207
132 -17495 27903
133 862738 188942
134 267163 -8668
135 282049 26485
136 107942 72017
137 31258 58745
138 68724 109702
139 242509 45753
140 640120 147620
141 231240 50449
142 898151 152932
143 729179 110098
144 518173 133328
145 39274 90424
146 632758 182816
147 864758 191878
148 562113 237915
149 791075 49045
150 778437 170474
151 597141 124860
152 269676 40316
153 314247 74283
154 222554 17703
155 18605 93810
156 569911 140736
157 501325 235034
158 901109 170165
159 793150 142883
160 296649 98418
161 279751 4072
162 580016 234993
163 558050 201703
164 5129 38160
165 531061 211256
166 321460 90566
167 867253 115094
168 801268 117742
169 820740 144890
170 303413 -30938
171 609027 165708
172 207940 56999
173 804900 212348
174 257504 60527
175 515709 172946
176 -43692 34212
177 743239 191962
178 279273 32715
179 187179 -8599
180 570875 148924
181 886305 150265
182 514781 204317
183 891869 101905
184 553029 168229
185 644097 153399
186 42515 10243
187 200526 10393
188 2795 17030
189 536688 206244
190 26137 11054
191 243487 -8455
192 21343 27871
193 221173 -10165
194 98771 44627
195 261979 9417
196 224495 69335
197 522409 275101
198 870122 240877
199 779403 152858
200 617314 208936
201 276667 98713
202 509700 134055
203 885992 160512
204 889243 190714
205 877094 159656
206 879013 105392
207 511182 302790
208 553176 119514
209 -10184 8207
210 29116 23348
211 876541 184160
212 276276 95973
213 597784 93097
214 12712 -39830
215 824364 131298
216 37930 28938
217 253198 150287
218 796893 144038
219 251285 78012
220 159499 -2721
221 97638 102835
222 227683 23482
223 845308 188163
224 342066 123504
225 306552 24424
226 -18530 29738
227 483518 251634
228 200390 11417
229 319057 43529
230 107367 104950
231 877117 133316
232 76732 3470
233 -11470 81881
234 269833 -49020
235 208128 48690
236 162128 -66456
237 201010 25447
238 614760 236825
239 225197 81406
240 22465 27780
241 547552 191133
242 779668 200085
243 539013 212774
244 628634 252446
245 48539 53497
246 216906 41297
247 863816 80722
248 136266 39368
249 781362 183733
250 309923 -15557
251 220664 -44099
252 177599 -7521
253 600724 148132
254 333268 24156
255 523206 207710
256 606888 129109
257 238448 33506
258 494068 88862
259 882085 131151
260 872370 144191
261 67619 69615
262 229205 -12380
263 76988 -2263
264 -35961 -71710
265 218569 -84035
266 520819 198524
267 620585 235769
268 324139 66608
269 -38388 45509
270 193295 40341
271 852213 152583
272 259096 107956
273 292526 42082
274 230845 26842
275 795391 168476
276 610462 105231
277 779775 180101
278 816535 143539
279 31822 70258
280 587620 177892
281 874441 172475
282 235274 -14091
283 13986 148861
284 248935 84326
285 871085 134249
286 49403 45504
287 562534 182976
288 812829 163208
289 18228 -22420
290 831632 200326
291 853760 176497
292 517466 216659
293 899492 123175
294 546204 280742
295 109816 22935
296 284197 -3581
297 864019 133131
298 537041 164283
299 837155 141092
300 834628 124312
301 810190 248748
302 277927 12323
303 447448 185154
304 593903 129212
305 259256 71556
306 120419 59839
307 457243 205295
308 -108090 49774
309 6020 77922
310 16072 102583
311 114481 41444
312 29201 40046
313 -3867 26325
314 856811 74284
315 293510 1320
316 229074 55328
317 240874 10797
318 318136 56561
319 798347 166226
320 868165 144701
321 173959 -3787
322 269167 -39141
323 144051 99126
324 200599 64321
325 38529 -6782
326 -25949 119634
327 587853 138862
328 86589 17629
329 861691 103325
330 863000 89565
331 270294 -41023
332 305775 124913
333 292166 94632
334 205801 30731
335 742108 163127
336 591200 177176
337 269975 70158
338 528768 123738
339 341862 58596
340 233313 33729
341 627162 268527
342 908052 194188
343 507637 138818
344 218656 32717
345 585008 193005
346 607703 241488
347 410585 106253
348 45828 94424
349 605295 241616
350 548845 102520
351 79778 -53384
352 44962 11740
353 21390 19477
354 469975 194571
355 86022 83039
356 835753 158009
357 531861 170590
358 21629 31776
359 86817 83489
360 535881 198958
361 838862 82597
362 260330 -2750
363 95100 7084
364 250214 23771
365 23779 200780
366 -22118 159418
367 122333 84578
368 191216 125085
369 792137 168195
370 829842 68205
371 11786 66916
372 604754 133446
373 889766 70824
374 789774 202103
375 759106 119808
376 30928 -10084
377 204133 -36605
378 870905 230722
379 604736 164021
380 89932 39015
381 231085 -36814
382 732031 75444
383 822224 253529
384 851904 67832
385 838386 138066
386 602019 170602
387 884816 101242
388 816576 222401
389 236055 25905
390 584217 185427
391 293445 55951
392 509989 189329
393 78514 54422
394 517676 267324
395 256298 80314
396 515698 117948
397 789923 146919
398 74631 27330
399 835838 266250
400 279490 77123
401 484984 116341
402 322128 -118789
403 585464 146087
404 193409 71429
405 528485 201114
406 -25319 22491
407 561454 192907
408 1606 83436
409 -27682 27766
410 317928 -5207
411 811694 252302
412 192692 -4779
413 200305 22337
414 -42963 66848
415 201349 49766
416 816945 182026
417 266771 -64408
418 852296 135712
419 83689 33247
420 551089 159804
421 18341 64361
422 823552 126032
423 170528 24363
424 608579 163215
425 45751 70309
426 499619 188656
427 769314 127530
428 31384 -24214
429 200684 22424
430 911204 163875
431 77361 131639
432 77788 30700
433 774757 127573
434 253055 1277
435 590642 218630
436 802023 201867
437 59154 44900
438 610692 179762
439 873437 125918
440 865286 80958
441 824206 181102
442 294289 87384
443 551971 220351
444 917395 104007
445 125437 45552
446 242351 100011
447 554975 131467
448 564982 265494
449 536159 153301
