NAME : portcgen-463-2860181
COMMENT : portcgen N=463, seed=2860181
TYPE : TSP
DIMENSION : 463
EDGE_WEIGHT_TYPE : EUC_2D
NODE_COORD_SECTION
1 351396 953469
2 590824 221703
3 420272 1027708
4 849038 953819
5 439418 950207
6 845292 840963
7 321524 959749
8 642440 192079
9 838856 988691
10 419852 942434
11 543019 259205
12 609909 225152
13 505174 1043913
14 942479 925059
15 443280 917490
16 505004 219705
17 621170 196531
18 380613 1025116
19 332800 865088
20 421952 940808
21 434957 997970
22 890758 922539
23 423164 955903
24 446885 896178
25 820810 972636
26 376506 936905
27 320957 929394
28 387613 920586
29 386575 922908
30 874030 993347
31 442791 992243
32 393403 973741
33 450853 922465
34 879004 965713
35 639503 73880
36 334619 942050
37 451015 992030
38 500843 284001
39 366866 897861
40 489510 931155
41 516337 160030
42 820423 945005
43 252711 916151
44 570580 213422
45 316674 989736
46 404030 904511
47 473535 1011924
48 546716 283447
49 359577 962801
50 339885 908704
51 533147 243622
52 471368 934027
53 359025 874517
54 360302 979697
55 840927 963729
56 286078 905739
57 420614 946938
58 887286 956736
59 315517 967644
60 487456 855034
61 352677 999265
62 365115 939954
63 459721 914882
64 388192 876373
65 335278 917374
66 546811 245022
67 868896 974947
68 435726 997406
69 870470 947561
70 854401 984868
71 449005 1018601
72 575865 270119
73 572108 231737
74 883873 917012
75 348115 909357
76 442447 949310
77 451094 1014272
78 489809 300493
79 500058 265685
80 527180 264874
81 803387 893844
82 448182 916483
83 499858 218897
84 564359 169901
85 854154 1025044
86 471284 939641
87 443962 931427
88 452552 1037271
89 392392 1020358
90 375808 838651
91 920534 904615
92 372521 912550
93 417448 980491
94 865354 833488
95 870192 886590
96 396057 928067
97 445698 1024713
98 335635 914667
99 669147 181876
100 529955 230575
101 553950 225071
102 415030 1002658
103 483206 962566
104 581944 227932
105 842471 1008543
106 908792 949108
107 406962 977250
108 380378 961155
109 551262 225328
110 397207 804671
111 461856 1010888
112 524530 1009811
113 521525 955086
114 521898 240717
115 418589 1010447
116 895816 918005
117 440069 994141
118 513210 924884
119 923081 966045
120 546482 210303
121 466873 1002084
122 535418 251824
123 621575 252122
124 210976 990592
125 532672 869592
126 435526 284215
127 365492 951189
128 573575 141564
129 574239 170878
130 334552 924476
131 826830 897604
132 257897 956843
133 351862 890842
134 472091 942024
135 297524 905381
136 462256 1019193
137 878073 961619
138 364396 886155
139 321952 966593
140 302258 913626
141 459354 958829
142 861877 890642
143 356963 934495
144 738259 885898
145 531357 269348
146 395940 991646
147 372986 950347
148 542608 289432
149 821256 928199
150 570123 206686
151 335488 940957
152 322729 871344
153 313464 896702
154 761319 918630
155 392633 848361
156 542158 249543
157 448914 951178
158 436730 982278
159 825771 919315
160 600543 184311
161 421190 970155
162 498654 961581
163 424433 933318
164 383471 966814
165 468071 1024021
166 880794 1051502
167 805849 1003773
168 331658 961461
169 568288 203346
170 596139 222469
171 397982 1008464
172 440319 951415
173 611796 271304
174 545473 252623
175 597249 227593
176 844851 998159
177 512859 286023
178 443292 920611
179 549517 279461
180 466522 980683
181 514436 176007
182 887314 987764
183 325019 993985
184 341827 898105
185 416784 853583
186 482981 985467
187 424041 935268
188 362118 980843
189 559296 252643
190 968333 901065
191 911930 951628
192 357399 946174
193 338441 961076
194 400097 916380
195 549068 221861
196 809049 891436
197 324626 1005313
198 784928 913191
199 928181 975986
200 550513 198452
201 867206 881461
202 869702 948516
203 437532 946643
204 489308 997738
205 863301 1018198
206 831403 905123
207 762521 1033361
208 899544 927099
209 600248 196267
210 850611 943202
211 369716 886166
212 316119 933918
213 380339 993413
214 522993 237489
215 810866 943340
216 413676 1007438
217 848866 977742
218 878270 893391
219 287819 1049683
220 327502 861137
221 379579 960881
222 389524 887452
223 862445 956824
224 831159 899287
225 595661 243546
226 505192 230646
227 861040 947941
228 346452 971337
229 573200 258357
230 864327 979760
231 413516 1018539
232 362270 902654
233 643219 100576
234 452896 960736
235 635849 256605
236 293046 982995
237 860816 940778
238 381939 959659
239 580573 223459
240 528433 278036
241 343672 961580
242 845310 980109
243 850110 935103
244 371887 951886
245 448157 1031416
246 569195 895408
247 917913 908084
248 816518 924334
249 743083 954825
250 450439 938573
251 345170 954473
252 358969 982286
253 420411 918126
254 529111 160520
255 524220 261965
256 337923 898541
257 432704 884652
258 527583 182614
259 577481 177271
260 545412 245531
261 347319 854812
262 808478 887314
263 746017 845821
264 378985 957360
265 885616 968681
266 429922 924039
267 782397 1014685
268 360771 872614
269 523207 271222
270 523789 252022
271 870018 1015745
272 342871 833059
273 494363 238330
274 439450 958706
275 858252 961579
276 372012 951728
277 433971 1020600
278 370527 764294
279 890479 918567
280 430088 964330
281 829315 952950
282 524510 994033
283 474880 978422
284 598817 271034
285 320837 911971
286 571151 251943
287 463983 866593
288 539436 173892
289 432191 920355
290 364754 972103
291 477351 934427
292 379042 901550
293 491496 323832
294 908341 976350
295 403983 973870
296 515567 252798
297 854139 979601
298 822855 1041404
299 895486 925735
300 350448 920159
301 393417 904712
302 473218 964106
303 451901 923896
304 399577 984786
305 508396 974581
306 589883 269275
307 511323 177297
308 473375 1016517
309 338705 904891
310 548089 194730
311 313804 1001547
312 330176 871008
313 411886 846489
314 828096 946639
315 414131 1009183
316 499368 975651
317 806247 893967
318 502331 898418
319 397865 936962
320 875605 905895
321 464256 966814
322 364532 946034
323 889119 951078
324 529791 894477
325 410099 901022
326 534645 968266
327 859966 1027999
328 436583 884799
329 546563 165355
330 345696 971650
331 462882 907740
332 361798 842431
333 814374 958099
334 369325 938108
335 401542 895767
336 578096 246037
337 400871 948857
338 861682 954961
339 466021 999995
340 259716 990570
341 546739 213955
342 524004 255371
343 368167 963267
344 433398 956110
345 413723 975445
346 269665 905570
347 315327 992481
348 600595 262579
349 375621 983658
350 378646 1017848
351 434005 884527
352 306827 933784
353 424334 1001141
354 490206 292180
355 301545 895350
356 364865 957055
357 888890 981795
358 679394 214533
359 511281 971051
360 898824 976076
361 527352 267470
362 782939 884715
363 417175 894692
364 393107 936584
365 509065 1034869
366 519569 166368
367 493432 205296
368 394990 897571
369 328085 863641
370 799173 911416
371 908819 943848
372 868713 959841
373 367957 989510
374 813456 1015459
375 786134 996570
376 381083 1021738
377 200109 1042962
378 850489 1036193
379 557389 258854
380 495316 974785
381 373258 942488
382 434055 970378
383 836922 953955
384 387649 179452
385 397830 1022098
386 546720 184487
387 456725 905931
388 290698 963151
389 367756 877446
390 564518 118829
391 360339 891763
392 281041 934791
393 363766 961295
394 820670 987104
395 484180 937193
396 399980 854902
397 425761 915136
398 841876 942244
399 817308 984043
400 969680 920344
401 575256 207233
402 576386 270734
403 390907 940079
404 344549 877849
405 369312 960004
406 856048 988094
407 587986 181320
408 426308 924749
409 642709 203735
410 428629 940389
411 525188 247864
412 523242 178151
413 863760 958821
414 447289 945907
415 310359 980406
416 866765 976750
417 398996 932148
418 842331 914295
419 619226 299901
420 520840 223342
421 491053 208149
422 618820 297972
423 474379 283716
424 784583 905176
425 878250 913963
426 462696 938939
427 347956 888121
428 329907 888507
429 850911 919687
430 832478 991471
431 564148 191969
432 532107 1009331
433 348762 852429
434 641851 260434
435 397062 978753
436 845183 979006
437 340634 866159
438 513859 170227
439 536513 297823
440 821778 981616
441 559692 214874
442 412428 963120
443 947005 965767
444 448846 958599
445 469843 1001830
446 529430 980976
447 459952 932373
448 474601 978779
449 913223 861433
450 363226 853962
451 307143 946640
452 539241 209009
453 472752 897589
454 416632 974615
455 397348 969998
456 865145 943382
457 444727 939438
458 869802 883717
459 520521 119088
460 892031 868965
461 531506 237395
462 392304 899530
463 358376 958335
