NAME : portcgen-555-99803
COMMENT : portcgen N=555, seed=99803
TYPE : TSP
DIMENSION : 555
EDGE_WEIGHT_TYPE : EUC_2D
NODE_COORD_SECTION
1 93330 362563
2 116751 385042
3 704617 742227
4 593639 638400
5 595993 609271
6 222759 474608
7 129232 307361
8 618318 646353
9 71434 337380
10 199817 524319
11 727578 745608
12 674348 699369
13 88146 287554
14 630969 580349
15 157925 351312
16 130957 351002
17 126190 360617
18 277614 541508
19 620710 595715
20 428106 118536
21 213781 494022
22 145316 317543
23 211179 559326
24 707202 608353
25 669264 648900
26 190961 343491
27 174564 567320
28 567426 675202
29 173363 465171
30 578934 597443
31 140265 421415
32 425436 129158
33 427856 116241
34 502776 134463
35 662070 710145
36 465742 188894
37 242558 517060
38 410283 130884
39 232858 561112
40 687223 650295
41 263642 556803
42 241375 523047
43 84910 331140
44 475314 129633
45 194241 585483
46 504490 56067
47 456160 182901
48 264873 523908
49 457149 74537
50 60941 379580
51 454244 143498
52 227997 479419
53 103168 288965
54 484112 55644
55 657126 691411
56 533449 162017
57 647034 620525
58 455796 102883
59 277818 496795
60 133992 354202
61 392159 89935
62 510773 121446
63 260538 503597
64 207667 451380
65 294020 508203
66 656432 505042
67 688722 545405
68 654856 687525
69 503546 77986
70 424119 38976
71 265934 511858
72 386106 138250
73 482505 113021
74 699252 616879
75 427109 46521
76 192132 331755
77 390310 178360
78 598599 548118
79 425532 121287
80 648134 607175
81 358316 496982
82 681935 574387
83 75421 409846
84 236599 541883
85 797963 604675
86 90699 324944
87 222084 499105
88 613422 520903
89 453881 121644
90 415858 54322
91 136428 386241
92 212628 495487
93 668450 642071
94 298794 480985
95 125441 574621
96 491643 121133
97 200178 406424
98 410698 107450
99 632130 690573
100 660539 570300
101 707686 572786
102 231701 549450
103 193881 579716
104 388239 88322
105 280492 553716
106 304387 576844
107 77996 382840
108 91900 425125
109 690797 571059
110 601853 729516
111 456990 233681
112 116003 357399
113 694488 666125
114 505016 138347
115 644267 560093
116 682923 622218
117 291470 542067
118 208427 582431
119 448766 117748
120 639795 534010
121 465046 122587
122 215784 484801
123 645845 559154
124 661550 631896
125 123436 307482
126 522928 111599
127 648661 608849
128 661270 569792
129 91528 379937
130 128105 383133
131 671665 656638
132 467562 70196
133 123500 311785
134 75407 328777
135 371571 135655
136 611809 547980
137 195057 471496
138 617377 567346
139 613368 176982
140 135357 374982
141 719638 633317
142 597414 634986
143 452066 73354
144 300462 570813
145 687726 621452
146 609100 617973
147 618768 665458
148 102252 365542
149 232781 457365
150 206117 587029
151 170685 315846
152 707206 640612
153 497082 158493
154 476018 140449
155 291637 473814
156 130611 435678
157 706330 613631
158 634532 696102
159 607307 634745
160 159722 431431
161 239353 548329
162 495410 200094
163 444478 69992
164 202375 504165
165 666419 691970
166 466497 137278
167 593791 602114
168 650596 677573
169 150702 404799
170 761474 615250
171 670099 708402
172 118682 542510
173 607272 596410
174 322816 464225
175 473151 152384
176 626930 619721
177 135059 406987
178 619618 596623
179 226669 428679
180 701080 647616
181 489086 39392
182 462627 142007
183 315838 502206
184 143417 406709
185 663706 571758
186 380522 107857
187 605125 618569
188 224471 504749
189 469079 159236
190 691517 586836
191 615968 663872
192 511630 22849
193 296549 529288
194 87326 385556
195 418383 34409
196 448616 218371
197 663710 604977
198 289547 618303
199 640349 655799
200 163935 522201
201 723871 617857
202 296541 572377
203 684370 618445
204 331486 567221
205 476619 83254
206 674214 639935
207 599514 545922
208 139451 350258
209 736128 627669
210 645799 609279
211 644498 682770
212 660313 641437
213 670302 639310
214 605310 636598
215 375741 87620
216 630624 633129
217 124387 380496
218 512493 107164
219 695011 615570
220 114301 282508
221 572158 515460
222 621974 675868
223 150217 424369
224 696848 641645
225 720930 600614
226 247684 561856
227 268428 503331
228 582121 600192
229 643166 658254
230 490862 204150
231 616432 593931
232 133959 360235
233 86715 357096
234 620028 581855
235 271391 527503
236 389954 114858
237 461625 116654
238 672589 693451
239 489964 98808
240 748116 551829
241 488400 125458
242 530271 170712
243 717095 749724
244 443977 89793
245 687074 533970
246 608626 586122
247 519350 177857
248 479548 106178
249 661289 717395
250 665842 518845
251 399210 33365
252 730980 616519
253 143723 323877
254 445202 70701
255 322533 533113
256 276204 509174
257 234133 531498
258 259233 471868
259 638865 544864
260 472351 106553
261 442828 102270
262 665363 656539
263 660385 539843
264 581685 654355
265 577735 529367
266 585312 658486
267 480794 95647
268 659198 624086
269 189788 373232
270 68441 299631
271 655484 712803
272 468511 107903
273 241065 522690
274 142931 359683
275 611295 627158
276 448241 136179
277 665830 671579
278 108018 347721
279 658613 631860
280 145446 367371
281 644125 616203
282 83064 347495
283 284271 437330
284 416391 122482
285 670877 686711
286 488622 126561
287 666940 620983
288 654670 629050
289 617435 594534
290 624661 638246
291 120554 348828
292 651852 643280
293 132361 405789
294 153813 306291
295 618074 641750
296 471708 76848
297 651620 533510
298 650722 619880
299 633084 629105
300 634361 653434
301 658639 688351
302 441362 144036
303 182090 536173
304 288411 556392
305 620718 698122
306 464122 172927
307 508649 59547
308 407125 156133
309 178037 479348
310 194674 529098
311 517868 97284
312 235790 527375
313 666493 566154
314 241800 492108
315 179885 348186
316 586771 549295
317 242389 583654
318 698417 639363
319 663795 657442
320 477155 50784
321 588534 629913
322 158156 282407
323 121166 420008
324 627305 599414
325 727193 603510
326 597957 641558
327 90715 347698
328 357691 50253
329 645770 616749
330 406766 53503
331 158776 456599
332 516265 62543
333 614443 638473
334 213036 531030
335 45542 298274
336 467380 163185
337 254774 461135
338 602052 569033
339 443915 21316
340 134264 411815
341 441611 96438
342 225750 516700
343 213414 576251
344 686306 732686
345 655306 695725
346 731484 577918
347 620545 608300
348 602341 671152
349 633711 578274
350 709558 654800
351 640597 622594
352 214904 451720
353 676289 652778
354 665921 633649
355 115322 416569
356 189363 554543
357 623107 515508
358 96226 312725
359 8851 389808
360 135031 349803
361 659460 689199
362 135554 415684
363 337903 540926
364 230818 550806
365 663727 581016
366 542769 38027
367 661094 631607
368 146783 395130
369 491058 112169
370 451125 173873
371 644170 638811
372 475101 75154
373 616522 567956
374 451145 161034
375 625820 643642
376 658610 574389
377 247221 480200
378 301443 553783
379 299872 515150
380 195833 476388
381 634527 624799
382 132046 446840
383 240352 550271
384 32889 341216
385 651712 566930
386 706859 657706
387 321664 518816
388 673367 592330
389 632271 570129
390 636105 598622
391 650324 520519
392 691098 648969
393 622356 664171
394 449989 152489
395 754343 731609
396 161940 341833
397 211530 566294
398 654589 618692
399 457688 111832
400 500695 150356
401 281196 495100
402 140315 430757
403 621502 667673
404 189740 506477
405 258824 516990
406 683554 635008
407 251586 610649
408 553316 687281
409 136684 288741
410 174482 468529
411 258010 494547
412 656809 645452
413 314403 573526
414 133233 409577
415 607025 611747
416 712364 626474
417 714213 489758
418 631584 642755
419 248655 575230
420 576561 702507
421 427472 167156
422 223154 536642
423 146103 314228
424 195583 391783
425 618850 617410
426 436752 125121
427 249596 528086
428 463092 42556
429 633696 665028
430 64818 317758
431 652604 713036
432 150940 347425
433 184192 543774
434 477254 155158
435 483760 186661
436 281755 481334
437 519620 131859
438 146123 395404
439 214670 355555
440 81614 370886
441 252142 521530
442 325470 578134
443 480679 159584
444 103589 353432
445 158876 415029
446 165210 428336
447 254309 496607
448 469425 96083
449 619463 577859
450 596141 693835
451 232161 571578
452 522277 114190
453 226400 514349
454 612922 654161
455 42434 424702
456 524269 160137
457 141168 322968
458 245950 476483
459 238227 447535
460 472697 101177
461 627842 581373
462 656450 598278
463 676646 722573
464 612706 603842
465 493616 102005
466 242718 575947
467 179137 564537
468 620344 662426
469 682307 565259
470 316699 553874
471 643622 612673
472 61860 345496
473 394968 104668
474 650890 671013
475 683528 641960
476 203468 428738
477 665673 736440
478 731236 681778
479 661325 574194
480 249568 533200
481 133380 344820
482 716642 616915
483 55488 373754
484 408802 136431
485 619541 641925
486 68743 343892
487 655771 751148
488 695120 625394
489 436023 153169
490 671920 546736
491 628323 679601
492 628184 494319
493 621443 621353
494 105834 319117
495 632490 588545
496 731433 677626
497 489428 141759
498 487687 141060
499 444741 72706
500 642460 625277
501 417316 149946
502 485487 149567
503 713466 632731
504 666954 713022
505 723873 591714
506 480948 200389
507 186843 349926
508 227141 509540
509 254261 571398
510 27573 341374
511 192743 375026
512 117589 313359
513 277040 426931
514 96767 291973
515 652413 559725
516 638677 545366
517 288654 555274
518 665833 557055
519 710785 613469
520 181012 505070
521 102411 465538
522 463962 53348
523 192778 381336
524 669555 586435
525 463801 81989
526 460267 145311
527 279855 483299
528 481874 89072
529 136565 369084
530 720560 685425
531 192129 501684
532 594504 647601
533 612699 636257
534 631262 620365
535 642643 608690
536 121124 362065
537 87629 401666
538 642585 591575
539 513959 130814
540 132459 409307
541 626221 629953
542 261365 513629
543 701143 666466
544 219823 476816
545 95523 426316
546 435434 149613
547 701321 611620
548 672290 650070
549 679048 605987
550 540612 120314
551 557502 576927
552 700417 609653
553 491907 130491
554 119003 332938
555 627180 535175
