NAME : portcgen-543-5842960
COMMENT : portcgen N=543, seed=5842960
TYPE : TSP
DIMENSION : 543
EDGE_WEIGHT_TYPE : EUC_2D
NODE_COORD_SECTION
1 528381 936010
2 103183 694088
3 81222 616555
4 762593 579488
5 482114 962864
6 743242 576188
7 1013415 856456
8 517021 1007895
9 976656 887849
10 581523 138659
11 626488 1000695
12 674322 579529
13 109182 687194
14 532963 976820
15 753399 558157
16 786144 620494
17 159331 588798
18 1043042 952341
19 550570 1001553
20 35302 699966
21 514243 1015504
22 919332 946975
23 608975 97737
24 652479 155909
25 183912 689204
26 567664 1085765
27 634839 117044
28 988943 1006561
29 520150 965471
30 588073 987019
31 542634 72770
32 690885 81665
33 617928 94489
34 58265 629149
35 654999 107677
36 537390 947192
37 112622 644164
38 89617 656171
39 535670 1019057
40 733714 594224
41 612937 86123
42 668166 639039
43 112025 678709
44 55768 619910
45 503802 994974
46 961329 971310
47 559031 1018944
48 958154 899156
49 739790 646461
50 564356 909298
51 728255 589387
52 1019564 855635
53 625313 156111
54 138200 720876
55 676789 648827
56 490102 1006544
57 663066 79774
58 527378 990236
59 523086 950867
60 113586 558284
61 775128 596673
62 170162 677311
63 1046946 895651
64 1001252 911337
65 998592 971066
66 711694 672183
67 519267 128829
68 709492 581659
69 996185 922588
70 444696 993133
71 831191 543468
72 1023500 945171
73 571040 130146
74 1003277 898251
75 495871 1029837
76 615530 1040336
77 190745 649129
78 106735 702513
79 938989 924495
80 644052 89102
81 147363 678291
82 511726 962598
83 491675 1019567
84 547815 968740
85 1005635 943449
86 623441 81850
87 1027524 976907
88 527629 1001600
89 719817 594841
90 470069 1006818
91 739365 667435
92 -8594 695526
93 707871 634472
94 496802 971239
95 622742 76035
96 1080744 907599
97 129069 645072
98 744430 581297
99 515401 934550
100 732055 677703
101 683482 87503
102 937249 947864
103 610894 1014773
104 103193 658199
105 626888 95308
106 1002650 1029949
107 684774 602093
108 602851 97689
109 624666 33038
110 769146 649967
111 1087583 924170
112 954005 920139
113 87659 679673
114 978184 1001945
115 587626 938931
116 630700 80967
117 1028810 949766
118 44829 658959
119 528379 993473
120 697479 610065
121 199926 669339
122 745674 576418
123 762611 615390
124 639961 147770
125 65552 699852
126 642289 127112
127 112795 722171
128 738515 544393
129 973563 849188
130 96913 619786
131 1053862 990870
132 533454 1041601
133 731514 631606
134 543423 1030292
135 539197 93061
136 657101 86561
137 1005420 942662
138 1038584 915405
139 517269 908131
140 539296 139051
141 135073 643162
142 530439 935572
143 53340 651632
144 915919 881322
145 461459 919319
146 770741 640952
147 961827 888933
148 771923 569961
149 82423 604209
150 519065 1049894
151 1075181 1009685
152 161738 750615
153 525209 983543
154 601721 133322
155 702779 595958
156 760251 630681
157 754497 568745
158 547414 943080
159 994652 933014
160 760773 652831
161 79484 638524
162 676055 604109
163 685607 127007
164 614273 126762
165 97766 772656
166 129727 711290
167 610461 123944
168 525374 947465
169 57139 601406
170 599768 91069
171 641532 640110
172 576988 136024
173 979498 910068
174 561083 166630
175 804742 625219
176 944350 959262
177 65517 670602
178 774007 587673
179 1042884 929217
180 542017 975697
181 558548 970533
182 746726 593092
183 664943 155851
184 989465 1021333
185 699483 630849
186 621523 103783
187 909080 933907
188 512387 977015
189 508845 926429
190 979047 916645
191 800165 654698
192 557471 150415
193 518218 982958
194 653685 119392
195 624762 134413
196 559966 1015806
197 1082261 961696
198 625637 120646
199 633196 135693
200 149928 649091
201 525875 930343
202 569361 173125
203 698955 600728
204 94375 715576
205 162530 637912
206 616674 170241
207 775085 623217
208 994627 965152
209 719440 703133
210 146233 749670
211 577370 170125
212 129838 631980
213 161555 627283
214 632660 115897
215 651470 137752
216 954822 986458
217 83675 688216
218 992038 886369
219 582491 69457
220 122741 713730
221 780167 590462
222 729673 587234
223 673272 114512
224 1016233 873168
225 1005056 862450
226 77755 777526
227 950233 943104
228 64138 724930
229 91928 624893
230 543661 96314
231 675506 105035
232 535424 959671
233 549139 171721
234 54685 604042
235 625571 124695
236 524018 85473
237 59764 759731
238 732677 688410
239 555092 928081
240 1018807 905614
241 519082 1016527
242 192912 679533
243 540972 999751
244 1058248 942567
245 1060124 955505
246 490760 972540
247 1039909 1015363
248 974668 955407
249 724328 597082
250 587874 88267
251 638813 141509
252 126713 728522
253 740269 639658
254 77907 638054
255 742228 534736
256 622176 102799
257 700491 556349
258 754292 557051
259 623344 123562
260 1053023 1004649
261 571173 159524
262 154758 636108
263 150284 670365
264 994453 960909
265 978783 960907
266 663548 598815
267 720262 588844
268 925940 911677
269 96704 711552
270 1006348 879450
271 623983 102896
272 994451 962018
273 65196 661647
274 535289 966042
275 480699 1010918
276 519713 934252
277 998036 965134
278 545426 972080
279 695824 673286
280 133322 554322
281 721824 581907
282 123043 738410
283 738466 608907
284 719312 577203
285 97301 672171
286 743272 557919
287 486701 997726
288 170820 633712
289 605687 1003307
290 563317 182322
291 563403 975405
292 1058948 992536
293 1026677 958200
294 158884 607554
295 644484 198110
296 541408 997970
297 571075 968604
298 116879 826175
299 532033 940278
300 991877 986609
301 44285 661759
302 73771 734467
303 638793 91008
304 648975 153955
305 733932 642649
306 532487 931108
307 574829 1087112
308 97235 692039
309 899992 932538
310 620938 140020
311 126594 680335
312 700487 561335
313 54749 745290
314 655519 158395
315 702629 639196
316 984990 900134
317 696828 553012
318 665149 509399
319 528583 952776
320 135649 666364
321 118653 705532
322 81794 652020
323 1014952 835598
324 544589 41616
325 600442 142221
326 566135 1127755
327 909938 918050
328 552446 955665
329 46981 697365
330 966308 985781
331 934818 1007626
332 481526 956326
333 589608 186008
334 982714 906531
335 153545 655509
336 738424 619436
337 696145 584242
338 585284 95343
339 781650 599864
340 653981 88138
341 707244 563440
342 619631 32170
343 1017272 1000801
344 641962 626962
345 510095 1036781
346 726564 586545
347 531440 919532
348 566664 106531
349 67419 620676
350 214919 752144
351 97960 698321
352 140551 691257
353 479395 981387
354 501064 918927
355 580578 1030815
356 663798 95522
357 583135 46584
358 724738 629794
359 137642 663019
360 732525 569022
361 428934 1011892
362 649386 173724
363 584876 1002078
364 1023143 1013539
365 1018408 927989
366 45231 670732
367 524534 933917
368 971178 957670
369 926408 911255
370 191109 648885
371 469461 1001304
372 168783 686410
373 996484 1033273
374 721579 193815
375 625870 122216
376 519401 929935
377 64247 578424
378 981960 866087
379 998487 981796
380 485704 937236
381 649122 147476
382 529648 170830
383 129288 601904
384 120525 633412
385 772558 597326
386 518096 952987
387 512923 187504
388 -20482 689504
389 659412 583735
390 509907 960702
391 117237 694976
392 169868 629021
393 498641 985925
394 969170 931769
395 984924 951616
396 549029 153469
397 593149 140717
398 510075 992793
399 595497 170336
400 667529 119782
401 676109 156364
402 476312 991958
403 498463 957514
404 585763 934173
405 1011122 967002
406 602221 141686
407 399943 1016242
408 791915 563177
409 599869 144592
410 602290 164369
411 492254 1044991
412 929187 977225
413 913775 891830
414 489744 972431
415 780121 583852
416 124457 654671
417 143359 660152
418 555588 1032627
419 736077 642465
420 119901 737272
421 753661 731119
422 857711 568628
423 87155 563821
424 518587 950283
425 513852 990741
426 626674 80051
427 150128 672863
428 499439 990755
429 709320 649271
430 127899 607163
431 591593 40932
432 648126 105612
433 109542 712972
434 442641 926232
435 484468 988963
436 754021 607444
437 598371 85988
438 469907 998220
439 586910 113160
440 71268 648154
441 597260 89309
442 693348 573602
443 194377 669852
444 554711 950471
445 730938 637717
446 749336 585122
447 1041036 912156
448 669893 637977
449 1012684 934747
450 1035708 934760
451 669177 131551
452 1051439 953152
453 1015791 880707
454 757999 637172
455 551570 1039667
456 1007256 974516
457 595245 112467
458 538113 922889
459 136462 649317
460 118205 654590
461 522353 993094
462 584500 131088
463 482802 1005219
464 451429 981047
465 957023 917059
466 104080 706650
467 664752 166647
468 704262 588613
469 544332 974641
470 96969 702619
471 752970 621296
472 740861 651973
473 109335 687684
474 976887 856351
475 950323 920740
476 77366 773394
477 662121 54126
478 144439 583883
479 948268 914798
480 137495 726126
481 584894 132956
482 139520 632336
483 643221 74201
484 425484 982216
485 485896 970757
486 491722 867385
487 646197 61249
488 590318 1007274
489 803120 618836
490 96654 660859
491 769163 589544
492 666734 615912
493 1001980 889685
494 590600 122054
495 1032363 904203
496 91668 708643
497 646926 968118
498 469304 1045152
499 600332 121186
500 1018089 967457
501 739816 574140
502 642516 183091
503 955065 1006188
504 689100 89558
505 489352 897364
506 104011 660267
507 1019334 939935
508 663230 587408
509 94525 743267
510 534004 989980
511 752547 583888
512 640028 126912
513 968191 939711
514 652872 141941
515 109002 630561
516 1077308 898581
517 1014830 930659
518 447672 906721
519 1008737 943690
520 152938 657439
521 611348 130410
522 697367 610959
523 583250 994679
524 582216 955712
525 560758 909320
526 733232 563555
527 598584 208547
528 152840 676762
529 654913 19532
530 1042270 939999
531 470515 1027030
532 772658 581275
533 82447 723968
534 640319 62573
535 746240 577420
536 722893 571594
537 591793 87919
538 638055 202842
539 563428 171076
540 558460 980592
541 1008394 881235
542 148867 662922
543 970915 895855
