NAME : portcgen-477-2419369
COMMENT : portcgen N=477, seed=2419369
TYPE : TSP
DIMENSION : 477
EDGE_WEIGHT_TYPE : EUC_2D
NODE_COORD_SECTION
1 892384 706890
2 838216 795151
3 679073 981210
4 722548 978023
5 706496 1116665
6 938059 690251
7 949567 658166
8 673534 910186
9 713834 1043756
10 1053602 60646
11 812732 741385
12 1047077 754588
13 894435 760231
14 666771 1088817
15 1014473 60427
16 644008 1007354
17 835395 800940
18 980842 198734
19 945758 709295
20 958788 86733
21 855217 773455
22 975920 119029
23 963784 47690
24 939179 49928
25 871044 712120
26 853841 788247
27 668999 1053396
28 1040204 708016
29 976077 733132
30 832493 769884
31 951812 112823
32 987180 733649
33 614092 974460
34 864312 717647
35 847054 743071
36 604768 1053478
37 665281 976898
38 1078771 775077
39 1048292 758719
40 637108 1057554
41 899887 701542
42 665503 991434
43 834001 781282
44 871364 86631
45 912830 156363
46 843302 756241
47 780049 1013875
48 751870 975397
49 796742 735031
50 823837 682678
51 998031 113673
52 918813 667107
53 592336 941621
54 1042745 740214
55 798585 706916
56 780868 743220
57 620606 1016499
58 937277 181759
59 679857 989732
60 889422 32330
61 1056958 120955
62 1024704 153551
63 645888 963087
64 849187 726310
65 830868 742039
66 905664 650951
67 1015033 701647
68 714574 976584
69 1030293 806720
70 870510 624491
71 969034 682071
72 821951 664557
73 832529 741228
74 864645 667670
75 948331 -35859
76 1000191 718093
77 994787 124529
78 967685 93066
79 947654 86738
80 878058 799411
81 975901 715898
82 951922 96229
83 720665 995007
84 793788 668019
85 665882 984460
86 897839 93859
87 706990 1034126
88 996117 603514
89 643046 1065434
90 1010738 116504
91 1032941 762636
92 1051755 159149
93 973560 87350
94 956097 61511
95 709053 1017744
96 951312 83198
97 919486 38354
98 965861 760779
99 1025040 748193
100 1067006 794975
101 979225 788698
102 752626 1107366
103 812599 668163
104 658323 958871
105 697435 991978
106 984368 760330
107 962480 728296
108 888013 655933
109 841612 764389
110 1004957 26213
111 831626 722964
112 722802 1034324
113 846623 775465
114 918481 726420
115 691511 948661
116 867552 686165
117 834337 681330
118 958276 663190
119 677155 1021338
120 936602 114752
121 891631 740858
122 922970 703940
123 989637 789814
124 649825 970118
125 1031764 -46589
126 737704 994614
127 772937 660952
128 822809 770077
129 1051755 628794
130 1003772 71944
131 877356 805986
132 786471 834008
133 1076000 699144
134 757944 1029844
135 974408 736645
136 958405 699246
137 928456 98946
138 951204 673782
139 942886 705838
140 750615 1077400
141 995746 723307
142 834256 713483
143 1001512 688480
144 696507 939207
145 929905 733927
146 950732 140395
147 1078157 724565
148 989612 179910
149 680024 1103869
150 945000 148660
151 990489 85953
152 989782 107481
153 1020976 668238
154 855121 668222
155 989222 93304
156 686307 1005024
157 793558 693004
158 823780 730774
159 1000463 112118
160 1036973 710753
161 865478 673605
162 1051980 68883
163 1024839 797073
164 630185 989319
165 595182 953519
166 976163 95437
167 1014738 683016
168 1030725 765483
169 1016066 711170
170 923436 92775
171 671194 1022392
172 979934 119133
173 901765 685612
174 797000 668117
175 1003016 741229
176 741588 989742
177 816143 658051
178 606670 981078
179 1012839 82527
180 815521 774401
181 994195 115556
182 984241 65521
183 956685 685881
184 939464 154599
185 616318 1006128
186 1004858 122459
187 996393 80688
188 1078369 714660
189 1038374 822129
190 961883 77965
191 891137 714364
192 942114 804936
193 1060490 104019
194 746941 1077979
195 847164 785143
196 835387 751887
197 959896 151125
198 656676 979602
199 986221 39219
200 850393 761082
201 659213 1067419
202 1016868 172259
203 794910 769322
204 640506 985126
205 941402 184225
206 693299 1038272
207 1003151 674194
208 1049206 824661
209 982581 113818
210 894364 756563
211 989132 128756
212 904361 140895
213 914253 108762
214 966509 133111
215 922275 663992
216 825774 683854
217 719867 962377
218 649719 1002582
219 981541 77413
220 953972 722670
221 948357 112230
222 1040968 775314
223 1045030 34422
224 701950 987250
225 917027 151768
226 1019242 114903
227 1097287 631044
228 778782 704287
229 974761 179110
230 1014729 191796
231 774275 788353
232 996348 687378
233 1029813 706349
234 695456 1020397
235 672656 957288
236 626223 1031723
237 878427 789092
238 841746 810489
239 1078810 674485
240 938877 736814
241 783271 845442
242 569375 1151635
243 936357 124970
244 966596 741530
245 927752 648667
246 950017 693534
247 863737 735969
248 991031 -18678
249 836133 707820
250 1012154 24613
251 815608 690595
252 818635 739182
253 774577 703698
254 952170 117918
255 821269 773400
256 588069 971307
257 654739 946266
258 1067794 735763
259 810191 736238
260 1032471 647331
261 818572 749086
262 687914 963751
263 812235 699958
264 821849 697503
265 1023185 119860
266 992317 744195
267 747641 837572
268 849874 760382
269 1026356 744281
270 895556 771759
271 929140 708838
272 996971 124690
273 920633 708416
274 669343 1003376
275 1028325 35119
276 980293 688163
277 1024072 791261
278 841889 824747
279 838391 715593
280 808665 742692
281 1003740 667128
282 850634 844538
283 1003731 681454
284 1025007 80423
285 845772 750136
286 1005970 120589
287 935067 787457
288 1016250 710561
289 805643 710628
290 1018610 -26474
291 597911 957544
292 960559 715885
293 978383 85837
294 1020960 196357
295 678000 988909
296 654027 963586
297 1058394 661143
298 791904 759524
299 872042 802439
300 1020285 802229
301 905911 790545
302 675703 1060589
303 927706 65977
304 982598 697642
305 1002683 126322
306 572344 941727
307 642874 996633
308 981680 743808
309 978551 709669
310 699121 963334
311 1027878 79378
312 952907 815627
313 994486 124886
314 704189 1011009
315 1060273 675405
316 996803 57023
317 669733 1019995
318 658142 958249
319 961679 74319
320 1041839 122831
321 918464 797192
322 664670 1043568
323 835541 740422
324 707153 967529
325 1074845 136324
326 705771 894286
327 648482 989179
328 910938 706975
329 974494 59625
330 913253 100208
331 865059 784189
332 1038159 114695
333 639693 997865
334 867939 752677
335 970833 704411
336 944630 764547
337 957672 6268
338 828581 754675
339 668927 940614
340 611955 965746
341 951943 204233
342 1030873 774845
343 618398 1028031
344 680832 1057140
345 662647 1036618
346 683101 999404
347 663169 1003569
348 530970 996654
349 1012834 666566
350 1115917 65925
351 944720 53267
352 716965 1013972
353 974853 732230
354 941427 665574
355 829540 759528
356 831655 688897
357 954880 57953
358 826314 737136
359 922471 60715
360 680448 1027917
361 740890 1099136
362 935875 132645
363 798905 676575
364 617337 1070271
365 880431 727044
366 710110 967473
367 1023077 137880
368 673838 1024633
369 668101 985241
370 690538 955090
371 1040292 164873
372 1037134 655156
373 871474 806387
374 954876 72773
375 816039 821092
376 673650 1082599
377 1070545 726205
378 935766 707355
379 792099 779633
380 999772 780635
381 786520 811647
382 803395 796042
383 992034 109577
384 1015435 147640
385 849532 800719
386 871902 733827
387 997504 140799
388 835173 743891
389 928156 149510
390 773474 638134
391 628457 964611
392 825381 706141
393 1017876 730430
394 871563 766618
395 870947 657831
396 605283 984947
397 1071256 798027
398 803119 813688
399 825309 735153
400 966799 90528
401 660779 923591
402 659465 973686
403 939217 15048
404 749213 928529
405 869971 790535
406 605313 968155
407 807535 720429
408 1052343 50322
409 1035547 51579
410 950287 740741
411 1013641 698182
412 606819 999244
413 763497 688241
414 739121 942466
415 1020153 54608
416 726392 935933
417 884859 650466
418 784506 688195
419 1011307 145219
420 607879 1018793
421 789187 696864
422 650558 1014748
423 926308 732125
424 956299 658249
425 968068 138503
426 940619 159244
427 846130 746968
428 1063566 694166
429 668322 999149
430 943556 665553
431 812046 730780
432 997715 678381
433 878475 714618
434 1073505 758133
435 639369 998575
436 704858 1005296
437 643144 1040293
438 984618 190764
439 820263 718791
440 851564 748186
441 1029697 685733
442 990901 645224
443 640253 1100756
444 798396 779603
445 958764 145953
446 743665 995325
447 998654 695208
448 793855 707722
449 884128 718226
450 671649 1019999
451 901150 722925
452 959543 671091
453 632959 1091383
454 984341 26229
455 982776 752114
456 1036226 675468
457 830199 736397
458 515121 1018497
459 688694 1025360
460 1007941 688517
461 839136 665438
462 978570 756155
463 856532 824062
464 853411 724395
465 1008597 119061
466 978537 720172
467 595431 1000894
468 1011955 774223
469 984922 679221
470 983102 196563
471 890103 765563
472 848825 663490
473 962633 733269
474 910779 141766
475 862699 785913
476 1043243 128720
477 702144 1012840
