NAME : portcgen-460-3220045
COMMENT : portcgen N=460, seed=3220045
TYPE : TSP
DIMENSION : 460
EDGE_WEIGHT_TYPE : EUC_2D
NODE_COORD_SECTION
1 353660 79166
2 936959 108289
3 403222 855282
4 960546 80282
5 363341 89579
6 333909 836708
7 922010 19132
8 313932 761808
9 332542 795767
10 1015302 47579
11 792607 168868
12 837724 194278
13 903871 149027
14 942746 111413
15 303236 861462
16 333027 823325
17 904708 247209
18 307999 868547
19 389178 185534
20 431853 794083
21 923031 45810
22 393738 67793
23 389471 816532
24 389815 54785
25 850490 209869
26 1013200 29902
27 900278 29019
28 970604 17807
29 357643 736779
30 954594 163448
31 281558 33568
32 334678 123431
33 984262 119979
34 881973 142598
35 422038 904425
36 370786 87980
37 284882 103644
38 971056 98900
39 349412 882189
40 447085 779020
41 915879 22153
42 820153 149433
43 304981 790303
44 879208 68182
45 1015593 144379
46 1000911 64208
47 418684 867201
48 908097 105711
49 1015025 28407
50 346349 229159
51 1088378 -2754
52 964471 18839
53 380869 880437
54 335653 832246
55 196587 46126
56 837225 177001
57 399933 798409
58 805159 138596
59 994743 -76009
60 411282 812197
61 874391 177829
62 1047090 15447
63 855974 180228
64 381730 867784
65 312344 876111
66 327267 154088
67 829736 200937
68 922967 17335
69 1004028 32123
70 379285 795089
71 801691 194299
72 909178 199031
73 943099 28195
74 974365 46745
75 870783 169585
76 863463 -14473
77 382107 890691
78 391934 825884
79 861067 171835
80 855382 123045
81 981022 155440
82 200280 154120
83 852751 169776
84 298391 100830
85 403151 111406
86 925349 196561
87 909823 177813
88 956758 15369
89 1099730 -35598
90 393206 806397
91 332063 77936
92 888032 623
93 323357 149992
94 896598 103511
95 384773 53768
96 887119 202483
97 353115 108409
98 999647 56647
99 337302 152240
100 835207 240542
101 994330 44728
102 308755 127009
103 958592 -21413
104 377570 88119
105 837225 154163
106 288501 156487
107 881761 247318
108 334303 113749
109 429569 770818
110 965910 89689
111 331431 183864
112 990645 37326
113 942049 106785
114 885566 232801
115 395300 829367
116 326135 89176
117 891005 96881
118 798791 99222
119 447753 821030
120 923014 246199
121 337658 761707
122 811265 149218
123 1023905 -5710
124 1059080 26798
125 292600 795618
126 966037 6721
127 415284 78220
128 943007 42626
129 851613 224721
130 410616 44258
131 793710 182847
132 413744 207901
133 310762 859892
134 357355 162826
135 363580 109664
136 360714 759504
137 380628 68428
138 342501 818636
139 835347 246885
140 391355 130398
141 801948 237060
142 705789 196211
143 837375 194353
144 810321 197405
145 972657 131216
146 1066115 81363
147 430862 -2976
148 438036 858999
149 340435 784908
150 939232 240457
151 856539 168752
152 989172 68232
153 947804 -10784
154 383713 871509
155 292370 56140
156 905538 171294
157 401940 799344
158 986944 -6199
159 300856 26475
160 995672 39813
161 420779 853553
162 288956 136233
163 391910 191492
164 966508 35667
165 387266 872772
166 913066 59168
167 890943 219245
168 955517 108773
169 406737 793453
170 284602 121411
171 831313 215679
172 962222 -11010
173 959690 83779
174 388911 823962
175 395017 947869
176 443177 748472
177 968382 64362
178 928617 38828
179 1013068 23679
180 308429 128204
181 296537 157319
182 349138 169704
183 374325 835621
184 859140 201972
185 394883 848098
186 935113 -13392
187 1030765 -37755
188 838637 161770
189 954561 44966
190 968371 27997
191 331016 3598
192 347499 113700
193 443903 846990
194 350817 841940
195 375547 797506
196 392720 794406
197 344681 811041
198 407306 850736
199 330945 931244
200 907701 160341
201 826934 144723
202 876563 184344
203 967443 52288
204 818528 186541
205 1012013 77772
206 1012236 29932
207 343102 102159
208 367167 75610
209 982116 108360
210 403790 110651
211 342505 882324
212 415930 789912
213 395928 830836
214 978040 122092
215 999380 151453
216 851453 207001
217 314330 157289
218 377725 771788
219 306224 837310
220 857710 237000
221 347944 765749
222 816403 69416
223 440674 767300
224 982001 23092
225 312173 747049
226 982482 65896
227 380661 825397
228 443774 794159
229 995400 70240
230 867136 211276
231 894311 223664
232 322926 102029
233 856007 111044
234 343094 156397
235 384008 877717
236 331889 54453
237 277626 57153
238 381428 849718
239 457060 843701
240 401592 805282
241 857730 236323
242 330573 160701
243 864250 210906
244 961620 201137
245 363469 861380
246 978702 58720
247 861959 225559
248 1043338 122768
249 284159 125624
250 1124451 102131
251 867478 174691
252 360814 843704
253 318658 151200
254 388087 873414
255 932373 178967
256 262918 53023
257 399767 878615
258 879075 241976
259 865923 117995
260 923779 160263
261 469346 752400
262 355142 134493
263 359039 164193
264 372130 797098
265 977133 57814
266 385615 134878
267 348081 -963
268 295795 85180
269 835182 213160
270 376873 96367
271 966344 79958
272 966855 78983
273 861391 279659
274 258825 136157
275 284845 162073
276 964263 174439
277 954443 170884
278 285151 853591
279 438888 891268
280 876132 202044
281 323790 87046
282 814088 291904
283 882834 168274
284 888079 141020
285 408777 154456
286 1025744 161390
287 978898 80891
288 845875 231991
289 395235 791375
290 438862 793280
291 864407 200711
292 877389 127399
293 345281 128377
294 911216 187289
295 430109 874559
296 925757 45157
297 832294 95205
298 383304 43100
299 910509 47674
300 416432 843097
301 941444 56314
302 257088 133749
303 351271 749955
304 915728 4031
305 336235 22224
306 843459 113652
307 920033 204024
308 924219 141711
309 331921 847798
310 890840 243281
311 423201 786132
312 844527 175315
313 936960 179396
314 370354 879142
315 303701 817134
316 867396 76042
317 313775 101893
318 938340 102494
319 845331 123706
320 850537 188282
321 854020 163099
322 228494 127152
323 1033213 81901
324 1066570 106103
325 1021643 68167
326 340639 832197
327 843433 185287
328 960018 48131
329 852855 230982
330 953022 69333
331 901401 177880
332 774972 197195
333 455159 829036
334 985493 200013
335 277511 129795
336 842995 162555
337 969168 30409
338 370217 789600
339 880547 180426
340 901511 93608
341 335180 98940
342 277001 234954
343 216248 56503
344 948419 78894
345 330040 847560
346 952097 85193
347 778045 158268
348 363551 76317
349 1025114 161295
350 918539 161664
351 896590 214157
352 375151 879390
353 360714 116718
354 398705 812344
355 386014 93892
356 319188 136283
357 1006840 46771
358 337799 851836
359 298488 13094
360 1022558 -868
361 363386 67052
362 938801 5302
363 833272 128609
364 409081 822374
365 895061 203883
366 930027 97690
367 845937 231513
368 365774 161689
369 347082 843503
370 238123 111592
371 998994 11241
372 371805 45003
373 846908 143266
374 788760 104091
375 820346 203851
376 300808 152033
377 348628 195952
378 258802 256734
379 336908 898133
380 971403 34808
381 1029028 10029
382 316470 871452
383 805332 59178
384 366292 864817
385 845756 206091
386 872459 196670
387 403091 796545
388 300098 137541
389 964680 15198
390 377955 98726
391 415093 854678
392 426952 831699
393 349753 838737
394 331097 184335
395 429556 783726
396 356378 801607
397 856712 177847
398 308125 177439
399 885126 207495
400 331327 844857
401 350649 119951
402 335735 76351
403 1007519 84041
404 335319 91868
405 1033072 19920
406 459251 901033
407 951489 -13967
408 377140 104129
409 412846 837475
410 802628 232214
411 350262 85191
412 1037654 105445
413 407155 869897
414 861786 313837
415 451628 871193
416 840079 89184
417 824913 186545
418 1038336 -6642
419 318605 92171
420 832018 212612
421 288654 57106
422 879709 255845
423 986928 108463
424 274398 855294
425 948967 149585
426 249234 112110
427 373929 49881
428 816923 153185
429 283485 910775
430 345506 49662
431 859679 165702
432 348806 755596
433 246718 81050
434 302285 112467
435 827106 184166
436 861864 45213
437 294181 854175
438 447247 867606
439 929883 -21213
440 328347 60673
441 882274 152915
442 297362 12707
443 801290 203675
444 979153 38153
445 362168 127564
446 362814 124826
447 373166 121322
448 344922 99572
449 1015309 57314
450 885482 212776
451 905899 201628
452 422887 792348
453 848694 206141
454 855755 167424
455 899258 172348
456 334600 99299
457 849832 144874
458 907651 264641
459 368396 823612
460 939461 -473
