NAME : portcgen-538-8234922
COMMENT : portcgen N=538, seed=8234922
TYPE : TSP
DIMENSION : 538
EDGE_WEIGHT_TYPE : EUC_2D
NODE_COORD_SECTION
1 504158 62455
2 437269 318985
3 110041 86956
4 110539 -14418
5 615935 440133
6 560822 434894
7 162488 59590
8 455030 165165
9 403456 369690
10 495204 8895
11 213530 29535
12 530689 36660
13 342895 247342
14 431006 157539
15 415948 323390
16 460579 205808
17 515921 307022
18 607633 68185
19 331079 308717
20 382455 297694
21 459638 98477
22 486146 60012
23 545561 427959
24 441524 151373
25 46155 42054
26 173559 16629
27 614103 504732
28 412519 353863
29 558437 422173
30 378245 406644
31 382634 310218
32 70627 35386
33 365281 94527
34 391669 331838
35 90090 37091
36 508723 114136
37 442289 193382
38 393877 112178
39 478977 59512
40 406132 296742
41 80236 19799
42 605591 459911
43 486502 293287
44 429009 43651
45 592965 399453
46 609050 419841
47 592068 426796
48 350909 371934
49 509083 414089
50 377898 157956
51 641512 386292
52 514060 35726
53 344772 310172
54 466147 91280
55 485322 150913
56 356551 345050
57 100573 40961
58 625475 495765
59 436023 33102
60 544443 411148
61 442042 112911
62 65060 -58502
63 455015 153626
64 413438 352523
65 445451 105903
66 508626 106749
67 648248 437280
68 75315 64349
69 347458 408253
70 145199 43990
71 389287 345864
72 468965 108911
73 71727 -15544
74 579036 437822
75 424530 158465
76 551606 360489
77 398935 329381
78 613904 53242
79 214697 57512
80 483203 95884
81 508892 136303
82 574000 369999
83 444092 172066
84 598422 343065
85 654694 376046
86 128329 95920
87 470402 208030
88 566400 460208
89 520185 19477
90 403726 74124
91 59466 52342
92 623801 459707
93 599673 345177
94 387078 324632
95 585888 503436
96 108757 83479
97 428422 137729
98 403321 142957
99 101307 79224
100 74174 88806
101 461558 79333
102 406037 181944
103 695097 408028
104 587857 400028
105 111642 102827
106 141745 36772
107 346383 348725
108 631601 460049
109 380248 282625
110 511931 44346
111 576281 329035
112 531904 -87543
113 79519 -15124
114 435028 262825
115 490306 75609
116 412839 116147
117 641168 378187
118 335481 326873
119 427235 86264
120 469583 71842
121 379362 59039
122 642211 403200
123 586824 410695
124 429061 77477
125 76962 -18803
126 685655 405392
127 531994 105626
128 661916 414701
129 390284 308799
130 133389 108990
131 414585 115636
132 580258 451125
133 92276 77861
134 495835 97663
135 543239 118500
136 414515 365615
137 36564 128875
138 480562 -16945
139 398324 361253
140 504625 29299
141 111329 -32176
142 335536 338381
143 120572 -35469
144 482750 135457
145 550813 141157
146 405492 346436
147 468001 111875
148 44074 -15771
149 526236 58909
150 461919 164089
151 334925 319566
152 504036 118070
153 606826 433749
154 589931 394391
155 324023 297826
156 383536 54579
157 425183 257343
158 505767 63657
159 625306 387913
160 555009 387655
161 450719 146534
162 377951 356268
163 645663 513383
164 459083 311585
165 510244 29221
166 627010 420923
167 317797 377401
168 383270 312720
169 131586 43543
170 563950 409505
171 466936 174182
172 517598 56006
173 610970 430589
174 338308 330081
175 383548 328907
176 423808 111615
177 430138 56722
178 650979 372560
179 499323 27712
180 456746 -12739
181 512121 58375
182 342155 382094
183 475741 71429
184 448471 165088
185 431197 289458
186 401573 318564
187 645124 341509
188 30957 37085
189 455350 5420
190 375938 268504
191 559917 336906
192 597460 383429
193 85498 36958
194 347672 343257
195 433850 52969
196 413932 152355
197 510766 63824
198 67427 7729
199 66577 50174
200 630572 379251
201 351897 227893
202 380255 308620
203 577718 107291
204 408044 377464
205 293969 298478
206 477257 -9530
207 554881 14010
208 417103 69177
209 421150 50522
210 627311 490903
211 627297 312116
212 115005 32027
213 465782 82165
214 418003 335717
215 498069 88996
216 628237 464358
217 541522 113063
218 594540 375643
219 545842 -3608
220 579962 461333
221 74051 16604
222 503795 87559
223 562474 331539
224 357833 320876
225 432542 81218
226 533993 65123
227 632102 416335
228 396345 299782
229 445424 -37734
230 451696 311399
231 595247 283801
232 110347 38035
233 349326 288748
234 419389 324546
235 332799 275265
236 642735 429096
237 428175 315608
238 599652 507042
239 371394 347950
240 450704 131264
241 522659 24244
242 32067 98598
243 120543 -41891
244 460045 132645
245 340436 92211
246 619164 429968
247 436217 85770
248 399588 147319
249 101051 63716
250 357283 230156
251 441281 203781
252 432353 65895
253 349492 291076
254 101938 -26736
255 83145 57927
256 386782 74136
257 363956 276442
258 516812 80029
259 108953 54967
260 647945 348397
261 429617 371957
262 118011 122474
263 511200 68690
264 566043 457899
265 402430 360640
266 532114 125002
267 529812 386856
268 401720 212727
269 467503 343707
270 132459 29941
271 449092 -11063
272 421693 86588
273 568327 68540
274 115247 46418
275 70179 -22600
276 390354 364072
277 447294 280156
278 422065 276585
279 272945 337927
280 608520 72110
281 343411 369178
282 485339 106332
283 502698 -23115
284 46548 69441
285 160526 31606
286 713758 379906
287 134704 43038
288 415830 156087
289 60649 -39591
290 509729 43568
291 576854 416336
292 478467 78007
293 82393 -14193
294 522221 28097
295 451847 384495
296 542196 405652
297 444294 126766
298 393071 332267
299 419433 138675
300 122920 45588
301 655819 513732
302 508225 115487
303 567839 49695
304 447772 356014
305 337646 343641
306 487325 95287
307 496515 106311
308 420753 308837
309 482539 198102
310 614892 416530
311 288390 364486
312 464941 42275
313 521804 102733
314 564528 423971
315 438248 21347
316 411522 98634
317 426234 336610
318 501467 52387
319 80221 60251
320 398955 226187
321 472538 124813
322 37773 11691
323 426245 160625
324 536880 441736
325 399369 61221
326 418804 179812
327 101933 767
328 155490 98091
329 437764 57602
330 8827 38181
331 545083 475434
332 458677 157986
333 569576 450892
334 118588 80617
335 468358 117441
336 512075 145404
337 385163 320679
338 323141 314215
339 557622 49789
340 39857 8801
341 526878 63924
342 614217 423677
343 480804 78922
344 54473 23706
345 464155 173783
346 505073 110636
347 391942 364062
348 469509 103080
349 38458 -13624
350 377156 284092
351 396366 340288
352 150178 1781
353 616895 357359
354 449781 105330
355 495237 57666
356 661466 443051
357 364323 438668
358 435692 72279
359 446551 108331
360 373250 331338
361 631619 387786
362 498482 15721
363 602865 462532
364 381540 324278
365 365905 286192
366 639641 371586
367 476355 159378
368 425478 287009
369 401497 120688
370 453930 39978
371 457606 143826
372 396954 140569
373 502306 -11582
374 155402 85084
375 613846 417338
376 359825 348346
377 475876 355747
378 136109 19767
379 630093 399226
380 410542 340144
381 437625 384684
382 531937 45514
383 440691 180981
384 656775 385611
385 525289 25234
386 479070 29896
387 324755 337805
388 104634 42919
389 658542 440379
390 468937 50292
391 377441 346380
392 653125 391184
393 121418 103447
394 507475 136976
395 484047 426815
396 557855 465372
397 347670 270544
398 443791 275886
399 452874 85796
400 320311 290235
401 583897 422697
402 480552 54137
403 643900 423070
404 627250 421921
405 138607 52765
406 556489 477852
407 115099 115715
408 507496 62004
409 48457 46173
410 643886 348592
411 143997 36267
412 558012 405391
413 94191 27647
414 67508 74369
415 440645 88863
416 487485 84008
417 403422 115886
418 90221 80789
419 393267 309025
420 629694 485779
421 473908 128647
422 75916 48021
423 582349 360343
424 380563 366445
425 54208 42849
426 133119 72174
427 523847 443277
428 422274 282292
429 561531 423340
430 415721 219459
431 551692 40316
432 413031 311767
433 641240 420044
434 144524 39028
435 499505 415957
436 263482 327234
437 476753 347797
438 426576 222290
439 547139 65073
440 524230 -25838
441 676519 286076
442 532193 135302
443 641402 421540
444 429417 68832
445 565939 431373
446 636046 367307
447 677658 361079
448 431640 109681
449 423298 149248
450 417867 96400
451 95989 39300
452 59931 36687
453 497079 55130
454 495837 34657
455 539569 383924
456 490398 124673
457 370768 113313
458 336886 276621
459 154766 58617
460 97045 -30299
461 482145 88120
462 635019 458506
463 381511 217344
464 502768 43320
465 98520 41136
466 60422 32693
467 598289 350965
468 478227 120277
469 563049 112870
470 468043 130099
471 382516 310944
472 404316 95137
473 116395 20848
474 561060 402773
475 469734 153714
476 117582 42372
477 560965 89622
478 447256 83263
479 457132 52744
480 458407 154385
481 552195 122451
482 451866 47976
483 422818 341972
484 428355 325907
485 94886 47612
486 565121 392367
487 446271 50870
488 442257 133119
489 134954 144666
490 426647 271897
491 69608 68459
492 128712 61633
493 403384 375392
494 637318 438801
495 463351 177090
496 591538 462641
497 518110 76177
498 16542 -10039
499 490398 88668
500 460151 29392
501 385664 87520
502 361362 270794
503 607772 388749
504 357444 342725
505 536819 446821
506 321161 372766
507 410214 344820
508 47903 1212
509 607005 407427
510 25041 1611
511 349720 360920
512 529041 -13702
513 49265 42169
514 469094 146241
515 487497 71103
516 680820 489248
517 79540 43090
518 373219 271467
519 153315 43506
520 380059 106233
521 565500 76890
522 628713 383949
523 492098 55809
524 347732 294322
525 408678 90404
526 448304 106147
527 330123 353628
528 66746 38041
529 635132 388595
530 53265 95349
531 95689 2976
532 484420 440515
533 367743 294630
534 468510 67404
535 374991 109373
536 375181 66728
537 111215 60440
538 502503 54934
