NAME : portcgen-503-3046098
COMMENT : portcgen N=503, seed=3046098
TYPE : TSP
DIMENSION : 503
EDGE_WEIGHT_TYPE : EUC_2D
NODE_COORD_SECTION
1 511913 858851
2 364069 721148
3 146708 860247
4 1148 637860
5 -62767 667388
6 411104 757541
7 345656 743828
8 39022 726442
9 459327 700151
10 -393 253919
11 491426 840957
12 24847 689743
13 -76423 129665
14 -33985 132448
15 36138 828963
16 40108 94366
17 517891 894800
18 322989 713010
19 -39524 200991
20 364701 777107
21 381516 749693
22 340318 716817
23 37853 85444
24 17417 707357
25 547860 911851
26 445006 717427
27 -3045 661165
28 72481 848573
29 58219 699416
30 30448 753652
31 382421 749454
32 208849 907509
33 451471 945034
34 358080 772088
35 -5542 688247
36 103343 877885
37 -9544 137170
38 308011 700550
39 107498 805417
40 11677 692275
41 106673 741819
42 49695 149357
43 212998 793337
44 44308 698139
45 389549 729272
46 147496 796271
47 -9425 161111
48 92199 227999
49 57419 238650
50 411974 784765
51 73008 168161
52 534801 902973
53 341419 747130
54 91023 99095
55 8216 226073
56 450587 750115
57 387683 805944
58 339521 824252
59 260750 695294
60 535257 822860
61 378131 625803
62 496863 820454
63 332721 716632
64 82685 175117
65 559479 920031
66 528335 925785
67 -11504 240124
68 353565 802905
69 366533 759397
70 336522 763810
71 60007 719337
72 7503 650572
73 378801 702271
74 38590 865124
75 50724 826358
76 -29067 677462
77 180741 794143
78 129922 876835
79 353450 732944
80 61774 928039
81 1598 120568
82 196162 863209
83 369389 807395
84 153267 768229
85 -13376 653514
86 111476 869829
87 137329 821712
88 71214 634828
89 -15788 709372
90 511745 923396
91 6631 776999
92 37419 692742
93 41785 847998
94 3501 84386
95 58495 635313
96 527156 855615
97 208623 867205
98 145897 767863
99 121612 789336
100 501514 870399
101 -5026 753123
102 116542 826919
103 40959 187648
104 90094 767121
105 488021 881927
106 90373 148019
107 382294 780115
108 9177 101208
109 108631 877104
110 553125 843324
111 82382 640207
112 54700 785314
113 565545 871443
114 6639 170299
115 458430 882331
116 15782 122762
117 129634 752140
118 609443 921153
119 26561 691977
120 -9873 201983
121 90083 189561
122 29220 88280
123 -32426 736648
124 -48700 163241
125 21506 93060
126 414409 711983
127 507007 956428
128 121907 795256
129 15001 685884
130 -2718 200881
131 504977 953972
132 92340 770584
133 21030 734966
134 116136 905830
135 -19471 104603
136 83314 696486
137 44407 764355
138 40897 77979
139 71384 725957
140 8852 36264
141 78416 881973
142 154915 831916
143 8278 677259
144 127692 863949
145 511446 893380
146 513477 944385
147 114634 906234
148 159528 841806
149 265606 718565
150 78719 627617
151 50069 129363
152 130340 228637
153 72247 103758
154 536352 931828
155 362536 726563
156 17702 734252
157 33692 200927
158 73001 835276
159 -22912 201931
160 70170 113550
161 527 713860
162 9622 679001
163 464547 903572
164 97931 649193
165 -29585 192440
166 35404 661194
167 588693 929778
168 492466 882116
169 -112854 78290
170 -42854 167968
171 307943 769541
172 76583 91225
173 430495 829507
174 66268 769659
175 345890 740012
176 615190 847988
177 375794 729374
178 114452 834993
179 9404 149717
180 360762 721600
181 7699 150510
182 97472 807158
183 37182 141890
184 11102 221780
185 53238 862520
186 406426 749001
187 584784 991677
188 361345 820893
189 91300 770491
190 142074 820726
191 374575 716329
192 31141 714056
193 418554 706008
194 2707 649186
195 98095 913224
196 559711 933406
197 35660 622236
198 14992 181420
199 29092 128835
200 535422 949274
201 366530 763556
202 345842 751852
203 75423 873261
204 427248 820473
205 -13163 730150
206 50396 853295
207 518263 1014408
208 -75536 703708
209 131942 850223
210 39878 200815
211 371924 752264
212 544102 913807
213 -43935 755851
214 16085 755742
215 108123 838184
216 78003 780184
217 49969 122400
218 152312 887393
219 -19414 753990
220 619825 944363
221 125737 836794
222 325265 734252
223 -9014 79824
224 327307 762153
225 485605 950188
226 30543 160046
227 50886 186684
228 426681 755044
229 -36133 705959
230 486896 751819
231 189216 815122
232 507462 885914
233 465704 912996
234 173585 767755
235 141628 822779
236 442609 799757
237 594403 841047
238 510634 857856
239 8812 181731
240 568246 1017346
241 65569 716702
242 44298 705780
243 1 126431
244 404281 812811
245 545384 1020355
246 618103 968852
247 530926 906313
248 55560 98823
249 9988 675153
250 593978 940363
251 71078 785685
252 15805 93060
253 457121 916278
254 72512 682845
255 50047 139478
256 -10515 209386
257 -19685 688008
258 569529 1020423
259 21667 764850
260 66954 62061
261 587492 949137
262 452230 767824
263 544404 837938
264 371582 772415
265 99710 816966
266 83378 838619
267 511921 938226
268 390766 779886
269 596528 915376
270 24765 710584
271 -2882 640333
272 466586 750337
273 28072 169182
274 -47390 120229
275 382137 769058
276 106777 880805
277 107438 845758
278 159718 845442
279 29098 145110
280 392893 795035
281 84131 909342
282 564142 881964
283 39093 158007
284 -55050 169303
285 545080 927285
286 558238 860998
287 173629 789579
288 87492 808481
289 332431 805444
290 84930 757287
291 -54189 172571
292 517748 901126
293 389828 730603
294 370061 738007
295 471977 899998
296 41353 846622
297 15101 190834
298 473571 756876
299 10584 696936
300 511130 801456
301 99431 695481
302 8401 735279
303 279907 666262
304 -90834 97715
305 -88681 211389
306 52435 659757
307 498432 980079
308 45370 663369
309 2448 143230
310 624341 908249
311 92717 851962
312 478398 904258
313 107555 886956
314 604988 887463
315 335191 821124
316 -6045 659370
317 782 696821
318 27827 92171
319 14063 784633
320 385620 793319
321 57293 712686
322 128259 648901
323 6219 712300
324 436145 754008
325 88234 806981
326 79018 688239
327 553245 903112
328 464560 743907
329 81352 94286
330 78187 701314
331 513569 985875
332 355543 725935
333 488734 915528
334 -5747 672933
335 144470 894312
336 528706 859650
337 132906 818535
338 1172 711934
339 63989 630139
340 38546 640702
341 32482 245931
342 572759 832903
343 362592 762126
344 -11758 127214
345 403561 740304
346 22887 690001
347 534229 987089
348 4502 197860
349 460737 765042
350 530217 853018
351 168517 800473
352 583814 961233
353 105221 863857
354 559235 966212
355 395244 649357
356 601255 1004553
357 77045 191195
358 109636 879159
359 566683 914386
360 100040 794868
361 460409 860788
362 20771 197034
363 409254 716251
364 326997 787164
365 157692 904698
366 190602 807738
367 82468 831457
368 541289 860783
369 474072 928584
370 12155 258047
371 356917 798966
372 49778 235870
373 546345 988473
374 629003 923368
375 53485 716009
376 15943 190836
377 628615 856045
378 317804 814612
379 128606 850732
380 108920 738565
381 605965 927906
382 41139 121236
383 443623 846431
384 279982 826132
385 141292 873093
386 -27904 155520
387 9059 653014
388 420101 780332
389 310819 699003
390 -80721 227962
391 8695 139637
392 82411 772737
393 -56166 140460
394 110290 672054
395 -3670 152531
396 68119 157281
397 401680 821699
398 13252 693308
399 78375 127077
400 25060 116446
401 132433 829360
402 35868 150198
403 58464 188261
404 115594 687068
405 518614 903494
406 95266 740666
407 401026 693115
408 470326 781624
409 506146 861414
410 -37482 163589
411 -22339 165996
412 -18207 80341
413 354429 824187
414 531975 979124
415 73021 690104
416 546913 901307
417 41074 152752
418 102464 781801
419 533944 918787
420 66918 872168
421 566621 900614
422 62972 754182
423 502470 885330
424 154688 867695
425 -5173 706827
426 118370 653185
427 27466 710591
428 464790 741128
429 386757 723307
430 -52431 241709
431 391217 708572
432 58679 715901
433 480897 855859
434 501278 923741
435 13410 115192
436 556204 918992
437 9855 186516
438 189160 860084
439 442590 853636
440 -3319 96115
441 432229 882216
442 454209 803680
443 104425 149219
444 58846 632790
445 405114 727361
446 -62666 727350
447 358863 678812
448 438666 784177
449 538421 925141
450 205903 821376
451 401027 713442
452 336484 716281
453 607100 942616
454 -7807 638348
455 37841 27610
456 533256 837097
457 39434 627084
458 -19207 703680
459 516196 950940
460 496154 899520
461 361111 817973
462 8091 168409
463 74561 820662
464 -27595 183457
465 590542 935840
466 425809 705015
467 361477 686682
468 157221 796540
469 344468 691922
470 518411 914817
471 3033 144706
472 31823 144485
473 528135 945345
474 84909 852371
475 442524 733062
476 -36700 569378
477 98080 662742
478 117749 793042
479 20525 736086
480 362969 766080
481 120666 769674
482 128562 879257
483 123358 815380
484 167623 829405
485 72892 106262
486 529325 966062
487 702 711773
488 581371 904903
489 337200 741660
490 166662 861534
491 580596 899878
492 49096 158245
493 124209 843759
494 120760 790001
495 608744 946268
496 132727 780782
497 547664 885596
498 525548 917852
499 300870 757911
500 72568 615875
501 157761 757943
502 128208 822812
503 553369 956466
