NAME : portcgen-471-3519290
COMMENT : portcgen N=471, seed=3519290
TYPE : TSP
DIMENSION : 471
EDGE_WEIGHT_TYPE : EUC_2D
NODE_COORD_SECTION
1 798236 731445
2 656403 537535
3 777563 631393
4 608084 562617
5 806854 717423
6 824535 758179
7 777118 780614
8 641567 698096
9 576466 496995
10 625365 581652
11 628749 541158
12 698654 739879
13 532710 539394
14 555118 567083
15 793857 693040
16 637468 472104
17 509448 479492
18 528089 507400
19 648852 630849
20 589990 633545
21 502277 493899
22 565452 473969
23 592188 615885
24 753870 601423
25 638912 355185
26 590445 512555
27 560730 473205
28 612494 600044
29 604283 431797
30 500730 519326
31 689929 600708
32 542474 521618
33 594337 445432
34 519690 479510
35 744386 630737
36 546847 554748
37 777117 783145
38 563297 468443
39 713175 713626
40 629937 664075
41 827773 740888
42 584394 534842
43 534150 624853
44 774638 641065
45 646739 624510
46 528310 311839
47 633475 565889
48 728352 692170
49 590077 405728
50 532708 497824
51 519920 499902
52 536065 417332
53 878021 738590
54 610623 622216
55 526654 445247
56 449009 441607
57 580992 445300
58 667914 603713
59 570881 485301
60 490730 559249
61 631537 464486
62 700815 717577
63 765714 761158
64 612056 657030
65 585728 568623
66 667578 510324
67 834475 689662
68 625906 532686
69 797144 665672
70 779483 793424
71 656452 411369
72 653647 642058
73 577066 471389
74 748709 699063
75 640086 398070
76 658907 609949
77 563611 396917
78 784940 701849
79 704408 639232
80 631937 615463
81 727444 826010
82 557590 552531
83 558747 628179
84 412681 629648
85 514612 526094
86 533854 531725
87 755914 657878
88 794436 721464
89 770155 726353
90 813831 712057
91 607596 631635
92 555221 518672
93 564989 450208
94 818714 685641
95 646948 569507
96 503139 506978
97 609224 579577
98 645807 330539
99 556974 600446
100 750540 714727
101 795665 684278
102 873998 735656
103 571067 581300
104 714005 502053
105 673008 478771
106 612407 691698
107 519807 515407
108 766378 671751
109 691398 542113
110 639740 538937
111 525783 409310
112 550128 439320
113 628175 686046
114 667292 599318
115 546550 508760
116 614046 407662
117 503624 553219
118 570786 469783
119 594487 508859
120 602545 551167
121 556445 460630
122 599448 455521
123 751649 703671
124 613498 439686
125 810225 770865
126 428834 573904
127 725149 708976
128 585623 489112
129 512639 493113
130 554097 487236
131 776610 740499
132 571228 493654
133 518684 495335
134 611824 384058
135 619648 593981
136 702819 728153
137 553079 434965
138 773696 757622
139 623699 596219
140 509572 413501
141 642247 465715
142 540238 407451
143 623498 516728
144 793802 646416
145 637210 376677
146 580048 447725
147 624125 655911
148 825337 698759
149 637420 473135
150 756990 662014
151 620851 520931
152 542931 427682
153 550947 646058
154 554442 519831
155 635371 596874
156 492023 611193
157 679207 619133
158 864565 681401
159 520454 458350
160 669163 568563
161 559598 521324
162 848270 698015
163 463107 509599
164 678350 659983
165 769536 719703
166 722868 764384
167 690854 599990
168 574369 457828
169 622851 465644
170 541412 386121
171 546317 387027
172 707045 602955
173 792251 754951
174 517070 589421
175 598404 510033
176 628970 634552
177 613707 457290
178 799254 691652
179 559371 475323
180 546810 527683
181 566325 441265
182 546680 384713
183 589029 464302
184 616726 576062
185 508111 426388
186 540851 580591
187 737673 707746
188 861427 617006
189 557352 431632
190 503149 495635
191 536224 585248
192 717907 711593
193 591551 683091
194 526853 461671
195 620841 435201
196 602150 647844
197 607857 449937
198 538256 424774
199 859366 780093
200 633803 576703
201 484253 593771
202 675390 387831
203 793346 698792
204 590241 631621
205 540485 512158
206 751952 645177
207 578758 531871
208 609179 437290
209 637594 455943
210 574701 680305
211 554628 464799
212 788252 715257
213 753995 729828
214 584745 597326
215 629166 606647
216 778023 744478
217 815067 712922
218 590826 635273
219 564176 467329
220 804273 796191
221 582855 518079
222 851203 674076
223 566327 426958
224 805542 756970
225 604738 557632
226 866186 734282
227 615571 637545
228 598759 585776
229 537456 562207
230 523013 506340
231 766982 655642
232 561516 542476
233 598591 455063
234 780851 644653
235 557370 437778
236 704093 793025
237 572681 503321
238 581417 672667
239 623067 618742
240 655714 593577
241 479427 515304
242 507539 533473
243 652831 411916
244 658687 603099
245 539842 545675
246 474485 504683
247 802948 718472
248 541279 545845
249 477742 569754
250 707717 482874
251 779246 742635
252 577082 447950
253 662971 449781
254 500991 521083
255 602863 558887
256 854355 683700
257 757251 758813
258 559474 654682
259 577735 584787
260 608309 593497
261 579356 331890
262 641340 480411
263 774389 693084
264 752086 756101
265 539984 332456
266 578525 638537
267 646147 434395
268 671384 571619
269 746570 622903
270 591100 432596
271 611954 576908
272 816661 710276
273 562408 531569
274 523593 514629
275 761155 715713
276 608530 557592
277 556299 488751
278 633889 378671
279 521270 533285
280 541022 506709
281 545363 538179
282 823382 732943
283 798628 689312
284 591610 575908
285 785502 664801
286 514799 482866
287 593699 561408
288 776677 729926
289 545974 456456
290 623324 660158
291 678159 606075
292 580208 656808
293 729470 677811
294 840429 678011
295 583311 462252
296 799385 778951
297 678832 433600
298 592005 516655
299 511236 429181
300 822348 755070
301 610581 404683
302 587136 492078
303 739968 614412
304 607209 571364
305 786607 687082
306 590061 476513
307 517438 497029
308 639877 634997
309 660191 476377
310 504042 493000
311 857783 686695
312 656781 369843
313 691333 610063
314 571709 463543
315 549778 526579
316 746094 675492
317 559294 598522
318 763552 699800
319 842750 781330
320 549725 512982
321 501325 497378
322 657439 623541
323 875483 627576
324 576600 444398
325 539017 501366
326 561561 478549
327 635741 603432
328 576592 435118
329 792336 758631
330 746291 689497
331 608505 315904
332 567897 530494
333 651142 641331
334 656689 626167
335 641313 635167
336 514048 570592
337 838388 748436
338 525573 391921
339 582824 391202
340 498496 464510
341 513471 561293
342 669505 631121
343 544766 349843
344 679980 645888
345 581047 364748
346 461214 514450
347 584363 491662
348 574104 536608
349 653811 364339
350 632258 473129
351 543826 571393
352 729991 695559
353 700266 611816
354 520006 495241
355 522806 579179
356 609484 412408
357 534333 489130
358 606078 556774
359 629344 406889
360 585018 562812
361 584842 415211
362 608359 649755
363 592867 372909
364 752303 709938
365 610227 420797
366 542821 451814
367 590204 507953
368 511853 537528
369 783165 737665
370 584537 609738
371 798495 687390
372 587162 429719
373 564508 533298
374 620619 621033
375 820993 753362
376 750426 771570
377 619365 705811
378 662595 435031
379 574852 624152
380 440581 535045
381 640860 553253
382 818376 758192
383 438746 526988
384 729548 795655
385 597910 515217
386 539362 583876
387 852319 725794
388 523505 499443
389 655644 643445
390 487586 486867
391 483492 444311
392 517045 530984
393 768999 682479
394 628368 613389
395 691808 761846
396 717730 648208
397 576498 461274
398 613854 437688
399 632034 565060
400 605007 692917
401 699408 575991
402 786231 798967
403 719720 729998
404 704561 738368
405 728096 724853
406 588312 639207
407 599049 557242
408 860237 693053
409 650925 647645
410 628280 569581
411 532675 395937
412 538239 470710
413 597019 541831
414 809929 727054
415 658962 644758
416 758044 679911
417 573195 523745
418 478659 447343
419 635781 666562
420 638861 720286
421 552681 404703
422 759878 758831
423 783955 724048
424 694949 618334
425 525742 573089
426 824298 720349
427 539871 573614
428 518832 450685
429 521237 426913
430 580558 493045
431 639067 394210
432 714352 775265
433 567212 536487
434 643119 592787
435 637602 557882
436 541255 608703
437 594460 630874
438 638960 389494
439 568151 617067
440 542145 410032
441 644673 656292
442 518373 612074
443 494358 374396
444 722038 718528
445 766325 749725
446 844730 696443
447 639639 395821
448 604858 415066
449 579898 367507
450 626949 354645
451 563915 427380
452 499752 475593
453 733088 717763
454 611719 570773
455 587502 400138
456 565236 486194
457 548627 488105
458 528579 459725
459 635493 616916
460 639867 636541
461 824059 662796
462 804836 762096
463 550290 524854
464 571836 543577
465 649815 479078
466 755123 738136
467 596893 393052
468 534687 597504
469 693140 428401
470 795868 688459
471 683577 390360
