NAME : portcgen-531-5174954
COMMENT : portcgen N=531, seed=5174954
TYPE : TSP
DIMENSION : 531
EDGE_WEIGHT_TYPE : EUC_2D
NODE_COORD_SECTION
1 859617 675733
2 792179 717749
3 851337 774985
4 980 47781
5 232878 845878
6 20935 -36205
7 226704 801520
8 848121 777008
9 -23340 -35241
10 762446 656158
11 403508 424204
12 79984 52174
13 763596 751433
14 33263 19889
15 783660 735004
16 49022 41943
17 768234 642035
18 -73949 -31512
19 219480 855102
20 820301 729002
21 179439 786980
22 420938 428332
23 454541 488308
24 16629 83332
25 877906 606581
26 46705 -7043
27 789491 657616
28 758206 731454
29 38811 -12986
30 792842 691357
31 751326 794964
32 424147 357334
33 376509 410610
34 268961 862412
35 -50078 75466
36 460405 428937
37 742835 628015
38 34015 107663
39 206757 845096
40 766255 625545
41 772181 715772
42 260944 809532
43 717191 740160
44 252213 890324
45 304897 825171
46 144614 12002
47 -15645 85179
48 775885 778787
49 237176 731428
50 753842 700387
51 54907 -115907
52 802826 681005
53 404907 311408
54 832896 744072
55 225564 764450
56 453772 335086
57 36529 61296
58 280392 753951
59 316623 316620
60 247729 751186
61 814209 703333
62 26396 530
63 794896 756209
64 728160 667331
65 776124 721081
66 868053 695199
67 35783 -18499
68 712341 733966
69 129939 38899
70 366230 369562
71 758214 723733
72 19058 36044
73 -9508 3346
74 763668 723129
75 792563 702434
76 721553 770600
77 787986 698270
78 841269 755021
79 663773 798686
80 704897 777961
81 301934 875787
82 861965 717930
83 77955 100632
84 726077 720531
85 805240 698211
86 406625 388514
87 718124 656606
88 50305 104514
89 789946 752555
90 375201 318177
91 708176 700293
92 -54194 25669
93 447957 285514
94 11808 30781
95 809229 746420
96 38253 7670
97 372426 394904
98 826748 666902
99 392485 343239
100 757313 761140
101 33000 126318
102 311443 819487
103 781334 741774
104 231932 898725
105 273935 864424
106 416372 328388
107 723769 720053
108 782453 780596
109 809919 729009
110 247581 742698
111 784211 719612
112 472637 422695
113 799884 592149
114 804617 657114
115 409035 300675
116 272542 842666
117 778997 662902
118 788696 746232
119 25118 50712
120 209237 795233
121 -51181 44926
122 330559 708193
123 785975 750138
124 73158 50101
125 83320 79460
126 730543 691533
127 763630 690391
128 -15351 74320
129 347213 385957
130 53825 15580
131 800697 750340
132 227764 858271
133 247356 837614
134 145794 813664
135 761483 701899
136 831339 701431
137 454196 377020
138 830268 684224
139 379290 387655
140 729475 630899
141 252772 769868
142 15190 -30913
143 -15868 -17321
144 251176 766614
145 74288 -34421
146 -4091 59522
147 764282 795432
148 457485 314150
149 320970 839678
150 703399 722939
151 39598 -29687
152 775281 735046
153 59967 48938
154 429506 366939
155 814485 720414
156 248499 751734
157 269640 897274
158 487509 319556
159 274793 804492
160 844471 743292
161 821715 738325
162 442732 361367
163 208149 832781
164 871656 712142
165 394427 338279
166 768891 711917
167 663843 708166
168 832667 710424
169 690457 742863
170 761012 582670
171 -20218 35436
172 803065 717778
173 51804 -23144
174 448852 420062
175 293862 835983
176 423024 345930
177 732283 655351
178 784265 730334
179 746924 670528
180 480536 304228
181 786406 701707
182 24942 -28967
183 231430 830959
184 734331 726589
185 208665 796159
186 731432 696849
187 19592 34276
188 274084 752866
189 501175 405551
190 720424 670921
191 328241 797354
192 -22293 26867
193 108809 122979
194 832820 691985
195 36860 37083
196 838421 736894
197 737524 685886
198 282166 704898
199 786215 686378
200 8707 31022
201 -52597 4981
202 722723 696482
203 769566 752695
204 258688 798127
205 778212 694893
206 826698 644973
207 277097 820059
208 250837 804238
209 404065 437282
210 9015 6722
211 444770 398466
212 458922 339591
213 237847 857996
214 428208 334797
215 773786 724681
216 891061 690249
217 795707 808449
218 866592 720272
219 787669 656645
220 65357 -10516
221 43194 -31213
222 105394 35201
223 322381 832288
224 -87191 51996
225 710210 734016
226 706779 757675
227 383583 371525
228 192213 907220
229 405053 342956
230 351870 792418
231 787476 754680
232 205596 822612
233 475770 290481
234 806414 692932
235 76486 43676
236 273503 879156
237 340820 391844
238 818560 706213
239 212802 881955
240 190637 897221
241 -10986 36485
242 475805 380002
243 376986 421686
244 781935 776324
245 441061 485493
246 796836 724026
247 393196 349032
248 337899 438923
249 748159 750849
250 256138 861409
251 21750 41449
252 -45365 8668
253 52622 -13072
254 763988 706598
255 203691 789101
256 416545 433830
257 410221 406356
258 824170 719298
259 339577 385193
260 -6884 20492
261 476468 388656
262 748262 707105
263 734773 655792
264 220537 860232
265 251387 815446
266 819968 692525
267 339139 369854
268 164611 784038
269 413026 332623
270 207648 761418
271 779101 665958
272 253687 857065
273 742743 759824
274 816785 684841
275 474065 419462
276 751820 768242
277 199781 878701
278 38599 101194
279 234681 805305
280 382628 397767
281 805570 682566
282 820202 704019
283 -13532 6823
284 421319 418139
285 464878 296488
286 287575 790534
287 804662 676051
288 74770 148542
289 418292 467688
290 65941 15993
291 728355 751962
292 448127 317327
293 34548 12290
294 69819 -5159
295 418883 306668
296 296470 823135
297 751505 690982
298 726948 740937
299 25335 38545
300 5280 74354
301 732190 709105
302 756755 689115
303 -11493 43636
304 9307 -25619
305 429616 347617
306 242840 793616
307 261596 850662
308 234548 888192
309 277957 822462
310 24951 21781
311 424234 403048
312 828845 711011
313 447033 304889
314 105620 28462
315 705425 726890
316 241553 847966
317 723560 646008
318 -85578 -18680
319 239592 851873
320 48290 5594
321 210624 919335
322 494377 402175
323 102421 -19784
324 804242 707039
325 8395 44000
326 60309 51848
327 754463 762585
328 767505 667632
329 844878 620198
330 755242 692310
331 405891 352527
332 259890 826155
333 823115 713000
334 355880 433057
335 471423 284691
336 50498 -26293
337 408531 385402
338 48666 113715
339 431623 332356
340 407322 356409
341 258769 796917
342 272684 747721
343 785227 721358
344 798674 636789
345 693530 701714
346 233240 822123
347 74985 44038
348 379813 394905
349 58364 33736
350 814411 709677
351 51386 39660
352 227424 856827
353 772877 715633
354 288321 883865
355 446284 287240
356 718376 662938
357 28375 -52920
358 192472 849388
359 437325 349313
360 9287 35412
361 670621 798422
362 759282 733178
363 819499 679467
364 841152 594862
365 766478 717231
366 779937 660405
367 707619 673102
368 31422 6187
369 82261 -1332
370 189076 898688
371 755062 691201
372 862329 662504
373 365925 363713
374 753198 700822
375 742819 725047
376 249971 775190
377 787396 749892
378 887905 754902
379 812297 759644
380 777219 699988
381 -6959 100824
382 -14841 112491
383 833576 715387
384 409902 456504
385 85588 35376
386 804729 734813
387 282288 876908
388 79920 66225
389 40515 13371
390 214242 785898
391 812604 771851
392 252098 904296
393 456150 386087
394 826868 742444
395 -8927 61308
396 815586 727071
397 785291 638027
398 -3655 95005
399 63228 63810
400 817572 709383
401 781540 685534
402 742942 657329
403 423147 376239
404 33125 21757
405 797926 752452
406 422190 400960
407 818522 657654
408 805468 776596
409 285424 832184
410 781569 654105
411 807105 724959
412 130975 20868
413 370515 388142
414 811878 667138
415 740412 679688
416 259555 800675
417 275148 814581
418 420931 343638
419 462529 351540
420 811649 658185
421 482022 329623
422 -20100 33847
423 764064 674053
424 316367 792591
425 818584 667458
426 251529 864915
427 777334 714711
428 270420 815899
429 751127 656044
430 385378 348995
431 -53632 13354
432 34854 1172
433 318116 288661
434 723220 708707
435 838146 696265
436 837610 668127
437 800568 708866
438 418924 315831
439 788775 719250
440 390932 373424
441 14984 144440
442 447520 328837
443 -41253 17938
444 357496 348251
445 20072 51867
446 -15938 -11968
447 706928 702691
448 129762 114853
449 408894 322353
450 179216 815799
451 210575 832498
452 26773 91722
453 729890 687628
454 884905 739144
455 255365 849260
456 378602 402785
457 265333 791658
458 16848 7291
459 694366 748469
460 458107 368651
461 424271 377391
462 869836 721521
463 222626 872720
464 391724 385442
465 258282 805519
466 758060 732085
467 229207 869735
468 368704 339948
469 404190 327186
470 379971 328001
471 675561 698643
472 300885 779370
473 791291 674203
474 753051 687041
475 -31506 78201
476 56871 -61105
477 284615 792248
478 -58983 46999
479 855271 759757
480 238625 829152
481 208654 823591
482 780061 737098
483 763767 770440
484 81236 19133
485 863382 801547
486 -8420 68950
487 847165 693831
488 840095 715027
489 431442 394377
490 822160 728507
491 774184 650250
492 382182 379931
493 194181 875810
494 417362 364208
495 789496 769483
496 707756 698555
497 437954 385080
498 100322 43656
499 229042 832514
500 471871 346186
501 837031 682182
502 711157 773368
503 417837 347626
504 21932 37826
505 369162 309676
506 178099 815817
507 807583 690462
508 467167 364320
509 768145 646999
510 340118 399910
511 797326 693845
512 180202 858231
513 764390 680490
514 215555 902730
515 -26991 10492
516 361715 342183
517 293579 818045
518 291733 331156
519 853958 648215
520 -3013 35472
521 864345 724064
522 810956 716886
523 731799 652540
524 409127 437563
525 825475 691625
526 739103 727641
527 257335 831080
528 791102 781085
529 393762 330006
530 -19972 -12471
531 318168 831362
