NAME : portcgen-591-7311340
COMMENT : portcgen N=591, seed=7311340
TYPE : TSP
DIMENSION : 591
EDGE_WEIGHT_TYPE : EUC_2D
NODE_COORD_SECTION
1 313951 254888
2 894028 932894
3 602413 743334
4 341647 262848
5 262225 518820
6 474541 367328
7 72894 276118
8 342333 235703
9 919238 970987
10 658084 684129
11 917913 859148
12 973507 915301
13 613901 856562
14 842739 970817
15 359087 257459
16 612860 727528
17 134338 268930
18 4477 302259
19 388159 244398
20 340040 206454
21 861029 953983
22 348025 307373
23 410161 260081
24 308290 255927
25 641679 733916
26 78724 242354
27 332185 470962
28 786710 917963
29 28826 269977
30 320102 286390
31 358733 455022
32 355368 204437
33 311176 247693
34 391312 280557
35 79889 276152
36 319840 370320
37 585254 685217
38 898071 908416
39 -20584 314689
40 871584 897815
41 880336 940348
42 866091 945398
43 -38814 259605
44 353979 251995
45 340718 440793
46 850274 1008816
47 805362 1044522
48 567265 838267
49 24572 286234
50 326201 201673
51 600595 681902
52 568352 715153
53 314658 447549
54 899374 954452
55 258521 490183
56 631257 702945
57 386140 243741
58 580183 752129
59 291339 537917
60 577833 792175
61 889278 921757
62 344875 273422
63 823697 898259
64 20016 316558
65 -14105 359729
66 297317 479270
67 -7632 283782
68 14836 305640
69 933468 924157
70 924304 946705
71 380947 314851
72 330135 354969
73 27762 287467
74 261508 440620
75 295046 447262
76 -6744 250694
77 -11989 338227
78 821199 973920
79 375173 331917
80 900754 921007
81 371778 209676
82 346878 363482
83 267630 441834
84 319951 259977
85 848616 976935
86 612313 669272
87 614201 688156
88 299303 448930
89 866464 951005
90 328362 294997
91 580891 721970
92 546909 646703
93 605320 692915
94 322192 281293
95 618703 758104
96 339144 442228
97 57864 275555
98 594119 669794
99 859279 1014266
100 634031 716140
101 266183 433417
102 927325 955104
103 262505 555140
104 944773 980405
105 398625 280391
106 634381 740741
107 314818 425038
108 324653 443875
109 581912 731611
110 919132 972294
111 298147 487962
112 310608 279811
113 373666 291978
114 -12905 274730
115 907690 1019510
116 627710 699853
117 906823 912037
118 21008 327440
119 30290 181943
120 15507 287153
121 334352 494973
122 264423 458256
123 549018 692284
124 407482 273342
125 889027 944922
126 393380 226759
127 559411 689294
128 307974 445048
129 844386 974284
130 589132 713662
131 546541 716471
132 947282 992913
133 -13746 272143
134 287686 477390
135 606692 737305
136 864200 1076556
137 849670 951695
138 875697 982239
139 56617 300217
140 653425 755646
141 348220 248331
142 865252 994541
143 278989 401886
144 911030 1046597
145 555815 736460
146 -13832 254634
147 -940 259749
148 876859 1041153
149 406254 535645
150 609325 690775
151 641124 740802
152 317108 331291
153 390151 452701
154 900569 991811
155 6392 276178
156 239974 277223
157 7643 315234
158 845292 960574
159 575415 817992
160 893230 924240
161 35907 248395
162 330451 444401
163 307782 397655
164 877617 977246
165 910223 924869
166 51323 247545
167 385352 274392
168 627554 687727
169 262543 428820
170 278990 439511
171 854490 1050491
172 614892 729847
173 918209 976947
174 593051 759482
175 639927 769667
176 228909 412987
177 546984 706545
178 324950 554969
179 820947 909463
180 591221 698921
181 646649 814701
182 857700 973245
183 860932 955310
184 31935 300913
185 25860 299374
186 645378 705892
187 886473 939055
188 100870 288717
189 262717 442116
190 896143 998833
191 801888 967394
192 376198 232206
193 304982 497763
194 271276 455142
195 275967 421643
196 338347 473944
197 215615 455157
198 289024 231367
199 294063 517335
200 863910 931093
201 43890 213528
202 2067 285175
203 24100 319188
204 848668 955663
205 339669 246146
206 861312 1019272
207 22092 277701
208 949670 921970
209 99566 278067
210 880889 999708
211 287808 447799
212 335253 335098
213 -27185 200316
214 109480 368270
215 583272 750347
216 889450 973987
217 907285 937181
218 303415 493150
219 350736 282526
220 323411 287632
221 -39397 207225
222 315050 325205
223 893444 938166
224 37888 304263
225 569260 714030
226 918180 1042220
227 312004 250522
228 938549 983604
229 890070 934994
230 545542 720094
231 615744 714610
232 805840 883981
233 548704 683703
234 452933 295423
235 300920 516186
236 283742 286055
237 358695 538764
238 316694 330456
239 104551 193990
240 33966 229348
241 333510 251903
242 301382 211711
243 288537 447251
244 320205 440894
245 289694 256281
246 304124 304797
247 881090 943848
248 333700 249194
249 238651 420723
250 874759 994656
251 321172 484343
252 622515 755168
253 80381 366833
254 34321 126541
255 228061 514049
256 248493 440701
257 38992 304013
258 390462 258478
259 314155 239505
260 588130 689001
261 -34013 287058
262 884398 980535
263 421718 312395
264 36613 320345
265 620891 766764
266 613999 725506
267 337603 493834
268 612445 707743
269 593754 676802
270 901838 979158
271 822696 980174
272 251714 542636
273 613019 709839
274 637559 751817
275 37366 264547
276 881254 992910
277 612913 715860
278 347561 422463
279 279024 452200
280 -7614 243836
281 3465 321485
282 891152 979453
283 654935 715562
284 23806 290339
285 283802 233299
286 883728 1008960
287 221537 403745
288 913647 988416
289 332270 459133
290 260971 436683
291 540211 737022
292 594065 720996
293 373331 265126
294 240328 520860
295 843560 930203
296 316140 187390
297 357303 206423
298 37142 273866
299 -6992 244669
300 349675 256633
301 383312 292923
302 658340 652498
303 592876 748092
304 871882 954867
305 614333 691821
306 304543 474438
307 924041 1014657
308 329336 186762
309 897088 981244
310 315422 258495
311 837276 946823
312 269736 471668
313 828890 957860
314 55771 321225
315 316276 261346
316 370780 306149
317 43692 249510
318 313416 298117
319 340714 307723
320 893582 1025305
321 869342 967601
322 311208 266891
323 877765 1019538
324 423099 343321
325 953847 979209
326 585429 768558
327 625903 766328
328 29183 236944
329 596224 815536
330 787193 961033
331 263622 457383
332 597814 759517
333 414934 327508
334 336050 467245
335 578877 742126
336 922340 956642
337 341606 480222
338 894770 923530
339 359527 372058
340 860582 1037780
341 922 294078
342 303492 510057
343 602187 756855
344 626556 584212
345 609222 759824
346 646385 740049
347 890875 928237
348 593759 705447
349 604503 680313
350 875519 973880
351 33328 304285
352 69881 232741
353 326349 445570
354 614290 669781
355 605653 671644
356 357344 219270
357 335363 487744
358 13120 276385
359 876334 980304
360 546588 749958
361 506313 709431
362 -41147 330048
363 421404 311121
364 561411 679398
365 594416 755366
366 -78357 266086
367 58266 302985
368 330673 301443
369 885609 990220
370 50292 236616
371 886336 1008667
372 576457 785721
373 340503 225920
374 209042 451836
375 284991 476142
376 952131 1080467
377 907849 952571
378 807660 902697
379 922638 1057823
380 846325 1024683
381 933514 951937
382 655749 672260
383 303721 393184
384 353917 319037
385 879336 1045750
386 308743 342645
387 319198 206276
388 936651 918934
389 949979 952368
390 316031 484738
391 25151 304632
392 313240 500860
393 352016 357501
394 318077 455211
395 906434 917592
396 580551 696888
397 645606 679161
398 488873 222062
399 612362 769108
400 660323 742827
401 553355 727864
402 37934 309465
403 565596 756898
404 422016 251114
405 904695 837375
406 -16548 260559
407 22802 317434
408 320574 499512
409 819300 1015346
410 280683 257513
411 -14666 243515
412 265122 494418
413 926268 963349
414 596161 777238
415 595997 763881
416 360498 287035
417 11323 274363
418 -18308 221182
419 39926 236566
420 317976 318875
421 653145 766143
422 811163 928527
423 349185 573049
424 367575 271594
425 377300 419896
426 615400 718235
427 -1681 290859
428 262421 463688
429 522386 741982
430 888679 1011682
431 -18143 237965
432 26969 298920
433 291123 294935
434 930442 964015
435 339618 282914
436 320000 477660
437 863577 1006274
438 327919 320253
439 33685 261925
440 566731 654005
441 287174 204319
442 361065 259114
443 638243 724312
444 310376 313485
445 330240 270387
446 293771 491945
447 -36146 316346
448 496272 724663
449 926687 956200
450 595299 753958
451 861539 1017905
452 267572 493420
453 361425 288794
454 794566 909165
455 41808 240953
456 612287 734752
457 579162 655771
458 8718 199825
459 871648 976676
460 612290 792090
461 259198 497284
462 855196 924486
463 583714 683212
464 49881 188623
465 70848 349572
466 56968 293897
467 305977 434083
468 -19874 354637
469 710256 689986
470 43349 246693
471 26795 306580
472 311908 418270
473 864201 967483
474 327967 325489
475 395834 266124
476 349770 313979
477 818221 979793
478 334624 292753
479 590970 730841
480 681746 810284
481 50759 233313
482 548915 754134
483 579062 760398
484 310606 282640
485 623054 712189
486 532566 766424
487 944932 981877
488 562230 625246
489 -37130 210196
490 23131 297766
491 277985 460133
492 651873 689817
493 619687 692603
494 318127 540482
495 630898 713059
496 6171 331150
497 563210 695074
498 590924 718031
499 302180 453488
500 1012548 957623
501 307613 414305
502 236769 419392
503 364064 270524
504 328805 558890
505 303683 274237
506 -2657 225370
507 829105 985502
508 853563 929165
509 392718 267964
510 354678 232034
511 884163 1010666
512 296228 235870
513 320694 499667
514 626806 756312
515 900729 942794
516 270126 468152
517 593461 663612
518 39865 337932
519 833497 890307
520 -33862 249920
521 96494 211295
522 941070 963361
523 52158 260268
524 335740 271746
525 339317 365105
526 38807 337312
527 524193 638377
528 360829 289876
529 588018 678607
530 883542 1037744
531 -8611 268584
532 320644 192810
533 153277 522559
534 869027 981008
535 880449 986477
536 335581 238415
537 342146 506248
538 351244 471671
539 604731 723658
540 593651 729996
541 32513 254367
542 875218 981105
543 397988 326217
544 27955 268601
545 874361 971692
546 817512 1003181
547 643276 685528
548 372331 281078
549 639902 754294
550 966717 980953
551 374391 255013
552 744459 752418
553 277623 183609
554 883642 977390
555 571833 741389
556 669154 632633
557 907512 983313
558 855638 901717
559 285075 437643
560 619963 723584
561 278231 506104
562 241661 494697
563 310829 323482
564 9443 261150
565 63699 255290
566 330582 193063
567 893237 1001577
568 582377 698646
569 278546 239994
570 637996 720429
571 401213 303019
572 100186 252567
573 -18940 299982
574 548591 675820
575 361305 444276
576 -913 274679
577 524893 683979
578 368152 359289
579 291069 332487
580 556746 685593
581 -3403 290513
582 232824 518661
583 -12 292454
584 374616 263808
585 2594 285051
586 365291 303992
587 -20700 312466
588 -45976 286689
589 288147 481970
590 250700 420333
591 298941 284188
