NAME : portcgen-469-5198785
COMMENT : portcgen N=469, seed=5198785
TYPE : TSP
DIMENSION : 469
EDGE_WEIGHT_TYPE : EUC_2D
NODE_COORD_SECTION
1 900596 951781
2 186464 142974
3 995150 92355
4 90811 213666
5 1047100 82004
6 103316 132752
7 117059 208193
8 198510 195266
9 947178 75233
10 177680 99120
11 186733 67676
12 805959 939464
13 819611 988832
14 100407 86171
15 822008 852326
16 1025692 217188
17 885918 945529
18 115563 126393
19 147734 124144
20 795402 862271
21 852660 798153
22 193988 192958
23 144188 216101
24 852641 847925
25 953003 93726
26 162309 199752
27 988403 133771
28 82737 77911
29 907733 865945
30 1001039 70059
31 938049 958387
32 948410 28764
33 959423 920674
34 1006879 122916
35 940991 990817
36 152759 125890
37 925882 126066
38 942423 968706
39 990364 86232
40 195976 155183
41 742757 899098
42 129961 124482
43 1008917 109920
44 135629 199654
45 169103 160471
46 91062 200871
47 190966 181300
48 1065784 151524
49 913338 947846
50 994908 901000
51 906255 160527
52 140009 175065
53 144066 183270
54 996407 115537
55 984774 95572
56 978946 949467
57 200558 129539
58 826660 938841
59 923272 1029827
60 895828 989446
61 902200 940738
62 181705 175491
63 866388 936137
64 132831 246943
65 902168 968557
66 217842 216633
67 222705 138345
68 87881 166225
69 962975 209604
70 1025630 35241
71 833166 947221
72 949437 148401
73 1119397 63542
74 889915 891784
75 1023149 116955
76 168830 141040
77 1027014 76322
78 936227 976332
79 868891 844280
80 1047941 182004
81 959105 100746
82 988131 42608
83 1023690 123135
84 176955 190341
85 877483 934878
86 164032 165224
87 889127 885796
88 83702 141135
89 844283 922695
90 972288 932238
91 817704 937350
92 951940 175204
93 938290 156140
94 737465 889565
95 909720 993949
96 915371 984008
97 174862 129361
98 1085615 138736
99 983663 969488
100 846073 953688
101 237288 61576
102 845319 941923
103 121553 160154
104 909878 93540
105 811333 966918
106 832066 892598
107 985243 1012846
108 1029940 162007
109 193862 109431
110 887033 920531
111 895052 173250
112 180774 133698
113 210534 161357
114 119495 192908
115 889706 910751
116 789503 856895
117 842908 956217
118 219654 183168
119 121004 156168
120 914858 1061595
121 804684 906896
122 938999 1063268
123 145559 100625
124 219991 134070
125 763558 917985
126 886535 894405
127 927637 874981
128 1046376 168809
129 881582 909036
130 854816 922693
131 189731 202829
132 1011775 970604
133 971338 25247
134 937393 969864
135 951335 862910
136 154375 119733
137 853329 977663
138 972864 988020
139 947681 76224
140 832510 934996
141 847069 876186
142 877476 907808
143 182198 104142
144 866273 802616
145 224189 189750
146 997297 71358
147 855385 1008016
148 1069975 141446
149 867705 875845
150 899885 891117
151 809366 891756
152 30801 193809
153 855900 880522
154 1042156 96855
155 977835 103149
156 894847 1007760
157 922046 990133
158 795568 831237
159 981240 72421
160 915555 925798
161 852739 944209
162 1001015 92007
163 1058290 40928
164 955460 900687
165 1006845 147813
166 981824 1033853
167 947715 876144
168 141527 147771
169 897329 855772
170 1049851 143932
171 893551 898900
172 973771 958482
173 204166 146308
174 1028140 154234
175 139666 129918
176 944657 978973
177 1037096 57539
178 951120 152345
179 131182 208237
180 1048905 131445
181 117998 127152
182 196756 204867
183 958289 874838
184 132604 64034
185 945044 87907
186 197477 243096
187 232003 117982
188 966898 928504
189 813385 896956
190 972497 911289
191 1009603 146743
192 955883 65383
193 135855 170190
194 7228 130342
195 863706 952400
196 899693 140152
197 136889 140049
198 767062 891826
199 812652 890112
200 151689 139142
201 198368 173971
202 884657 923937
203 192656 143547
204 212681 189334
205 1100553 83569
206 150671 229658
207 964635 34880
208 169913 180308
209 853081 923250
210 926241 994001
211 153478 194340
212 882204 968724
213 149056 132703
214 965890 896205
215 828670 955342
216 787828 870930
217 1048763 128793
218 961744 905306
219 753219 903984
220 169582 151340
221 99052 189498
222 977972 220953
223 174062 134016
224 926222 950976
225 935411 994719
226 1074162 56733
227 954819 1000474
228 975915 3705
229 989411 92267
230 889003 898465
231 860435 837232
232 997499 119734
233 883546 872409
234 184975 139986
235 1029782 69770
236 255222 167473
237 173222 133148
238 113291 219972
239 895310 1062883
240 903668 823669
241 1000435 160286
242 829352 891751
243 793479 920154
244 870686 948318
245 111714 115336
246 175753 155529
247 840978 908737
248 828484 923241
249 820846 924784
250 857556 939502
251 880844 952421
252 968438 132418
253 855761 956106
254 924907 104785
255 851237 908288
256 130406 172787
257 929362 1027091
258 1053044 112418
259 760015 987014
260 961381 186186
261 935533 969662
262 777042 895979
263 899911 842950
264 896258 966238
265 903895 883968
266 846434 993570
267 998462 174535
268 839955 899588
269 199738 158401
270 878385 1015669
271 946073 1040347
272 849503 962532
273 1002742 158128
274 898451 852290
275 963610 976424
276 981079 961994
277 992396 88434
278 916058 125872
279 813543 958862
280 1000344 154220
281 148502 190967
282 163334 123793
283 834469 1036584
284 1032901 61253
285 63454 128832
286 850874 73106
287 983184 941429
288 940566 963742
289 21245 251097
290 144849 201618
291 80046 199764
292 233504 123713
293 863304 923029
294 951566 152491
295 158672 192511
296 947692 959646
297 777489 962941
298 176669 170355
299 779103 937455
300 880822 991226
301 976765 145351
302 1033944 93867
303 950521 917058
304 781907 903156
305 996507 132039
306 931294 1002162
307 818135 919505
308 944432 984747
309 100851 170697
310 773217 834394
311 831141 988492
312 175844 142779
313 1031798 181765
314 141604 191984
315 144274 149847
316 148745 162596
317 879891 848085
318 1008771 118691
319 220228 178657
320 825501 955506
321 72910 103811
322 1007375 157655
323 163233 27239
324 1018804 138749
325 139845 154599
326 870194 916164
327 1010477 121051
328 851889 956604
329 874989 926504
330 803600 876055
331 876190 91036
332 1003476 121364
333 915664 921399
334 880162 929483
335 830778 983528
336 282620 227286
337 151134 204517
338 871259 937388
339 913716 921672
340 122671 202585
341 861893 890391
342 85038 110042
343 815434 926061
344 131164 125428
345 836770 888516
346 815330 890548
347 793556 833546
348 818823 899696
349 1005891 224306
350 932853 161741
351 171123 145398
352 94507 182519
353 906911 828108
354 887451 1032837
355 1040607 101492
356 128677 193671
357 937845 997695
358 127322 77193
359 124233 170215
360 987838 921766
361 804550 972428
362 186516 101911
363 176930 36112
364 116641 221557
365 792786 848467
366 166014 103029
367 934507 952882
368 936187 139203
369 906021 952176
370 151614 80621
371 857620 898796
372 977148 214080
373 904644 924584
374 816390 863374
375 132143 173912
376 162602 186958
377 942813 878575
378 139263 139680
379 114902 209081
380 984279 970747
381 868663 887949
382 821434 875899
383 1020003 68028
384 1005088 141494
385 852176 906745
386 791553 897715
387 102875 151088
388 894786 961072
389 962087 102565
390 852863 846918
391 1016616 134195
392 963973 30691
393 898058 923866
394 834777 869554
395 997798 82846
396 767965 986020
397 978181 67175
398 975656 1033064
399 910006 972773
400 1081130 165299
401 924792 117091
402 930356 205915
403 909989 1023864
404 961447 194010
405 797818 914120
406 1037024 885561
407 974584 896879
408 848872 936521
409 140217 150579
410 943971 916883
411 142512 146823
412 887697 934620
413 146396 128348
414 878097 936757
415 192885 138558
416 109219 202583
417 808721 979615
418 192648 149594
419 884646 95851
420 960727 943910
421 919514 961232
422 1033101 132115
423 261347 71136
424 126260 118141
425 166439 158439
426 792730 850470
427 921672 939160
428 1003825 134421
429 907714 56414
430 716225 864126
431 807758 924826
432 1031056 186951
433 1106369 89818
434 155501 134866
435 783820 981879
436 87241 161620
437 899128 914470
438 990546 90946
439 964913 99662
440 122171 144659
441 210350 184141
442 1004878 88202
443 933945 986224
444 968811 953089
445 898600 924121
446 1097676 964784
447 898804 904921
448 855446 906855
449 215380 184595
450 168421 209649
451 792988 902293
452 850624 940693
453 136100 82638
454 131621 238852
455 926114 1027035
456 1000654 125237
457 165374 139671
458 994803 22669
459 837192 938059
460 859454 906442
461 184371 186263
462 924672 1005135
463 982359 910029
464 151157 106740
465 948256 971567
466 990898 107830
467 888915 1012000
468 759327 984545
469 122331 188704
