NAME : portcgen-425-4654892
COMMENT : portcgen N=425, seed=4654892
TYPE : TSP
DIMENSION : 425
EDGE_WEIGHT_TYPE : EUC_2D
NODE_COORD_SECTION
1 879605 724092
2 981010 882990
3 847192 679084
4 903389 807887
5 630816 415928
6 906610 888085
7 598779 746839
8 1009202 837809
9 683351 770982
10 840931 814283
11 611034 758262
12 668419 469233
13 720203 770212
14 664567 335620
15 684269 327128
16 597378 723449
17 822593 726034
18 862462 831108
19 656305 746598
20 876297 851227
21 792781 805431
22 782025 687978
23 793997 663742
24 568753 756457
25 655211 723369
26 828245 785347
27 1005332 796298
28 810917 734957
29 639706 752304
30 818611 689093
31 782601 720608
32 507108 677312
33 739471 693019
34 711542 413414
35 948828 765685
36 800516 449882
37 806890 793599
38 597266 718762
39 861438 757306
40 903961 790505
41 667844 700043
42 884047 685420
43 805319 710721
44 911238 788223
45 883933 881561
46 920292 766292
47 665280 790746
48 753847 762803
49 759649 356635
50 806159 667483
51 916690 829341
52 744181 384952
53 839217 803745
54 751159 771072
55 904420 798213
56 806851 790811
57 924183 876052
58 732900 771824
59 841374 696918
60 817172 766112
61 781086 434805
62 826974 659045
63 802757 677494
64 925559 807695
65 868265 628025
66 723145 353465
67 869227 786651
68 729205 403467
69 746235 434571
70 756020 464450
71 900250 646653
72 599804 804544
73 710062 422657
74 815064 835227
75 451518 711241
76 767110 309554
77 846330 689153
78 587884 784298
79 711053 403995
80 755937 379060
81 931438 848399
82 584827 814895
83 924615 805771
84 895449 816559
85 753631 738108
86 886440 754255
87 812102 651416
88 593138 793990
89 625512 742537
90 727134 435214
91 849606 698052
92 785474 677755
93 818748 734033
94 619098 802607
95 934105 819243
96 838498 635660
97 652573 662294
98 765575 689857
99 813053 764512
100 827362 446408
101 796082 805752
102 711883 387164
103 738965 390677
104 578343 717236
105 739739 368410
106 713805 676371
107 841256 768629
108 920115 818942
109 765139 388842
110 716103 444406
111 639562 797516
112 659549 733214
113 596420 828509
114 711954 371383
115 718068 339302
116 696788 622954
117 815923 709024
118 540917 698682
119 771102 392101
120 855617 806946
121 604434 375486
122 797882 741868
123 878528 732129
124 679569 433613
125 748984 398634
126 712169 338140
127 827661 759606
128 627776 785178
129 594518 703002
130 680978 706259
131 804067 895263
132 626478 397191
133 744562 764853
134 786198 686782
135 721072 397837
136 748106 422610
137 817267 701899
138 797277 796416
139 763473 355772
140 615409 789271
141 622199 762445
142 979288 804039
143 951814 771827
144 611549 732070
145 777800 424409
146 719087 431865
147 887725 757408
148 644810 804388
149 553769 717736
150 689056 794697
151 768700 682174
152 671824 763128
153 811974 654354
154 979718 756443
155 752389 718537
156 892497 799821
157 988052 770443
158 783755 370875
159 661305 756060
160 814007 633715
161 889166 802351
162 617054 806312
163 886794 713265
164 937296 787167
165 803076 723134
166 792718 775250
167 606851 712813
168 728503 282662
169 819892 641005
170 571465 761518
171 813204 402450
172 835753 668921
173 773631 407949
174 815370 795897
175 833154 781100
176 902448 822367
177 730123 432977
178 859734 870007
179 681025 413056
180 897045 700631
181 751210 699331
182 617573 780267
183 641641 328907
184 743585 399956
185 819796 589132
186 766579 392928
187 719870 470271
188 886085 659775
189 639507 730965
190 663223 744090
191 649224 797415
192 835176 721238
193 911819 753218
194 888155 832435
195 618942 829266
196 865108 706277
197 772868 741683
198 797067 447188
199 731668 366752
200 883145 829650
201 844698 841821
202 634855 733237
203 824658 677073
204 755954 691167
205 977223 802526
206 573195 683709
207 848102 736532
208 914030 881390
209 800111 662522
210 778498 277715
211 761545 748774
212 834795 762889
213 765431 415405
214 858948 851020
215 788942 313011
216 818858 787933
217 874112 830395
218 904837 861608
219 697038 492013
220 602390 732032
221 779294 628388
222 759758 380002
223 533768 773878
224 882439 817567
225 667492 726107
226 673619 809906
227 939160 832115
228 659221 402978
229 765173 419928
230 623072 370485
231 608425 700306
232 636811 693950
233 743886 375628
234 647970 411803
235 799484 678765
236 621216 715379
237 930193 790078
238 723236 361359
239 784012 676700
240 706296 777155
241 779631 385118
242 930393 830873
243 862515 792162
244 567250 742425
245 916461 842716
246 980153 829290
247 937701 847170
248 820773 685281
249 547486 776500
250 994594 890155
251 845024 671136
252 540820 713559
253 739935 434359
254 823130 822907
255 835495 809977
256 906136 704647
257 743616 485157
258 856200 777563
259 662448 362302
260 940159 798802
261 629338 792397
262 794693 402007
263 618850 806888
264 629282 805167
265 838060 569277
266 900338 769173
267 819468 398190
268 752188 339421
269 625997 730956
270 877243 887405
271 883781 753893
272 865374 702898
273 965194 859752
274 857574 657797
275 962546 867024
276 847453 763877
277 871745 786066
278 689947 772471
279 733423 445407
280 781572 668964
281 729369 711401
282 902792 819758
283 813988 392968
284 765054 691878
285 789517 427447
286 745599 716604
287 628281 835762
288 912454 822658
289 947097 887548
290 775178 641627
291 649917 407767
292 514755 699027
293 662294 421849
294 848228 657040
295 727525 476570
296 631973 791376
297 616344 734620
298 769625 608057
299 868325 803161
300 883526 852739
301 659364 479518
302 772892 776885
303 828024 718281
304 638279 332894
305 741276 714267
306 820868 366546
307 836780 832944
308 660659 819599
309 762847 382747
310 698907 380775
311 575478 680498
312 616638 693579
313 584095 807810
314 557199 778811
315 898938 792135
316 713920 434547
317 633572 819190
318 634549 656284
319 683338 695394
320 788363 725932
321 718518 738786
322 855803 766155
323 924133 787306
324 677561 471258
325 747863 296376
326 732005 447147
327 819893 823474
328 880183 722926
329 584483 783216
330 933001 745968
331 855078 666124
332 766844 548260
333 930892 694996
334 767211 660311
335 909387 815799
336 660328 747995
337 589533 752891
338 743178 751986
339 686798 731325
340 831461 846287
341 857513 666453
342 694320 414889
343 820838 455220
344 680522 730755
345 660902 398170
346 761421 369979
347 897818 653391
348 647013 744237
349 837650 639056
350 851834 883009
351 836692 773385
352 629924 749595
353 805588 824110
354 684027 411793
355 967937 830494
356 839999 893900
357 950806 766189
358 818921 417432
359 613928 718167
360 711015 417483
361 608642 717661
362 846261 867108
363 814491 706766
364 662493 628618
365 846903 711945
366 571302 699568
367 686607 380326
368 637517 778174
369 595223 738401
370 667702 750970
371 738090 324738
372 653006 820515
373 929814 777020
374 789192 807362
375 703565 384470
376 710387 384294
377 572372 753524
378 739305 788014
379 792996 392396
380 911499 896300
381 956228 750206
382 575354 741290
383 655494 477228
384 691314 497326
385 620504 724368
386 770897 552650
387 811428 661018
388 790753 627670
389 767460 728044
390 768496 785498
391 811330 706411
392 733392 554454
393 709757 304409
394 703803 403958
395 802680 694664
396 747209 387411
397 928869 719615
398 831747 811368
399 666443 647827
400 752905 501810
401 769860 694060
402 660403 818631
403 951308 838311
404 586796 770380
405 548623 823855
406 874284 813175
407 784827 739383
408 653340 320091
409 647923 786913
410 757977 621964
411 814797 396478
412 771302 725551
413 872878 878295
414 813800 643557
415 734786 335793
416 833438 709749
417 741935 481045
418 856251 672525
419 814459 694408
420 911562 816549
421 658235 440311
422 641139 714336
423 820005 807604
424 788656 452441
425 799562 756197
