NAME : portcgen-478-709041
COMMENT : portcgen N=478, seed=709041
TYPE : TSP
DIMENSION : 478
EDGE_WEIGHT_TYPE : EUC_2D
NODE_COORD_SECTION
1 559952 303591
2 604230 631936
3 575335 252780
4 821048 509228
5 669445 740049
6 558138 249708
7 805500 319001
8 726991 720612
9 548138 203408
10 643214 270339
11 741045 301896
12 676057 270640
13 798545 250291
14 472580 258065
15 651326 593964
16 854615 488450
17 513094 227443
18 855277 452707
19 775897 375191
20 802479 286570
21 718630 284878
22 795488 292606
23 744520 276726
24 708947 278966
25 811821 510266
26 781323 451592
27 621645 578795
28 832940 485107
29 777296 479054
30 745393 348424
31 538270 208255
32 582898 233296
33 859634 292670
34 584816 631333
35 645537 211393
36 591862 215894
37 613977 617785
38 826627 545055
39 547263 251869
40 794090 510894
41 552088 207313
42 866299 516379
43 581009 176195
44 750851 324149
45 661167 634187
46 582313 663280
47 803759 514518
48 827250 501672
49 565524 247769
50 530370 178673
51 626832 637457
52 821076 574560
53 731111 312571
54 757711 263693
55 748446 686402
56 849030 533553
57 522014 170902
58 734679 271642
59 695840 266360
60 573076 222556
61 591002 693179
62 553734 283859
63 571953 665132
64 648251 638528
65 812052 438889
66 614011 678169
67 755786 489034
68 632469 681119
69 537177 214098
70 798864 326106
71 528070 245021
72 567355 227755
73 557899 231191
74 645901 639320
75 614139 235085
76 601728 224612
77 674090 622730
78 506097 255944
79 560022 354066
80 610097 234559
81 667437 652777
82 832980 510765
83 823354 519837
84 867975 467892
85 822298 522309
86 553110 211729
87 660941 607121
88 770993 483424
89 586804 221031
90 548322 212266
91 711258 273146
92 611216 721844
93 786187 472445
94 634002 681379
95 773774 233612
96 587208 288639
97 637184 180718
98 699825 637122
99 648268 226241
100 546472 192223
101 579416 652567
102 750019 462283
103 646442 556724
104 548090 575620
105 760130 253918
106 783600 327810
107 795305 339610
108 743940 303429
109 543670 210753
110 673618 707985
111 841806 529786
112 760238 312611
113 763109 210767
114 749843 313962
115 889064 550643
116 692315 271787
117 594208 608781
118 655460 622273
119 792192 551120
120 830013 547608
121 790058 460596
122 550044 197421
123 570251 242486
124 685056 704871
125 663230 650907
126 763546 297918
127 811912 543842
128 554105 259030
129 670469 680687
130 566164 133998
131 516434 134076
132 552469 190542
133 661279 607485
134 606336 722256
135 598074 211726
136 594293 700118
137 601939 160204
138 738544 274198
139 632318 693009
140 648807 609552
141 846463 476012
142 719679 657186
143 586307 611247
144 693832 621436
145 527892 188755
146 642313 249648
147 851664 546526
148 824251 564727
149 453237 223264
150 770556 412426
151 570815 296386
152 867558 495037
153 567295 573687
154 735624 321120
155 577770 566862
156 690152 694724
157 602014 223565
158 593280 224860
159 563064 665825
160 631670 702412
161 799329 471875
162 822868 488461
163 802252 223695
164 596949 650958
165 730347 437032
166 770384 230421
167 681668 640280
168 612633 365267
169 616109 776859
170 638864 228241
171 806856 619542
172 534645 209660
173 439896 660319
174 617023 202338
175 828529 498404
176 762941 460971
177 530852 227009
178 724272 248383
179 806587 246085
180 770856 327772
181 595890 231187
182 835227 424728
183 848343 276318
184 784386 488928
185 778302 281117
186 649014 749292
187 602658 230332
188 636734 631174
189 619358 682152
190 621583 240153
191 629840 697528
192 595458 542418
193 622090 672370
194 546311 271664
195 773685 312707
196 526911 220007
197 697499 277260
198 770572 279474
199 894600 500931
200 864306 521535
201 651972 689186
202 773084 502775
203 511213 560965
204 791776 323420
205 826273 521554
206 835894 482426
207 668204 663260
208 764819 271136
209 869002 484437
210 615615 180641
211 764324 314442
212 809312 589085
213 569046 721279
214 503690 235174
215 625281 654326
216 633816 719410
217 727247 236744
218 765134 501948
219 735764 282490
220 595383 688378
221 761705 282108
222 820348 527382
223 688567 292998
224 814718 515849
225 848708 564046
226 798865 499043
227 569180 696034
228 654978 289644
229 468723 253603
230 772188 524058
231 830477 333660
232 816377 486435
233 859244 489022
234 627447 643539
235 565685 225323
236 621993 626288
237 713832 525504
238 815565 228924
239 546771 232009
240 651022 563807
241 644895 642015
242 597417 679946
243 572148 212839
244 612683 190165
245 575535 262921
246 652030 667779
247 839693 487963
248 881169 459245
249 626915 261255
250 880158 498880
251 592255 255974
252 772132 493281
253 613498 205311
254 698146 666329
255 573128 696516
256 686918 362278
257 781047 512600
258 857381 493821
259 697287 607308
260 672919 634569
261 789232 258901
262 580290 195801
263 652413 574774
264 621216 246205
265 770216 461684
266 587146 195029
267 580865 175923
268 516951 204193
269 618926 679339
270 767388 287044
271 631754 657501
272 556702 675254
273 801129 374942
274 725893 204466
275 797652 474955
276 619302 700965
277 819624 510039
278 556317 284904
279 561824 239482
280 795206 275236
281 616783 785321
282 730427 317277
283 867078 544624
284 756936 375959
285 562352 594360
286 772673 321154
287 823877 286577
288 628087 691650
289 841568 523097
290 862119 537113
291 744063 301760
292 513877 212512
293 587782 244288
294 529551 696162
295 557537 331691
296 673033 699392
297 818914 578609
298 883498 509378
299 678958 217544
300 740205 256762
301 703784 616199
302 660598 317839
303 966114 547958
304 538054 251258
305 568078 267106
306 629847 706594
307 824921 320341
308 652560 590638
309 766312 355264
310 614147 639982
311 889424 423634
312 827120 581537
313 623932 233060
314 803582 314826
315 576829 202492
316 798770 198294
317 631025 214464
318 720124 243163
319 650568 636018
320 604482 172735
321 704463 621865
322 821058 472780
323 649979 174838
324 805482 267933
325 636260 180199
326 780321 223424
327 760447 367709
328 603667 692909
329 672969 215410
330 864045 555206
331 882144 406548
332 782346 276820
333 573579 257546
334 617302 656814
335 845387 520614
336 805134 392900
337 569976 172027
338 749384 308355
339 771555 368149
340 871481 550288
341 762916 246688
342 803807 318603
343 892770 587209
344 855528 501529
345 829789 526303
346 870022 536461
347 562017 287714
348 685026 676737
349 795057 539686
350 849075 508246
351 535045 253936
352 532527 266124
353 699923 703596
354 562165 654524
355 756604 388180
356 536573 277147
357 748818 509720
358 835703 530852
359 652790 675083
360 858100 229640
361 520159 220550
362 624127 614944
363 784534 447752
364 549532 698679
365 787035 247339
366 880615 440887
367 834264 344458
368 688222 700932
369 795496 502446
370 732862 258958
371 609390 245911
372 830040 206022
373 522273 225705
374 826788 445500
375 715649 259625
376 820726 243705
377 667213 284449
378 540574 231478
379 576727 216954
380 691699 565321
381 775528 493324
382 894709 550450
383 870344 541818
384 570708 235877
385 821694 373370
386 677920 683760
387 705128 330608
388 640382 609480
389 573139 225692
390 790414 455401
391 730184 344383
392 576918 651746
393 732268 357590
394 802617 285720
395 807252 424849
396 586648 313443
397 492386 334630
398 778769 296821
399 506294 239721
400 764956 521621
401 913198 512758
402 610473 659254
403 874049 508441
404 889810 446466
405 564499 245985
406 522016 248265
407 748963 207209
408 826599 571561
409 854335 200039
410 869772 470974
411 759336 348646
412 907445 453408
413 569808 187088
414 586420 658585
415 547291 215113
416 715759 304890
417 613538 644910
418 612518 634333
419 666161 217357
420 803814 528708
421 625569 188406
422 793426 506718
423 530592 222578
424 624164 253258
425 849486 476964
426 808167 444157
427 682030 697795
428 879367 474527
429 634034 641936
430 853384 295414
431 788717 440398
432 639654 651339
433 450142 175023
434 823902 320537
435 728734 345583
436 792290 473015
437 804096 564877
438 639270 733275
439 755072 236518
440 858097 576179
441 677317 708700
442 562611 235406
443 790919 243278
444 776014 261998
445 580691 137386
446 612419 212744
447 729111 214124
448 792860 514250
449 791588 500828
450 520520 231962
451 748223 266263
452 781690 205646
453 590226 660874
454 790368 378113
455 573842 223899
456 709867 298534
457 779369 535536
458 647549 752844
459 906959 511089
460 795462 551429
461 831402 504913
462 606841 638632
463 596178 216439
464 555276 271376
465 733691 545748
466 624153 198223
467 589396 639955
468 829164 311141
469 650565 254179
470 766381 499408
471 758890 219341
472 575276 239046
473 641420 659110
474 787476 486224
475 684032 690095
476 536517 236947
477 599893 159211
478 794188 323306
