NAME : portcgen-550-4663856
COMMENT : portcgen N=550, seed=4663856
TYPE : TSP
DIMENSION : 550
EDGE_WEIGHT_TYPE : EUC_2D
NODE_COORD_SECTION
1 155429 606707
2 681188 -10762
3 103060 636656
4 660811 15795
5 137266 586639
6 365217 444392
7 93897 536806
8 568308 206305
9 508314 153053
10 440227 479559
11 377558 538701
12 550892 31735
13 547330 101204
14 418452 509631
15 371710 462988
16 340344 541203
17 478550 133246
18 414960 550852
19 288244 497819
20 598885 6587
21 44847 625455
22 345829 477632
23 81095 511143
24 116357 591875
25 407193 494222
26 385334 401943
27 369108 437672
28 375624 555055
29 61246 583022
30 612374 -35167
31 105879 603959
32 109285 546086
33 519549 126552
34 8171 588608
35 337924 573566
36 571968 158746
37 523268 31918
38 166718 587744
39 322895 501751
40 650330 28855
41 106824 543398
42 73066 580881
43 311150 554854
44 591093 -15320
45 391924 477440
46 187104 465738
47 533105 211464
48 478021 141789
49 139882 576672
50 597849 -25415
51 35454 596444
52 136163 612201
53 546099 127799
54 113422 574051
55 79086 586349
56 453294 155793
57 656944 -88692
58 250406 512192
59 532425 81486
60 34002 571907
61 615238 -22102
62 585924 90928
63 597874 -61335
64 496124 173616
65 57014 616075
66 449485 479907
67 545868 143445
68 383564 491431
69 483383 120544
70 391444 556033
71 406513 525936
72 11371 554508
73 371914 547239
74 116807 616826
75 499624 127546
76 376938 532778
77 521446 129421
78 -2436 622071
79 355669 445078
80 415994 470195
81 38299 613136
82 332969 501889
83 147763 596899
84 59541 563780
85 57434 568582
86 329984 497432
87 357943 513001
88 390083 509777
89 653380 -64306
90 174399 549225
91 536364 70630
92 152319 572090
93 415642 576198
94 543831 -21222
95 396273 121427
96 553084 110363
97 -20562 521015
98 501821 2861
99 595437 92109
100 354264 447716
101 102031 481632
102 438339 474076
103 591577 -43236
104 624381 12981
105 592254 4103
106 603038 86796
107 384549 504912
108 119915 641103
109 631475 161379
110 88915 632350
111 431642 504322
112 109322 560731
113 374941 523970
114 118739 461387
115 588935 112711
116 43090 564698
117 145707 589362
118 113012 542689
119 529106 -6682
120 114300 502576
121 537381 71512
122 546353 178351
123 60855 639166
124 543857 231818
125 507663 125204
126 349261 564711
127 476104 87519
128 571790 156945
129 500106 221187
130 620824 -6392
131 347285 517625
132 348372 530310
133 113650 608745
134 46528 464883
135 65817 564390
136 627717 -42121
137 521909 106951
138 696249 40727
139 107262 595207
140 9896 557579
141 89683 524381
142 119866 536432
143 384394 521699
144 520696 159338
145 401414 505620
146 144956 601194
147 30640 512795
148 34606 527764
149 127020 560580
150 342779 496472
151 617368 75207
152 498656 115154
153 687553 61185
154 518320 61523
155 420717 100083
156 565652 106310
157 66630 572935
158 518466 180858
159 328530 493658
160 92057 499488
161 629091 21252
162 121833 519222
163 344251 551918
164 367347 481588
165 440045 499179
166 494622 114989
167 140428 576204
168 374420 605106
169 65376 608568
170 600057 -39244
171 522546 147219
172 689219 -14965
173 382062 468710
174 26863 590260
175 108673 644456
176 402222 112038
177 421096 499569
178 569247 85354
179 72216 567058
180 388629 532943
181 108151 496876
182 437755 503322
183 360740 558326
184 584171 183319
185 -42879 578763
186 551899 129049
187 136476 564187
188 385870 536545
189 153117 642964
190 148640 533067
191 90070 553084
192 414092 574377
193 97886 572052
194 451916 171782
195 650294 77210
196 331428 522337
197 591268 142940
198 517823 102971
199 160742 439843
200 414126 444142
201 115302 631792
202 367586 457119
203 351343 464974
204 5397 631136
205 539313 201678
206 558908 -23292
207 82571 594360
208 609085 81907
209 640413 -13114
210 -9759 529686
211 106641 605458
212 631616 -38527
213 -9370 545637
214 105458 576143
215 583201 164061
216 54575 604449
217 51632 562672
218 185165 468493
219 526203 153492
220 77240 527411
221 323816 447474
222 57049 595640
223 536011 171461
224 183545 528320
225 386280 501316
226 583330 99762
227 38817 509487
228 142471 572148
229 20810 554679
230 134262 629540
231 475546 182859
232 81672 569992
233 501866 165003
234 329585 433198
235 12343 635438
236 58868 630038
237 425769 506233
238 533843 102721
239 106705 512424
240 571232 141210
241 652562 -38985
242 59946 547010
243 137408 531368
244 138989 544542
245 435227 471933
246 562437 24917
247 491766 137588
248 522747 130030
249 129686 607184
250 355902 495823
251 615203 -10611
252 491824 151797
253 662186 690
254 351243 452028
255 491259 194925
256 117429 518506
257 -23590 651905
258 415867 561901
259 153610 539743
260 587816 88723
261 -35393 606038
262 113587 543097
263 300343 510590
264 562070 151409
265 -15806 613778
266 44535 563280
267 492217 22244
268 411998 554023
269 370538 455177
270 116856 587231
271 552290 58753
272 567005 50556
273 94659 519609
274 365030 398893
275 112118 537392
276 275894 468183
277 348221 510402
278 60537 509522
279 505379 213116
280 85956 512395
281 590402 133642
282 16854 619980
283 448490 104937
284 105250 484264
285 439627 528438
286 78060 563762
287 88175 504170
288 371333 579681
289 457553 196548
290 490577 144869
291 21193 540567
292 574792 47815
293 587973 188731
294 516361 166632
295 106210 585689
296 587703 29855
297 486074 155781
298 605888 12946
299 398301 518934
300 43770 581030
301 71305 560827
302 545410 -10766
303 345005 477384
304 349449 535021
305 417425 465918
306 524985 212938
307 304771 460933
308 511252 118295
309 380372 500048
310 513751 11971
311 114750 632170
312 113330 540031
313 516960 140858
314 73531 622090
315 96040 577609
316 29481 583146
317 183010 583756
318 416274 499533
319 538624 142851
320 100172 528054
321 517667 122769
322 395750 463443
323 617682 61353
324 80683 610309
325 525510 90624
326 150060 490758
327 570421 18414
328 326274 523813
329 -19932 623620
330 470455 193303
331 544618 114391
332 172013 583010
333 370490 518691
334 493867 112969
335 699241 -50569
336 321500 548198
337 159955 574495
338 85066 571498
339 325349 535964
340 504314 217240
341 598811 -7519
342 524905 114468
343 483146 168770
344 160754 517799
345 562639 27241
346 565307 -4331
347 646834 66465
348 117259 555214
349 138968 492140
350 114771 523786
351 323314 519091
352 500971 136025
353 563429 -22466
354 617900 31988
355 362240 532819
356 568023 165908
357 612182 28719
358 88796 635568
359 32726 621020
360 60495 569008
361 576128 -29919
362 627703 48445
363 135470 613029
364 405057 540375
365 413163 426298
366 636475 -30483
367 118533 617310
368 27787 537219
369 158677 549537
370 99405 606419
371 -16402 601535
372 494399 120944
373 343544 480319
374 97234 575491
375 391122 562663
376 324184 466037
377 114819 562971
378 -4047 554478
379 96743 583447
380 283983 523753
381 515667 156287
382 527807 86813
383 310225 492298
384 523149 217382
385 -9636 654597
386 284030 515417
387 180712 545542
388 476517 560174
389 470732 165253
390 415800 566399
391 94822 599677
392 303944 501432
393 603898 39671
394 108039 586360
395 524673 56867
396 129864 475816
397 214073 532586
398 34829 597596
399 644132 -8207
400 593330 -9619
401 382158 472180
402 534844 -41729
403 359120 512477
404 79930 573592
405 321363 492999
406 69104 595218
407 -22408 588790
408 461682 102182
409 132991 469193
410 102743 534625
411 513101 137811
412 306037 442566
413 528354 -12704
414 382851 466645
415 676118 -1750
416 304857 483981
417 392318 504879
418 118731 563757
419 392287 472568
420 366935 534949
421 528728 115037
422 30576 684517
423 78387 536111
424 536945 146464
425 461737 193871
426 300483 445163
427 57184 554423
428 348898 476992
429 383739 564639
430 137063 579595
431 59219 498196
432 597079 59671
433 504362 183674
434 67145 604060
435 13127 549643
436 417356 518861
437 123015 569446
438 116163 570782
439 384962 455303
440 480092 94087
441 406876 98816
442 591473 36999
443 588308 169345
444 538158 148429
445 497904 165399
446 104329 640901
447 500558 136280
448 86227 573781
449 574105 171042
450 561454 166016
451 27185 595567
452 79023 662036
453 104907 574062
454 617873 -9183
455 608861 -50026
456 103363 555343
457 422914 565253
458 550639 -104354
459 488656 123872
460 138498 540614
461 112133 503671
462 625152 29064
463 585038 -1399
464 448567 103564
465 77499 599365
466 21103 509072
467 149693 545360
468 -7113 590230
469 104061 601370
470 109370 579079
471 395324 487335
472 519224 56078
473 581895 -11823
474 455852 156660
475 97215 612490
476 371929 540057
477 687554 4863
478 655786 97775
479 95204 568674
480 144097 579111
481 74262 535475
482 190585 593441
483 111983 605860
484 589409 113609
485 527065 161476
486 496293 159583
487 505107 152080
488 89709 545053
489 43922 593792
490 591706 216468
491 114360 578937
492 137217 646525
493 589620 24124
494 64093 598819
495 511311 188381
496 525020 -41983
497 560540 -35548
498 509913 76914
499 547480 25539
500 92331 582404
501 100237 630898
502 76736 597920
503 450214 23470
504 53384 641584
505 601524 27408
506 138069 592783
507 62354 541647
508 527531 175160
509 501535 168384
510 45348 516871
511 557578 99675
512 575454 93017
513 76874 577799
514 701396 -15829
515 6270 620994
516 553455 33134
517 99555 501153
518 108386 609988
519 576382 59177
520 52606 569957
521 -10758 578523
522 563977 224814
523 363654 443252
524 70857 601450
525 446827 530649
526 378459 486410
527 56668 625278
528 612054 -21974
529 95867 594730
530 159922 568296
531 44120 675312
532 32753 540299
533 512895 172418
534 367028 520035
535 578621 118275
536 524012 95818
537 583178 69770
538 100546 586429
539 524300 142995
540 188678 548461
541 477452 156865
542 369321 543608
543 94359 615496
544 365403 445752
545 522269 22980
546 379138 553714
547 310844 493747
548 123855 585574
549 114262 511609
550 626717 61078
