NAME : portcgen-551-1732172
COMMENT : portcgen N=551, seed=1732172
TYPE : TSP
DIMENSION : 551
EDGE_WEIGHT_TYPE : EUC_2D
NODE_COORD_SECTION
1 276895 59456
2 637185 991418
3 624903 883582
4 695731 962661
5 388114 697248
6 332050 393920
7 425098 707294
8 271054 59838
9 689315 964116
10 308413 723010
11 270571 79248
12 647284 939392
13 247227 9713
14 655697 983206
15 328583 89805
16 323066 19383
17 364941 689980
18 300341 24280
19 483019 681271
20 332424 686535
21 598143 954372
22 377863 373808
23 464337 527491
24 369263 695626
25 499606 544474
26 380307 47542
27 274140 15559
28 682438 982449
29 434465 730309
30 316184 379437
31 793793 910674
32 525026 532399
33 282769 -10133
34 340409 671074
35 490425 498380
36 248609 38891
37 686621 924733
38 394480 379157
39 447239 686767
40 365875 731440
41 653905 951410
42 721303 1013397
43 337881 107605
44 496280 388220
45 296144 144736
46 369446 311502
47 580558 566861
48 297048 50018
49 294970 72315
50 530571 557418
51 680003 982073
52 366818 401431
53 400404 339604
54 352857 36178
55 678008 981405
56 321370 673572
57 641690 888344
58 426874 590772
59 668134 917625
60 650064 975771
61 482052 595698
62 455731 562418
63 311881 46288
64 513615 612074
65 347827 47566
66 319257 -22631
67 442002 664898
68 458328 622977
69 390299 697690
70 528330 612533
71 616423 958110
72 679187 960441
73 227709 72786
74 409827 334475
75 440342 538178
76 313946 599348
77 511431 586608
78 316792 282890
79 373337 358760
80 448923 726830
81 350190 40667
82 332344 63163
83 300185 55825
84 620582 914463
85 661565 883748
86 670789 1013816
87 454298 702962
88 296058 100383
89 345376 104897
90 375067 108669
91 478916 503451
92 486342 583127
93 714948 921974
94 489756 405973
95 690711 918589
96 439066 544146
97 692626 894941
98 791160 949833
99 487957 565483
100 388761 341909
101 340466 325275
102 522960 605971
103 251836 51287
104 564434 567603
105 441908 563082
106 630490 972491
107 643722 980431
108 369770 664457
109 655093 900304
110 318671 736906
111 434351 358537
112 432612 387309
113 285562 10145
114 397832 -7103
115 695697 903227
116 520117 555110
117 664465 980765
118 268798 41886
119 352940 640767
120 319530 47454
121 318137 75730
122 369995 387761
123 316203 375946
124 294002 62853
125 512341 584339
126 305197 26817
127 410199 295661
128 412083 666691
129 677222 968189
130 692394 983341
131 474149 562408
132 710075 993575
133 521589 535005
134 323107 381362
135 543358 584796
136 346963 669928
137 436949 393518
138 325527 414965
139 369013 757481
140 313514 626102
141 438535 542602
142 345200 688180
143 395635 364683
144 299841 314917
145 452487 549301
146 369551 -67980
147 428456 635953
148 275775 48361
149 477194 561380
150 276790 13016
151 257526 13714
152 403604 388607
153 626052 914464
154 342077 428694
155 290982 48135
156 321030 -4116
157 235005 44236
158 333999 713633
159 370776 708995
160 497991 602095
161 241157 13870
162 457366 548545
163 350687 36142
164 431966 464751
165 405484 663657
166 425862 353010
167 638962 986263
168 344878 130349
169 481723 584563
170 356534 -15479
171 321828 54776
172 425924 398583
173 482904 567771
174 647149 924256
175 359429 673158
176 419726 659366
177 307980 634134
178 366253 401536
179 319381 28013
180 666256 931664
181 694406 1006638
182 354451 661852
183 452045 689708
184 259267 71890
185 360450 414131
186 380014 672775
187 363038 739986
188 384231 377487
189 290847 114877
190 315200 337813
191 445986 602368
192 391031 581319
193 361869 431015
194 496861 516935
195 428324 661428
196 690871 1043850
197 265057 342142
198 223765 47569
199 549637 563437
200 380450 367186
201 502095 513871
202 387921 731836
203 357633 685799
204 392127 513232
205 337548 62214
206 712025 892727
207 352494 101801
208 439407 544752
209 520420 569041
210 353937 659075
211 362074 408173
212 495401 588386
213 490422 609999
214 336733 353350
215 240717 37761
216 744781 914282
217 292007 30799
218 322913 41340
219 353097 13501
220 663387 895986
221 330517 349742
222 588865 553023
223 323394 439299
224 586575 993840
225 710852 954301
226 447775 482532
227 493428 550215
228 404606 351832
229 718998 972505
230 686904 1009939
231 653202 895202
232 395172 384305
233 335041 80450
234 361632 403871
235 371137 425420
236 685342 999761
237 400591 390065
238 495300 540457
239 432640 677111
240 308010 645306
241 691457 944973
242 279571 340889
243 343070 365509
244 683566 906600
245 355607 -704
246 666943 924034
247 363625 680134
248 405756 654139
249 672518 927326
250 715034 950125
251 249611 -25994
252 325412 713485
253 655209 943691
254 362693 359519
255 502850 566260
256 607354 970987
257 295824 107676
258 329138 343090
259 272378 49923
260 381035 687816
261 467292 627969
262 342274 717800
263 349502 51822
264 670577 919783
265 334528 -38436
266 685944 926875
267 463802 596432
268 360116 497735
269 642200 935150
270 340851 322942
271 524777 516146
272 258885 47141
273 692072 1000287
274 275639 20716
275 457053 683764
276 540837 556362
277 464291 537494
278 305297 50034
279 362581 398498
280 268082 74004
281 371467 341062
282 373291 669643
283 366792 356731
284 331142 396892
285 438423 399921
286 329803 21441
287 410547 488313
288 328369 51043
289 759303 948853
290 329425 651604
291 627126 938836
292 396593 722685
293 252290 43319
294 326423 116489
295 634024 921394
296 314639 348873
297 437129 413946
298 313248 67790
299 645250 973726
300 665929 1017619
301 433689 447940
302 399598 811215
303 380227 736446
304 323581 60391
305 335923 369498
306 642602 955651
307 476506 548556
308 463500 728660
309 622844 943498
310 400861 15570
311 425946 349279
312 263609 75702
313 473206 591400
314 330835 121525
315 368857 650651
316 329506 629702
317 403556 419466
318 353307 695233
319 458779 635120
320 634546 912062
321 378714 621295
322 621184 996531
323 333128 665576
324 628801 987992
325 367874 373376
326 426145 419356
327 518533 520876
328 312719 75443
329 428442 521191
330 253958 66856
331 358002 374335
332 474924 533895
333 396309 703408
334 393865 738625
335 300912 148350
336 724998 957810
337 687476 1048102
338 252038 78730
339 288993 24051
340 700360 930171
341 355573 334620
342 522046 498218
343 336266 355117
344 685996 992091
345 348170 658022
346 669548 924986
347 421246 697008
348 286909 55096
349 519399 527887
350 297838 425963
351 205754 33519
352 335175 64144
353 688905 907147
354 408319 679053
355 303024 65712
356 370392 672383
357 341081 53975
358 409246 657283
359 289249 -62206
360 251574 66798
361 358157 415527
362 406308 660515
363 492077 550379
364 691831 933919
365 400305 664250
366 421550 688071
367 342065 334711
368 382066 307728
369 433561 529489
370 351389 406748
371 463376 545001
372 405266 683918
373 520745 540990
374 267722 84464
375 242075 15766
376 524203 580627
377 639841 902709
378 315994 47068
379 292854 43208
380 510789 497425
381 365464 481581
382 688232 933396
383 184081 26280
384 490133 578180
385 479331 526310
386 456104 567177
387 402315 666579
388 477050 632004
389 515092 520055
390 617856 919579
391 376773 767376
392 396478 644393
393 397664 282194
394 787091 939599
395 364250 648875
396 507658 594622
397 641152 934759
398 338033 290487
399 399486 683190
400 708886 959049
401 293857 97312
402 376618 681478
403 361837 50597
404 278328 82793
405 254906 -1232
406 565635 559519
407 385386 667845
408 393241 420937
409 353177 692036
410 620068 940048
411 334998 341512
412 379759 311515
413 329627 143067
414 264415 711490
415 343995 35199
416 254717 115612
417 312266 804
418 338652 706617
419 589179 504596
420 328134 352200
421 546979 526559
422 345627 679515
423 375332 679790
424 360435 417703
425 279408 56675
426 614414 939422
427 312853 19656
428 523224 566775
429 393346 633968
430 370296 659213
431 696473 1003383
432 366173 364412
433 401851 410154
434 547865 542631
435 465668 377054
436 396882 371755
437 325043 415251
438 504037 565928
439 412894 338367
440 385932 371671
441 274758 -45964
442 504849 628838
443 521356 603671
444 316421 631817
445 374609 657308
446 326139 360164
447 336217 423222
448 392067 741767
449 542377 485343
450 349001 671256
451 383312 590903
452 275262 25788
453 343262 75520
454 429557 694405
455 309092 45885
456 373932 344789
457 304523 420629
458 297559 -21
459 684337 963358
460 266749 -38903
461 425573 511458
462 514189 520639
463 379034 367630
464 718507 988671
465 377930 403257
466 360556 20301
467 552151 557193
468 484415 555406
469 485587 581263
470 678940 925155
471 384733 661894
472 765619 877828
473 650128 921774
474 371202 639860
475 457606 416468
476 389499 427191
477 323893 54943
478 282555 -32295
479 396800 595892
480 471043 580466
481 574033 500083
482 382591 707296
483 740469 1012929
484 442085 665871
485 522515 481066
486 498537 537044
487 458849 595773
488 379196 670556
489 377295 -15799
490 605756 932030
491 616417 895027
492 713173 979587
493 270148 420570
494 591035 973129
495 376545 170886
496 447450 721294
497 362121 19839
498 439920 380501
499 388952 684584
500 357732 713018
501 667598 919949
502 278998 -21419
503 666289 923303
504 399183 653051
505 320188 372312
506 703305 990867
507 303581 37061
508 356095 712273
509 417666 529193
510 306571 -1730
511 467814 476607
512 458041 525747
513 386034 340245
514 655910 918606
515 341537 389412
516 470115 414344
517 464949 509734
518 554110 573309
519 559071 537137
520 285350 702153
521 313303 18108
522 708232 969060
523 319342 387327
524 391244 393957
525 365792 374946
526 283085 -29282
527 244176 117812
528 317413 79999
529 444328 686172
530 355529 708697
531 450321 495852
532 455908 549879
533 713575 1013063
534 348299 28303
535 278910 26997
536 339173 408833
537 351749 711123
538 368012 307180
539 388499 400688
540 361552 628049
541 533815 585485
542 419734 375751
543 274302 74035
544 463788 572553
545 301845 666117
546 353320 27847
547 369081 -33517
548 359025 397473
549 648464 964851
550 547332 625020
551 380910 393262
