NAME : portcgen-450-2283470
COMMENT : portcgen N=450, seed=2283470
TYPE : TSP
DIMENSION : 450
EDGE_WEIGHT_TYPE : EUC_2D
NODE_COORD_SECTION
1 259775 879789
2 385920 858022
3 720275 713822
4 360395 908125
5 290265 823672
6 787301 580843
7 709302 288111
8 373974 842130
9 230536 834522
10 311608 961857
11 747067 698432
12 703731 766714
13 235035 933637
14 690426 397155
15 745849 851378
16 321675 900443
17 695935 670043
18 794200 733448
19 872763 772237
20 782261 809379
21 358796 822456
22 643899 430705
23 690473 422158
24 775883 734708
25 752454 419585
26 327327 844766
27 478285 787645
28 612965 372379
29 677652 424386
30 814623 401642
31 306923 912537
32 681653 467727
33 293675 804653
34 717269 429373
35 699135 444648
36 395365 841875
37 380142 824853
38 246339 872778
39 740697 749863
40 667593 525553
41 259830 859175
42 710671 418045
43 269641 869460
44 331881 887335
45 832508 684602
46 767247 685324
47 332581 934345
48 777497 758733
49 798740 735441
50 420127 869226
51 490678 904472
52 737973 432854
53 238842 872643
54 774002 702491
55 396831 848085
56 735974 734039
57 284457 864752
58 298445 925918
59 384933 882206
60 831791 683158
61 375017 824326
62 360724 950343
63 435668 872546
64 795396 745401
65 423811 942526
66 670723 400141
67 453067 909082
68 713770 678497
69 781813 408090
70 311251 871359
71 776137 350994
72 254261 952295
73 698375 705545
74 277019 828466
75 316976 836694
76 700282 478929
77 662086 448802
78 748316 818952
79 384950 843352
80 670432 747818
81 413972 898375
82 756642 709613
83 355519 830105
84 356944 933361
85 788524 696132
86 199342 1021102
87 780775 738528
88 358184 900946
89 770886 768749
90 424210 921710
91 767838 680749
92 397343 788441
93 430976 859022
94 691903 849484
95 724127 356635
96 374492 878612
97 258623 903712
98 678595 327536
99 309110 882733
100 718458 327229
101 351973 903876
102 715032 422557
103 767942 757235
104 281663 976991
105 445791 910820
106 236356 927943
107 375193 925456
108 281248 959776
109 662583 670117
110 737225 753907
111 234420 870055
112 723408 745514
113 416526 930148
114 332427 843085
115 721770 766339
116 323636 876372
117 709359 383407
118 261311 838608
119 303862 944026
120 474923 834047
121 755666 719653
122 751708 823762
123 675018 495030
124 271467 850858
125 729903 448375
126 670113 394268
127 441134 882032
128 352563 844313
129 708660 376835
130 703823 488871
131 684926 336866
132 651305 463031
133 749988 372292
134 373666 876305
135 412806 937003
136 300329 960913
137 485872 932373
138 276855 949810
139 273721 940575
140 316159 915250
141 748370 732217
142 739247 410736
143 358797 895338
144 308211 900246
145 272728 981672
146 753829 395570
147 764614 720009
148 373578 839263
149 383617 842483
150 767323 721040
151 363312 883847
152 670565 471698
153 672096 433168
154 313410 937051
155 379477 830318
156 807056 446427
157 397040 874236
158 738954 455742
159 404305 954329
160 867751 723897
161 740205 467580
162 489144 935323
163 372262 889170
164 746808 452821
165 292791 896304
166 249835 873839
167 804388 745964
168 665245 454768
169 386506 866825
170 347961 882935
171 697959 433703
172 683312 494453
173 738877 804585
174 303124 915654
175 809798 718785
176 728653 347695
177 707595 673967
178 386486 874473
179 282876 881434
180 365873 927267
181 788814 425335
182 512157 855970
183 617704 746758
184 773010 774002
185 322293 892643
186 277071 926554
187 727388 817648
188 418310 894625
189 464193 846211
190 716291 669465
191 415338 895379
192 684503 395806
193 716958 719250
194 392413 915835
195 723924 759991
196 431468 889744
197 798271 415696
198 773879 659424
199 446706 920922
200 424887 798485
201 409400 802791
202 259150 919228
203 803571 716270
204 227605 902309
205 731069 760526
206 713441 402049
207 800813 347224
208 356805 914529
209 750012 868209
210 417539 928719
211 772779 802039
212 438094 878139
213 766204 468588
214 419799 766812
215 274977 931380
216 467064 813838
217 710907 415749
218 352264 801493
219 375351 911297
220 457026 878854
221 778866 418928
222 297192 863285
223 208334 930167
224 820649 830389
225 415620 861704
226 376294 920976
227 325749 959102
228 724549 403150
229 471348 894797
230 427491 843942
231 797580 768651
232 293541 886009
233 709356 420085
234 443402 926245
235 835701 774322
236 375789 963663
237 338534 814317
238 704362 430272
239 708057 504912
240 363312 761280
241 239675 824412
242 697403 368013
243 366890 868154
244 272488 916223
245 335632 932827
246 648275 379822
247 272753 932219
248 782270 393844
249 225309 862885
250 699724 468359
251 739969 521540
252 330572 932414
253 723746 290169
254 400440 895296
255 656322 383331
256 450760 890646
257 810385 759382
258 747209 462501
259 207386 940958
260 751561 419199
261 771810 820510
262 438472 901141
263 649498 396361
264 227097 916579
265 211640 934913
266 334961 963067
267 336788 883155
268 791626 352690
269 705723 433887
270 187839 880892
271 350989 844893
272 257709 894452
273 237932 869040
274 255448 869855
275 667617 406526
276 363818 803517
277 725985 765663
278 763712 413852
279 719925 409992
280 310439 932151
281 424107 905128
282 707894 466365
283 841831 714834
284 719300 470657
285 746493 393102
286 652573 425039
287 268681 883440
288 326617 885845
289 305953 971955
290 437982 883733
291 259721 946707
292 339710 913358
293 334002 886728
294 437029 937241
295 147861 883136
296 308101 941818
297 636880 833075
298 377011 839984
299 275438 881172
300 416698 863037
301 198253 983458
302 407488 917202
303 763888 801316
304 452270 789367
305 785548 667529
306 650362 499466
307 426880 908324
308 494394 754461
309 259268 890035
310 709243 400392
311 731288 443008
312 746602 716140
313 213479 854680
314 412181 790482
315 290673 830357
316 710227 750265
317 404441 855637
318 767317 817479
319 354304 883437
320 745330 415525
321 724080 469832
322 443289 873867
323 738423 748282
324 732953 776687
325 757432 811853
326 769910 500592
327 462048 852383
328 389912 919650
329 441097 882126
330 767128 696234
331 398514 931719
332 365273 908927
333 741619 394128
334 791914 758423
335 730078 518885
336 706497 392798
337 820244 736556
338 820335 744737
339 700986 421364
340 379165 924963
341 322176 939872
342 410966 1041273
343 731447 796807
344 267322 922447
345 411351 825637
346 250861 910970
347 722808 365900
348 390389 830101
349 292405 892184
350 402823 927917
351 336149 856941
352 373073 907217
353 446585 957097
354 260779 871062
355 699307 829018
356 388221 839388
357 727647 795456
358 743898 340001
359 480033 827676
360 265690 875076
361 756966 759396
362 257744 933383
363 681339 364108
364 281534 876103
365 730879 390335
366 372140 857514
367 333725 866088
368 369469 864858
369 625354 404991
370 709947 442193
371 316593 829555
372 794214 453939
373 735776 738740
374 279001 937822
375 700369 457113
376 694389 396217
377 292473 854997
378 477533 817800
379 236298 961935
380 780380 480719
381 677330 763819
382 219397 983047
383 367904 919098
384 669307 450205
385 811958 795336
386 281099 880677
387 305879 821536
388 739129 786322
389 389286 825002
390 320995 886172
391 732945 744007
392 761465 754798
393 721331 351591
394 731289 379818
395 548344 894078
396 830571 768473
397 338881 897795
398 753615 703921
399 784862 822106
400 737332 694528
401 752833 763110
402 668879 418935
403 733762 443850
404 400616 800207
405 729023 439253
406 317799 890129
407 424901 920580
408 750874 411847
409 659236 478605
410 790600 491199
411 392831 895519
412 802204 461548
413 697467 434768
414 683123 458728
415 477941 896019
416 672697 373352
417 306456 939834
418 330116 905113
419 726060 370459
420 712635 663968
421 702383 403185
422 765446 458545
423 739769 377264
424 456214 983150
425 739592 833391
426 754706 796357
427 449107 898222
428 773402 405007
429 395532 850374
430 457466 892113
431 700200 344675
432 688885 428844
433 700811 383022
434 680101 742916
435 404050 894964
436 208309 905190
437 201297 927871
438 729125 798814
439 697741 413478
440 411581 847623
441 785931 743060
442 311110 860375
443 810801 428216
444 693588 698534
445 307325 893597
446 429069 864134
447 460494 907331
448 830961 833550
449 659300 391401
450 771709 765356
