NAME : portcgen-515-8418630
COMMENT : portcgen N=515, seed=8418630
TYPE : TSP
DIMENSION : 515
EDGE_WEIGHT_TYPE : EUC_2D
NODE_COORD_SECTION
1 169626 71620
2 196227 33334
3 933895 935873
4 116152 98326
5 790501 103516
6 892607 122815
7 122344 76234
8 250369 178482
9 187667 195368
10 225247 119078
11 228580 192471
12 252055 154484
13 773242 78006
14 176349 103139
15 254005 170816
16 193030 59110
17 140325 61577
18 785168 96548
19 123778 65181
20 82218 113781
21 1002118 865419
22 150024 78627
23 879588 163098
24 198288 138984
25 746130 132315
26 902424 905048
27 165543 133596
28 216289 85507
29 155211 357414
30 204600 55706
31 175643 172650
32 880245 136477
33 219483 114526
34 165555 43639
35 857246 117001
36 215222 119461
37 264929 304057
38 207415 101312
39 240510 457831
40 116483 362831
41 896580 114504
42 173965 420672
43 185288 335026
44 918652 917346
45 233677 339363
46 126534 83127
47 196854 414027
48 207327 161003
49 923027 853850
50 194422 370377
51 156356 136170
52 846435 69054
53 236749 304206
54 191901 164035
55 158025 89285
56 880131 130222
57 1040741 814747
58 976851 892712
59 311955 96947
60 872872 120474
61 864650 83749
62 257960 125564
63 907211 113011
64 114550 121614
65 121998 65478
66 966440 956866
67 1013081 903404
68 203055 169471
69 284704 390270
70 851583 55867
71 956087 947029
72 221880 74819
73 186685 337069
74 111329 96896
75 159468 281268
76 282898 142563
77 178926 352500
78 854893 98738
79 929805 994359
80 913595 122839
81 954908 957522
82 139868 150649
83 188079 412943
84 223458 377130
85 147395 94681
86 94422 33071
87 890382 125839
88 112759 86142
89 790305 74894
90 253169 119193
91 308180 300662
92 107838 78976
93 205392 112922
94 232813 93259
95 302648 30705
96 227695 110517
97 192323 476925
98 985677 858535
99 878686 865446
100 915730 941031
101 955977 947891
102 244612 333356
103 134996 280885
104 153484 177383
105 97942 93419
106 885606 937601
107 997882 815141
108 167721 370844
109 213508 213739
110 860742 71942
111 146991 104243
112 869824 32015
113 157042 423206
114 227767 87887
115 158483 337384
116 931119 1018015
117 265503 120895
118 103147 90578
119 836301 67207
120 858395 110122
121 980147 952138
122 143296 27783
123 835956 133682
124 186688 346898
125 167639 146010
126 952907 965800
127 954840 941410
128 198665 181128
129 161802 121617
130 206926 124282
131 195831 227256
132 276547 178052
133 793749 897107
134 128855 104002
135 978289 875722
136 189025 80767
137 218583 66581
138 826663 88284
139 167852 443631
140 929643 986851
141 243903 232599
142 145632 97174
143 220470 295760
144 83791 67000
145 1000591 1011166
146 197073 151547
147 946860 891854
148 90422 67228
149 175638 372723
150 201284 389843
151 982329 825226
152 121780 380669
153 1017725 923311
154 184942 94631
155 166154 96607
156 1010924 923041
157 936722 893483
158 213562 132206
159 1070140 966841
160 194056 74949
161 951134 888971
162 216428 372245
163 974306 881078
164 226342 357284
165 922911 155806
166 876612 950893
167 821431 130477
168 198387 148888
169 278431 138956
170 889345 73160
171 1007779 910837
172 947182 963477
173 905977 60401
174 857351 109833
175 113790 98214
176 846377 100827
177 908893 943289
178 233895 338993
179 175763 279475
180 94816 104801
181 252223 75427
182 89045 138319
183 967070 913541
184 243803 348973
185 155492 91324
186 990219 970501
187 236998 92964
188 147655 94727
189 948437 941886
190 881046 154824
191 940696 872408
192 247307 59356
193 150780 249935
194 115751 118842
195 157623 378446
196 1005567 978224
197 835972 202956
198 217617 77741
199 945368 884176
200 988010 912821
201 866104 188342
202 887681 939951
203 251096 160337
204 58820 23060
205 858442 151675
206 183696 47196
207 238280 112575
208 964791 996040
209 830612 117044
210 120525 129424
211 856751 146948
212 314411 143103
213 173829 307117
214 910351 900386
215 930030 834743
216 961840 1010209
217 200709 307587
218 921727 54527
219 129574 181301
220 188296 162625
221 884029 127917
222 67570 83342
223 832527 123608
224 218880 81917
225 188223 444226
226 850672 138467
227 249581 155760
228 1018408 884292
229 207315 110331
230 122263 126108
231 142821 104604
232 167781 92353
233 787171 125865
234 212209 109704
235 278597 20907
236 117263 122975
237 976853 955939
238 984599 911001
239 818388 117882
240 117987 162579
241 811501 171320
242 966564 950252
243 247377 214800
244 114670 68736
245 283319 329828
246 917186 928194
247 306884 107118
248 222335 67896
249 881654 125939
250 244173 218797
251 293854 342815
252 913614 878461
253 145365 -1856
254 264771 134723
255 237345 122734
256 877782 127580
257 876587 181606
258 85549 130968
259 136615 187691
260 975596 118127
261 268112 415560
262 186183 61793
263 912378 174633
264 192678 401271
265 214306 57195
266 113730 88956
267 126143 332733
268 202682 369488
269 246375 114273
270 247142 114089
271 799973 128205
272 211518 96258
273 164700 139247
274 242466 210037
275 869490 129569
276 944086 900976
277 157549 87842
278 952993 949113
279 919572 153070
280 270770 402594
281 865821 183922
282 166460 424374
283 149166 95162
284 886954 73710
285 230355 366961
286 233794 82790
287 154371 432940
288 831731 144243
289 178362 331970
290 845812 203544
291 984371 959602
292 184909 433628
293 922927 116887
294 845930 96409
295 199545 104035
296 191996 192392
297 167385 131685
298 170658 154437
299 816947 114996
300 966669 885890
301 837210 166421
302 863818 145397
303 934242 864670
304 949155 902017
305 265288 95526
306 857754 123986
307 951206 891294
308 260423 125682
309 846095 218010
310 289837 397006
311 816703 123862
312 242472 277745
313 859350 965104
314 177865 334934
315 189094 391346
316 177417 83206
317 956914 908647
318 217652 128209
319 255217 96942
320 893277 146577
321 260369 119993
322 998293 939361
323 884715 951675
324 904080 989966
325 162714 41951
326 158213 38729
327 978398 890891
328 972946 904477
329 210279 382684
330 205551 389608
331 167257 105420
332 853196 43849
333 884941 861045
334 936294 135176
335 846478 52476
336 44609 16494
337 900619 136600
338 999627 896055
339 182551 374390
340 885102 908654
341 982884 974899
342 286775 322809
343 882609 62466
344 189328 136305
345 132246 48277
346 226483 134478
347 276382 341388
348 1018640 936451
349 861521 37130
350 131609 89919
351 822820 139588
352 141271 88809
353 1002741 991989
354 247079 192226
355 906284 106560
356 236007 313898
357 890966 888729
358 212767 90802
359 842609 96961
360 176776 361932
361 151669 289474
362 238169 37271
363 189270 74497
364 186481 17457
365 123148 348669
366 198916 172660
367 208572 345250
368 922403 125583
369 211561 109659
370 186439 45189
371 1010196 905237
372 151894 117072
373 874067 174865
374 248746 123532
375 89255 139605
376 187730 387883
377 1029470 912982
378 200207 126451
379 234580 359053
380 213110 185024
381 856402 115078
382 100011 112359
383 262481 334378
384 165696 399062
385 945843 866150
386 298004 62312
387 295571 158720
388 190589 298517
389 237351 77747
390 78926 227051
391 180510 254208
392 169134 117580
393 273122 348510
394 199041 183608
395 942383 50030
396 198019 314324
397 830986 138892
398 119866 133557
399 130801 460901
400 986001 907071
401 189903 311388
402 943756 888694
403 208181 363426
404 931768 962022
405 195661 303939
406 1019101 891005
407 184797 385421
408 976337 957104
409 861796 99456
410 71953 115845
411 228661 62941
412 860860 120870
413 109936 101469
414 1033645 953876
415 257833 317131
416 220253 127001
417 246543 141023
418 919533 863924
419 136152 144598
420 225142 100822
421 894474 54449
422 916268 928135
423 180855 377556
424 159752 137464
425 222507 337430
426 212822 336146
427 931974 937608
428 209139 390643
429 149808 65396
430 322163 112876
431 881309 27799
432 207947 126583
433 136846 375277
434 806194 140866
435 232095 99453
436 217396 77181
437 805311 46832
438 112852 138888
439 200778 176663
440 302450 203931
441 223699 221142
442 919924 936575
443 941926 158864
444 128990 52535
445 829047 117687
446 263919 111407
447 841641 158597
448 175750 393517
449 289224 408148
450 940046 869347
451 302133 29341
452 862992 94685
453 180609 113495
454 946629 1015674
455 904554 100770
456 94282 109905
457 856628 154201
458 220926 80328
459 182737 132596
460 217762 78950
461 281791 119828
462 828240 91652
463 921236 135901
464 176416 171659
465 878304 968198
466 173751 346380
467 942424 156518
468 161085 106587
469 139964 136811
470 866210 159665
471 187527 287071
472 183874 93271
473 208932 366025
474 925342 93486
475 894234 102154
476 196499 101763
477 264721 311330
478 967206 948623
479 963753 929578
480 828464 187136
481 303310 118303
482 856028 123815
483 259768 428691
484 180105 114077
485 157517 377119
486 825688 144060
487 881577 192199
488 202303 290573
489 920988 932634
490 70056 129330
491 971742 962615
492 841481 69634
493 267840 344443
494 854781 216346
495 192268 348104
496 923547 954402
497 187551 76509
498 167169 143408
499 185475 70308
500 177352 272799
501 244805 375032
502 163391 378761
503 945392 941285
504 830230 218326
505 99533 24756
506 153767 29567
507 185617 93867
508 212509 118999
509 261296 135595
510 164398 374805
511 230740 350016
512 236256 336739
513 947159 938530
514 141215 114331
515 70172 59090
