NAME : portcgen-582-4121359
COMMENT : portcgen N=582, seed=4121359
TYPE : TSP
DIMENSION : 582
EDGE_WEIGHT_TYPE : EUC_2D
NODE_COORD_SECTION
1 206837 949466
2 342512 932912
3 660733 577988
4 685176 591567
5 405662 992316
6 315573 955992
7 845319 725403
8 714494 485840
9 628074 333855
10 917331 688337
11 302652 932972
12 287924 931380
13 468022 303895
14 377799 905677
15 463190 971672
16 376220 941883
17 444096 362215
18 289443 872290
19 411728 972406
20 436510 929187
21 714711 566488
22 867813 728484
23 297087 924486
24 816848 741781
25 255749 870336
26 408090 371540
27 258222 908162
28 716781 648415
29 710740 548093
30 812485 804059
31 493430 348909
32 401335 928562
33 270474 911257
34 527188 345351
35 847080 736244
36 309999 929753
37 676661 625021
38 830768 776354
39 229587 958901
40 287295 953738
41 906769 747560
42 415283 865201
43 236328 903678
44 721309 584677
45 276568 974704
46 451832 311325
47 801925 628599
48 462073 316016
49 219315 917068
50 505770 407420
51 844550 825792
52 252843 890974
53 250259 914113
54 707408 573846
55 688367 521236
56 307218 928414
57 439468 1010222
58 278384 926232
59 807566 743130
60 801549 772976
61 206822 911092
62 844513 743617
63 787114 555838
64 496641 342774
65 475566 265291
66 822112 808700
67 841923 738250
68 476338 347356
69 490203 369366
70 864771 845695
71 812341 718700
72 424656 972716
73 421571 893219
74 877086 757691
75 780288 737920
76 209232 869249
77 256427 885682
78 190360 983160
79 764475 663721
80 699180 512046
81 815703 650053
82 315017 895448
83 483090 920984
84 285388 904452
85 830074 691112
86 183822 935237
87 654008 519629
88 836526 746564
89 492085 341116
90 286116 857305
91 420607 912921
92 537138 310278
93 726636 631115
94 794831 757448
95 486664 324500
96 667601 636814
97 702869 599756
98 323425 928139
99 712814 659074
100 488199 422098
101 727648 550361
102 743403 602223
103 462192 879709
104 809298 803438
105 455910 971907
106 275890 880537
107 725651 565193
108 710424 569783
109 674833 568965
110 260105 867599
111 722496 618254
112 294546 981481
113 439683 928375
114 746382 638470
115 692464 591093
116 698325 563703
117 523668 949914
118 231489 863712
119 881798 742212
120 741166 561153
121 494656 353704
122 265235 810238
123 864738 762937
124 820711 814917
125 706241 642029
126 508650 324154
127 511236 339592
128 771552 558161
129 357036 926430
130 531121 334429
131 272957 836161
132 725091 510768
133 456705 906425
134 739017 587980
135 419249 880125
136 256792 923340
137 383061 894829
138 263607 880812
139 468640 398107
140 846227 771927
141 729064 765498
142 253106 936194
143 699502 640196
144 910191 781690
145 475650 919114
146 430106 985791
147 283598 903895
148 497438 381186
149 802938 776040
150 472657 905181
151 435511 947115
152 280958 930095
153 418226 895260
154 862310 703468
155 278751 941487
156 933751 701733
157 703371 582252
158 507987 313765
159 356450 933865
160 395857 925725
161 699915 526494
162 466725 917288
163 205138 926084
164 417027 386573
165 536874 424364
166 539329 324414
167 717462 584868
168 743044 578257
169 737389 542203
170 456976 362035
171 434873 416463
172 223574 883501
173 849543 683074
174 902270 792390
175 753137 508332
176 820369 772089
177 748824 580126
178 491250 374543
179 879998 762287
180 840456 732767
181 453414 290478
182 855899 722001
183 720224 560725
184 836465 701437
185 678227 644290
186 286430 882631
187 354966 919060
188 502154 348823
189 235031 914515
190 404901 915838
191 404968 952579
192 435496 870298
193 733908 644055
194 378180 898842
195 295618 932884
196 425380 927234
197 549699 337616
198 532184 316074
199 306617 961646
200 404711 874830
201 402560 877803
202 652599 521277
203 294797 964062
204 447075 389656
205 288682 896165
206 845259 694788
207 881302 743951
208 861936 778435
209 398175 888749
210 627045 636195
211 529308 381156
212 698666 559937
213 674410 559658
214 708180 546628
215 454280 939344
216 777965 745442
217 861660 726037
218 521909 344945
219 835691 743865
220 394933 968564
221 430276 331052
222 454524 937559
223 703545 616363
224 864042 704583
225 885942 733431
226 815500 721152
227 733924 596056
228 454046 886355
229 534759 404322
230 729604 552296
231 395545 944695
232 426526 946773
233 241698 908695
234 665574 549419
235 198441 895159
236 880728 689669
237 541775 341893
238 304316 936854
239 885579 703962
240 694593 606209
241 516094 361882
242 842155 801168
243 435817 278892
244 668779 628335
245 380563 825614
246 682746 614384
247 421898 914013
248 732707 657992
249 762983 732032
250 296791 1007021
251 828607 783916
252 899595 773295
253 636228 625033
254 215878 915863
255 624273 626990
256 639064 578092
257 413456 924118
258 477492 922004
259 766134 570812
260 291627 927811
261 742444 617511
262 846709 756368
263 862278 750852
264 783066 804344
265 402650 943257
266 282209 884101
267 880553 681287
268 300806 944150
269 559264 425747
270 771660 625454
271 385062 944595
272 815880 686801
273 312897 938886
274 739138 591729
275 285400 972507
276 498030 342191
277 254148 859536
278 385079 847979
279 454253 893487
280 290598 894937
281 454613 338622
282 338646 968179
283 680228 607672
284 379785 995999
285 882027 800753
286 697281 606354
287 466431 1067140
288 825710 733434
289 959470 730726
290 728144 624707
291 765825 617091
292 523050 289767
293 242334 875084
294 523892 341106
295 674458 635675
296 248390 891661
297 269877 929676
298 261028 901491
299 262676 976950
300 468092 949538
301 781435 771083
302 305286 1002624
303 792369 785164
304 313768 841400
305 802044 733483
306 551247 367139
307 787826 738482
308 624710 674923
309 254986 780054
310 510757 317473
311 174102 930695
312 302830 924726
313 509091 456685
314 799343 621034
315 397213 969322
316 424302 901192
317 245941 971117
318 893665 794177
319 719021 603919
320 495293 406263
321 271658 973108
322 382879 949939
323 449031 360545
324 720082 564114
325 709295 604643
326 427786 913099
327 534462 355844
328 273412 955330
329 687895 499841
330 437235 833891
331 768883 737837
332 439209 924926
333 859517 722939
334 410391 996087
335 536657 316856
336 305935 868135
337 245948 866887
338 469043 370619
339 480650 371056
340 865510 735876
341 846612 859279
342 237878 898696
343 532771 395883
344 772552 736535
345 290691 931506
346 440555 278190
347 901030 797372
348 823532 696727
349 272594 864083
350 872978 800606
351 734686 523176
352 868952 726607
353 443283 921328
354 395262 905788
355 397804 948717
356 455256 295988
357 452432 318707
358 719945 630310
359 303385 934153
360 499752 335411
361 363378 950618
362 792844 703596
363 250234 903670
364 423225 940158
365 456637 921276
366 222080 885535
367 319904 896360
368 545952 382554
369 830903 769247
370 892662 701747
371 229538 928258
372 754171 627653
373 860719 770243
374 281148 935711
375 327464 902838
376 330678 988947
377 215516 887882
378 775879 739081
379 337794 953462
380 464626 380821
381 730544 596993
382 681944 567384
383 376247 918171
384 432393 358676
385 567841 391322
386 385332 927084
387 841731 717004
388 372867 931197
389 938999 846197
390 288487 891399
391 232342 960058
392 723237 661536
393 661752 473135
394 370645 915837
395 718282 597633
396 243939 927184
397 422419 954547
398 539729 436337
399 898805 701692
400 303400 962355
401 453387 354445
402 359643 877397
403 415281 979579
404 463874 850990
405 293200 920672
406 855235 774125
407 458072 930330
408 425195 935517
409 475911 295033
410 279809 880754
411 286198 954494
412 529235 299857
413 402817 346166
414 838010 743184
415 253906 875520
416 402873 912284
417 893305 825502
418 393844 964166
419 815756 689493
420 474087 940012
421 701746 609002
422 329610 909481
423 687624 651209
424 543733 323644
425 387877 912866
426 379324 920989
427 293221 934284
428 344315 892901
429 830256 665992
430 381574 870565
431 527958 303892
432 348184 925290
433 487137 325482
434 536418 359135
435 812940 700215
436 474269 354910
437 271429 902468
438 525633 422653
439 481829 292974
440 369527 924600
441 767798 762137
442 502751 935360
443 261128 946104
444 396459 852501
445 525079 303756
446 414194 887408
447 556061 346188
448 226955 924047
449 726956 674699
450 391679 868839
451 254771 910236
452 656691 566765
453 847468 746632
454 747840 570956
455 239917 985171
456 253783 945406
457 826192 777375
458 506816 338484
459 443667 949448
460 416273 868084
461 453086 438928
462 764550 646171
463 741013 570484
464 463783 832861
465 692980 544871
466 336656 868432
467 391515 934868
468 841522 681719
469 470375 345355
470 347959 835962
471 445723 945709
472 821754 814955
473 676368 611433
474 819612 761590
475 802101 775999
476 440647 909509
477 662953 576861
478 920776 731685
479 224805 878260
480 528459 295455
481 825399 677351
482 779792 616634
483 492421 324664
484 643039 528398
485 830390 742310
486 456837 963614
487 741592 573308
488 357692 927783
489 461744 382508
490 428425 977219
491 414661 891785
492 449638 993364
493 270170 955229
494 283728 881862
495 431932 320498
496 437865 899492
497 522019 372490
498 846947 745926
499 881434 676006
500 294190 881747
501 714462 594696
502 455101 298803
503 404679 956964
504 324885 884658
505 522124 339334
506 670929 605687
507 378576 980886
508 868415 723622
509 349389 870391
510 250408 888490
511 329968 840065
512 482327 969626
513 691246 578359
514 813285 726850
515 484606 937591
516 478108 373966
517 771013 495439
518 537071 350086
519 437928 333310
520 241296 901867
521 310922 955390
522 421135 894841
523 671954 534558
524 825328 742917
525 448479 929639
526 460009 952726
527 914991 751924
528 736835 537970
529 241098 924032
530 215319 941849
531 734309 621170
532 236202 865556
533 478770 403269
534 783123 640061
535 838511 716554
536 448581 304383
537 785158 746669
538 244704 933352
539 414520 965558
540 346948 899634
541 320196 936018
542 882781 739593
543 312841 917543
544 595878 566165
545 908365 728559
546 768118 596938
547 750061 608200
548 274179 830991
549 434970 292291
550 308690 890091
551 508920 443401
552 806702 667509
553 660914 530815
554 537939 333369
555 284671 917980
556 521204 332581
557 449667 409694
558 821646 781683
559 490391 1020452
560 682985 575625
561 499704 389794
562 248588 906709
563 378828 941979
564 464428 357891
565 465162 435020
566 803586 753839
567 765657 573733
568 383519 858051
569 689459 531256
570 437454 387782
571 726790 564226
572 229028 907167
573 210000 897337
574 769192 555791
575 850728 731894
576 487853 359045
577 295697 949181
578 394601 975096
579 702487 549604
580 303119 931199
581 464581 417050
582 755521 609565
