NAME : portcgen-460-7480486
COMMENT : portcgen N=460, seed=7480486
TYPE : TSP
DIMENSION : 460
EDGE_WEIGHT_TYPE : EUC_2D
NODE_COORD_SECTION
1 -97711 526173
2 970235 270191
3 4918 363477
4 835649 291322
5 996766 972927
6 905899 559654
7 -43681 466474
8 -73851 405089
9 846720 227235
10 869770 977907
11 910959 326150
12 819880 556643
13 816568 1068539
14 1056854 323174
15 33620 438526
16 40484 543877
17 804762 506027
18 779467 944044
19 -16751 381795
20 893655 998258
21 977920 279991
22 872796 980434
23 889930 237360
24 -28519 417600
25 828523 216152
26 845840 258177
27 -65239 427825
28 790192 514962
29 940093 287433
30 1039987 295726
31 891424 997821
32 916047 906396
33 -13539 461305
34 916678 226192
35 15665 417388
36 951430 879335
37 892239 562520
38 822869 956578
39 907726 957971
40 851993 978990
41 880270 513020
42 30655 426998
43 947532 162254
44 65990 506890
45 119767 493335
46 748663 606342
47 903299 942003
48 867229 491089
49 62266 438539
50 897667 871269
51 885278 514914
52 710061 498278
53 1018588 236430
54 -58798 514718
55 913358 287670
56 835058 506635
57 -25640 407983
58 914697 223195
59 885575 988896
60 910082 912854
61 929298 941129
62 989253 239946
63 906713 985278
64 816201 474904
65 806941 212527
66 -54073 470818
67 836804 465545
68 54744 437301
69 833410 397469
70 53453 396483
71 876853 583787
72 892403 298918
73 913633 297344
74 997716 301740
75 822496 489889
76 890764 933924
77 858657 951137
78 912940 239976
79 898277 324021
80 772351 552935
81 901099 577291
82 906238 308214
83 961776 191651
84 884959 495664
85 51312 492659
86 55874 459439
87 930240 860049
88 925203 596207
89 863411 933033
90 875197 972454
91 823952 470320
92 881427 424068
93 967108 241610
94 963177 917666
95 24331 372359
96 959197 278770
97 761717 594612
98 897893 856943
99 856022 517371
100 865741 976663
101 954172 242589
102 865085 505564
103 891127 916587
104 861054 899068
105 -82341 406590
106 942064 209140
107 895116 1009804
108 841287 938362
109 907541 294066
110 935620 250267
111 893762 292799
112 933584 959320
113 983367 335823
114 872354 959544
115 904200 987868
116 -34881 426600
117 55076 424988
118 835905 530412
119 919936 251042
120 816586 541754
121 930003 256166
122 -742 451180
123 46445 522542
124 861170 269267
125 944010 281056
126 848207 532469
127 906274 301611
128 26286 380556
129 972877 970909
130 814352 470462
131 935495 216176
132 856183 372895
133 -17151 533861
134 885994 1022843
135 46205 338367
136 855189 226765
137 1006330 270406
138 883896 540261
139 1033751 291255
140 32863 435642
141 929319 273441
142 838620 484905
143 969201 861149
144 879229 282330
145 856901 482926
146 914643 892225
147 932840 917157
148 778729 567055
149 55000 400283
150 852434 479125
151 894817 578525
152 952001 335954
153 -467 457854
154 -14870 500122
155 41606 414739
156 871972 554649
157 -8937 443189
158 981992 192196
159 894214 933688
160 37267 451803
161 855656 528697
162 903140 300521
163 852812 893624
164 939748 895162
165 927779 882482
166 833086 438870
167 899550 280260
168 973499 228215
169 823209 1006520
170 902437 269674
171 868959 433837
172 903572 956326
173 46286 398616
174 31733 425584
175 59077 396540
176 808716 499700
177 11220 451731
178 13854 390854
179 873200 1008184
180 890832 963311
181 884896 222641
182 34990 431846
183 941879 255829
184 889938 968670
185 845496 224866
186 809399 492487
187 830564 540532
188 807822 508563
189 932417 208963
190 19572 411021
191 786475 583796
192 60854 439251
193 994382 899833
194 854434 526084
195 853185 494026
196 944425 291138
197 880448 862219
198 943611 909224
199 -57123 512918
200 969141 260740
201 813180 845564
202 967610 322476
203 934766 298790
204 841241 343051
205 893994 918637
206 896289 947897
207 837907 537533
208 930144 889754
209 870889 964940
210 844569 989568
211 44718 366974
212 788169 555499
213 915474 219249
214 804085 532128
215 819623 578167
216 1024457 220947
217 948905 267623
218 814398 566364
219 882494 500393
220 50721 446130
221 955699 496484
222 952885 940006
223 832468 304992
224 44845 479103
225 866676 838369
226 39031 505133
227 7961 402311
228 931402 529092
229 866485 526565
230 992779 295124
231 891350 893434
232 999144 313737
233 823832 462093
234 -54194 416200
235 864992 994460
236 939615 249203
237 833494 575870
238 858190 915040
239 -15503 399317
240 933276 909231
241 33335 529256
242 870439 278049
243 826961 513478
244 901570 253050
245 870752 303728
246 945205 907040
247 -81198 347829
248 29107 487480
249 877954 216096
250 877868 945891
251 918359 274095
252 979981 247933
253 962435 254750
254 66180 343743
255 832182 620446
256 897570 299189
257 906886 1020574
258 927079 279104
259 15926 430628
260 48004 396656
261 891648 547441
262 885053 191733
263 949794 241733
264 984472 284779
265 879888 625943
266 840121 461106
267 25061 389307
268 911527 486472
269 828566 928648
270 930313 976628
271 853929 958408
272 940456 1002506
273 17342 412207
274 816198 574995
275 797778 904146
276 924262 963731
277 928023 241048
278 891239 204137
279 941654 246759
280 818476 538862
281 868306 577387
282 55192 418483
283 46940 412588
284 -34709 344838
285 920679 981756
286 927917 300006
287 902450 203955
288 918363 267159
289 808037 542055
290 -24583 438670
291 878438 446362
292 914850 546328
293 809720 501726
294 890796 922691
295 -39513 397453
296 944798 273847
297 847684 513176
298 898807 318358
299 857433 503480
300 856635 302712
301 906398 199738
302 876158 506060
303 6921 370194
304 -6159 465042
305 889350 995352
306 833737 547169
307 48811 494669
308 69398 425435
309 1030507 272959
310 875716 953558
311 829651 1038138
312 925714 926117
313 837746 596081
314 850186 911615
315 77861 512968
316 843457 484297
317 820762 514694
318 37452 439153
319 916460 486127
320 840809 548474
321 891294 491698
322 881861 285870
323 837339 602041
324 889851 525766
325 940778 284673
326 841596 884051
327 69778 424202
328 48919 477044
329 899477 1003813
330 58511 442954
331 12151 438181
332 870202 307445
333 49600 487437
334 829469 928035
335 189138 397781
336 -13011 444160
337 876165 981850
338 924193 351720
339 964279 248602
340 908203 257600
341 815165 475737
342 924465 284033
343 860404 900442
344 890385 888239
345 921200 360916
346 822036 476068
347 64518 477897
348 66915 492637
349 48442 433310
350 -69621 464083
351 33304 407880
352 838348 479173
353 852568 835435
354 38980 316946
355 910823 212971
356 -15160 358442
357 882202 305029
358 947512 906852
359 849943 468486
360 874717 965941
361 809857 475061
362 69231 417500
363 924901 507360
364 919111 918351
365 964753 198908
366 871456 535572
367 898471 523385
368 904673 929747
369 810499 1046752
370 923990 939970
371 -45867 457756
372 781797 599822
373 -40119 372190
374 916570 254863
375 951972 255227
376 904785 333459
377 804043 446097
378 927149 272740
379 896314 948123
380 804761 598549
381 -36743 499501
382 809788 522154
383 88918 375562
384 -116198 474731
385 46870 439657
386 852361 195590
387 18665 510251
388 888806 241352
389 5393 453690
390 924978 230883
391 927311 386812
392 890002 520673
393 1945 452669
394 807383 580226
395 780144 592759
396 10685 321892
397 940940 325225
398 916269 278480
399 965061 266087
400 922879 240563
401 916002 274705
402 830795 539784
403 763373 572145
404 872290 278009
405 810016 513597
406 910311 887966
407 961572 280394
408 914673 236056
409 871555 243202
410 29238 388619
411 869708 206375
412 43179 420437
413 912833 211679
414 807615 462645
415 812257 549104
416 910979 226862
417 896419 213031
418 966592 311481
419 -42235 391542
420 47536 394068
421 835704 1029248
422 -63063 463919
423 832198 261047
424 835681 972795
425 771247 494386
426 889187 932614
427 837300 203794
428 29255 405070
429 759270 536991
430 863517 519203
431 -48135 446357
432 36004 392233
433 921085 940051
434 847487 583259
435 861458 591754
436 912808 964938
437 816424 547069
438 826886 1011202
439 870961 313918
440 921267 243631
441 -25769 341524
442 5446 417981
443 916245 262968
444 899914 968660
445 886222 214255
446 -36023 509497
447 35968 491509
448 -97175 445346
449 941422 329999
450 -44137 473180
451 827457 396400
452 965207 904946
453 797535 491976
454 -4151 469617
455 781820 554957
456 911482 935825
457 832919 884525
458 910703 242297
459 850778 553661
460 900767 547151
