NAME : portcgen-506-346342
COMMENT : portcgen N=506, seed=346342
TYPE : TSP
DIMENSION : 506
EDGE_WEIGHT_TYPE : EUC_2D
NODE_COORD_SECTION
1 891394 151277
2 1008770 128714
3 345852 103941
4 480926 122751
5 748932 1048516
6 934625 62203
7 897489 86631
8 317269 812489
9 900744 76638
10 334087 774479
11 295506 813021
12 466630 106802
13 200233 784260
14 353496 125096
15 834744 759008
16 236807 749456
17 499976 91427
18 456578 60254
19 822993 76026
20 382554 91435
21 378169 146522
22 877128 963672
23 762623 961244
24 901937 85592
25 281204 837353
26 829310 898322
27 854166 921143
28 779127 941098
29 824908 1028772
30 813197 948360
31 776287 936018
32 893061 159676
33 152001 771227
34 278559 822067
35 807885 846209
36 766415 770118
37 261493 803309
38 340149 106726
39 882301 933638
40 931315 71350
41 826896 808662
42 799156 1030414
43 922899 87260
44 857618 755029
45 777263 825216
46 852505 740104
47 312384 829571
48 303922 789135
49 858526 715005
50 188615 807665
51 730695 935224
52 241799 808239
53 366263 50279
54 715536 970947
55 427698 154525
56 784933 1042339
57 815264 84101
58 764228 943183
59 802376 745173
60 848166 130393
61 190414 856013
62 785746 1000204
63 228059 765028
64 429908 111934
65 822240 1006973
66 453542 103430
67 725669 974591
68 889218 960882
69 157170 844399
70 862885 745458
71 810224 745944
72 211758 813304
73 213770 812849
74 237804 791713
75 288984 869287
76 783519 781015
77 408719 75009
78 937867 27473
79 128768 779225
80 884917 127554
81 815199 934446
82 448077 84116
83 378257 114284
84 388707 156872
85 827434 774900
86 857089 823639
87 364521 60844
88 821355 805344
89 988265 77641
90 369820 163074
91 393276 75657
92 889704 137818
93 392833 94318
94 897185 716455
95 785301 779220
96 859115 930940
97 477916 13771
98 195278 824521
99 353136 133360
100 846149 16651
101 971176 64684
102 235683 780338
103 794269 994375
104 485100 123912
105 177021 838646
106 743164 993512
107 917263 114201
108 742414 1008757
109 794174 786220
110 893172 168168
111 204542 815086
112 404419 72381
113 763376 1010310
114 426344 100248
115 948208 742613
116 885810 148227
117 1003108 94061
118 367364 144118
119 789820 976837
120 841059 78369
121 831002 824946
122 855624 106457
123 217271 818907
124 237969 775718
125 471796 132633
126 771194 806832
127 399190 157821
128 841912 985924
129 951814 40666
130 262508 796398
131 432452 127746
132 218673 796325
133 234814 849509
134 850508 938133
135 258859 866250
136 501312 21001
137 873270 711997
138 853364 826927
139 439642 103026
140 372419 84309
141 935700 88108
142 796326 1051001
143 155418 864856
144 399963 112027
145 704751 1003755
146 801091 1015787
147 820838 1005283
148 174906 820890
149 165858 878524
150 246764 792672
151 781052 102829
152 248269 754661
153 801201 759566
154 219468 855590
155 359953 106719
156 852610 97346
157 876423 138494
158 203534 885196
159 932921 180855
160 368239 139441
161 304422 796052
162 214357 855720
163 415089 20907
164 745364 1020234
165 950821 114551
166 830909 893698
167 900041 82080
168 855107 50226
169 784452 718663
170 843000 1069590
171 780704 1033404
172 229310 781738
173 903155 808384
174 155821 816299
175 731885 973966
176 383086 89252
177 237701 848500
178 480411 141976
179 182830 775579
180 472751 54033
181 908252 55894
182 867061 135721
183 826762 741563
184 762124 984708
185 246927 873079
186 884153 107342
187 911757 137044
188 782029 -1032
189 447858 77492
190 794456 719198
191 775780 947254
192 830681 152786
193 818958 959981
194 227851 791059
195 757092 759493
196 890053 90464
197 797990 997712
198 882140 726350
199 832038 744851
200 390427 139355
201 416556 89855
202 884027 876949
203 898305 797362
204 181191 833778
205 784283 952862
206 903693 112144
207 440517 112252
208 903693 214770
209 749514 777204
210 785583 928848
211 449923 159131
212 426756 90013
213 828219 623230
214 863679 789256
215 805360 1070114
216 667681 930326
217 432853 90919
218 901107 75465
219 739625 936017
220 876807 707994
221 372158 98113
222 431711 121535
223 925311 142065
224 824709 921660
225 837726 887915
226 940783 80011
227 181900 823860
228 912836 829483
229 870261 714605
230 243874 873828
231 889939 138055
232 380784 84915
233 882611 804970
234 335980 148692
235 458162 141825
236 866282 853584
237 398822 30721
238 876705 824588
239 840163 761459
240 896646 723710
241 781013 974353
242 905455 73224
243 391433 95764
244 360855 105202
245 871115 808249
246 408332 131104
247 738448 982155
248 920151 47617
249 409217 180222
250 247632 877666
251 796072 958355
252 205467 903087
253 350502 104073
254 355581 171619
255 737656 1025217
256 785107 874346
257 899679 61494
258 467459 39720
259 893735 73153
260 249528 826237
261 883632 988664
262 841507 756306
263 832000 808687
264 204170 818876
265 301115 115642
266 415812 100246
267 401204 60510
268 884606 955407
269 220415 819504
270 302758 793159
271 769365 902731
272 812807 861265
273 919960 91007
274 718422 828140
275 237355 922688
276 914066 75446
277 229735 806129
278 887113 194630
279 870408 111044
280 367137 112555
281 402872 147179
282 881800 767463
283 726940 1013529
284 749049 944476
285 358478 51685
286 794818 154582
287 850231 825204
288 423985 81721
289 190305 829786
290 442896 119319
291 359688 168576
292 897182 88611
293 755529 689960
294 434074 146475
295 824210 914837
296 785061 691134
297 405594 104623
298 778868 970091
299 830838 842612
300 819429 76508
301 842503 752144
302 435063 143005
303 423599 60019
304 811231 780660
305 895629 810041
306 869552 76015
307 788149 957521
308 812895 826616
309 464765 97892
310 775975 973884
311 825044 826788
312 814696 699580
313 819441 765966
314 919285 774849
315 772331 958527
316 204455 751335
317 768337 930249
318 464634 142812
319 922569 61416
320 412902 50954
321 868403 760336
322 376320 102021
323 802108 957130
324 491456 108773
325 828778 939635
326 846559 1030075
327 228525 865327
328 883148 59505
329 866245 73717
330 807000 846875
331 847414 65430
332 904391 94368
333 230341 804688
334 303910 809242
335 958118 60987
336 768102 972452
337 354213 151586
338 243768 852080
339 823155 848698
340 811315 751516
341 829944 785325
342 198197 852683
343 768215 1052380
344 818786 742552
345 341624 176396
346 432007 215871
347 799516 807824
348 777450 992986
349 825968 939418
350 274159 786507
351 754866 1014848
352 326930 141915
353 791769 791911
354 872872 108618
355 821519 953649
356 851053 776355
357 810748 793889
358 895166 72455
359 907903 107920
360 929231 28939
361 194837 799192
362 762809 774116
363 858074 65648
364 201380 786217
365 901790 124710
366 368626 166079
367 762073 767059
368 924533 122729
369 463462 70984
370 218292 929277
371 386285 87064
372 454564 180810
373 396900 153027
374 962438 808307
375 808829 804637
376 889909 149968
377 252225 674034
378 216511 762721
379 799714 821279
380 927614 64159
381 184276 869112
382 789264 960978
383 850119 799513
384 882827 163143
385 816748 766745
386 924879 64131
387 697455 959544
388 754169 955344
389 855781 975955
390 232949 819210
391 853965 780004
392 796188 755170
393 174284 804073
394 240294 786766
395 824683 750996
396 895049 127800
397 799463 898882
398 257291 902841
399 768610 786723
400 846559 72894
401 962707 831094
402 424010 70265
403 767835 1052607
404 796730 751294
405 404737 166487
406 294205 850932
407 762315 1051203
408 869398 155180
409 885447 94766
410 368299 81688
411 259606 870412
412 904611 173736
413 350913 52971
414 925747 151185
415 867772 103112
416 949341 23604
417 924467 740021
418 161557 811743
419 342896 796385
420 208000 754300
421 212572 755649
422 167762 830094
423 261652 734847
424 782016 900450
425 461085 149673
426 885591 809890
427 426845 97122
428 878763 877945
429 899796 102517
430 847197 805525
431 322306 834887
432 289873 787609
433 326384 773326
434 744014 918894
435 842546 1007202
436 909014 59535
437 794510 1053918
438 834084 970723
439 416062 127758
440 759255 991973
441 837244 108211
442 219446 821411
443 304681 774148
444 798851 764745
445 855103 89030
446 840979 762285
447 907019 119559
448 277977 826000
449 204186 817975
450 777421 742849
451 431532 123978
452 402231 78956
453 797167 1032069
454 928892 71121
455 889411 824739
456 763555 831138
457 156709 811115
458 326475 122001
459 409234 176336
460 898304 124666
461 858165 1017805
462 922100 41928
463 367163 88655
464 914265 56856
465 703502 1004886
466 835204 948403
467 301280 829146
468 748632 1027153
469 455241 104664
470 271955 827187
471 407190 96217
472 216867 829603
473 387679 144111
474 362631 168205
475 910847 97305
476 770631 981523
477 851072 887735
478 837748 733373
479 859612 28013
480 197974 830442
481 232029 805393
482 826993 926338
483 260796 776244
484 848867 152436
485 711814 945056
486 853043 75638
487 827148 899255
488 238292 781683
489 862663 849584
490 832730 798480
491 940534 72283
492 424756 50626
493 232276 798243
494 921429 106173
495 380279 152133
496 184211 872332
497 732941 908361
498 392487 166882
499 879778 814332
500 784066 750814
501 353028 80326
502 760777 938685
503 882309 166066
504 839236 823500
505 967412 94791
506 749488 845786
