NAME : portcgen-429-7430706
COMMENT : portcgen N=429, seed=7430706
TYPE : TSP
DIMENSION : 429
EDGE_WEIGHT_TYPE : EUC_2D
NODE_COORD_SECTION
1 357050 568004
2 299707 707704
3 539237 686627
4 354721 689356
5 548937 239810
6 325494 561019
7 501050 544142
8 274511 610122
9 342983 558598
10 171811 700379
11 523124 250668
12 536895 616151
13 435484 541511
14 382792 639457
15 158648 729583
16 173147 643193
17 469450 603965
18 398620 612940
19 460706 244137
20 441479 612316
21 530793 527464
22 546509 606913
23 550185 576028
24 597691 276782
25 620695 263373
26 550987 272364
27 526360 141552
28 339505 579032
29 564083 169112
30 493583 665627
31 269186 621545
32 324794 639575
33 316156 780514
34 287404 695184
35 244233 743595
36 455832 649019
37 486078 238710
38 577922 122998
39 176839 672779
40 198185 646328
41 506951 214449
42 544582 271992
43 324704 667715
44 210781 639277
45 516249 238279
46 207602 693367
47 459294 617422
48 514019 248106
49 512696 224088
50 557245 333625
51 497149 609637
52 532982 547070
53 98081 591207
54 563636 600908
55 153486 648487
56 442347 595262
57 585050 234599
58 530763 343642
59 448843 646965
60 450086 236495
61 515785 224349
62 251886 721566
63 582236 200185
64 515288 260185
65 395761 557410
66 482190 322978
67 395267 629621
68 198734 794647
69 320588 663857
70 168292 646550
71 301053 693731
72 548658 621652
73 537681 654737
74 521442 256766
75 617406 651585
76 282853 676321
77 208197 716233
78 454292 567467
79 544330 496472
80 524775 224897
81 402002 559516
82 532900 291591
83 384321 618137
84 117292 583802
85 397248 340143
86 405394 474896
87 245401 670234
88 359429 527624
89 495986 708621
90 312363 703493
91 518264 601858
92 190473 669105
93 422025 583440
94 521495 604236
95 456393 647785
96 229841 710730
97 196481 696840
98 481385 273440
99 450451 193063
100 608276 694409
101 297468 614478
102 509208 241344
103 500790 668814
104 230644 532669
105 475087 234961
106 558351 288422
107 558269 584858
108 259213 715018
109 480887 491204
110 419932 552174
111 391692 555067
112 390805 331432
113 165270 621931
114 327067 759275
115 264592 761700
116 382555 657285
117 177971 658886
118 233427 706849
119 479813 601886
120 512616 684220
121 494485 289609
122 477464 256830
123 562392 572831
124 453535 609757
125 293973 643593
126 317136 671345
127 472367 662257
128 424944 686772
129 410438 564028
130 534462 268228
131 373796 543095
132 252349 771307
133 567471 256726
134 458698 198915
135 281810 667422
136 567670 638690
137 187840 678676
138 113270 556496
139 467761 256259
140 122515 763596
141 253820 666638
142 450946 629836
143 340699 589091
144 268111 661724
145 467248 604347
146 527555 265424
147 557741 625348
148 522748 226377
149 223668 631428
150 555663 301271
151 551343 205530
152 297322 622822
153 559683 231821
154 196885 692652
155 542406 257085
156 536845 238899
157 570424 370129
158 319192 641880
159 261827 724780
160 202120 639905
161 545960 243965
162 183213 661452
163 569384 170039
164 497901 232143
165 227869 727494
166 256195 717289
167 281720 742239
168 394071 608735
169 532259 246979
170 538595 230038
171 306463 718544
172 516390 153848
173 375999 575952
174 280787 655165
175 475000 591147
176 257455 659714
177 473724 332280
178 508646 647672
179 233104 772417
180 415840 627045
181 372024 548730
182 471114 346178
183 502054 570823
184 473889 620630
185 503551 236098
186 564774 615411
187 172978 735726
188 567206 603395
189 549493 184844
190 449804 642789
191 291693 694563
192 326982 601559
193 495689 625172
194 568574 171202
195 451145 609139
196 151740 637683
197 617343 248217
198 484154 622645
199 363022 580855
200 454855 548127
201 489653 195925
202 239773 658952
203 548482 662922
204 176199 684451
205 536678 258855
206 506003 281198
207 516540 617204
208 456107 617416
209 505310 619488
210 441549 601110
211 474352 538034
212 518662 586650
213 354321 691330
214 440291 582397
215 408332 691446
216 379004 547835
217 492533 612845
218 360719 633745
219 171639 663680
220 156136 658941
221 516138 345170
222 531810 546915
223 523225 631587
224 442547 593723
225 516888 637661
226 449646 651774
227 439846 510709
228 258487 716579
229 339778 597011
230 232922 666388
231 244130 670523
232 494215 656251
233 323340 675510
234 395261 555151
235 236857 659269
236 496972 225072
237 457681 262966
238 542271 308620
239 470838 236471
240 511742 617644
241 592915 650435
242 490180 524130
243 235655 663434
244 204280 644966
245 526557 245711
246 583929 167253
247 322867 624330
248 374408 610025
249 492922 259312
250 430158 650090
251 334064 630941
252 585646 247771
253 517086 189171
254 531424 550571
255 413631 558437
256 328941 645480
257 198352 683941
258 533375 297253
259 534882 615389
260 104438 660196
261 380039 625649
262 190009 611922
263 235928 675410
264 321183 726194
265 489310 235258
266 519908 359047
267 356671 619507
268 462440 595919
269 419655 301652
270 495376 229619
271 342427 649028
272 471883 670183
273 545158 593673
274 478592 233978
275 563308 131004
276 158620 694993
277 255936 626357
278 372342 645749
279 233123 667923
280 498067 252326
281 348289 473602
282 559522 561399
283 358370 463344
284 597366 236307
285 356447 441732
286 451917 269266
287 352100 533220
288 477921 706358
289 529212 246535
290 546163 590804
291 242162 654350
292 638733 230219
293 482900 237785
294 529994 154291
295 474477 593868
296 522741 567200
297 392896 571399
298 604698 184237
299 532516 198395
300 399647 623635
301 275862 702997
302 501044 583767
303 575494 595466
304 545019 232426
305 571304 609414
306 477148 283280
307 220822 589914
308 489283 579619
309 431936 621591
310 496505 262045
311 162229 700657
312 168442 730529
313 449328 260448
314 501102 244207
315 541152 287150
316 485045 540597
317 510081 211217
318 439825 630804
319 359284 590972
320 542136 567549
321 228812 591164
322 536539 682055
323 382562 587756
324 522603 617705
325 453049 624497
326 386988 586265
327 252085 651393
328 272039 677678
329 401736 677608
330 481744 573981
331 591455 208976
332 546497 216887
333 452802 647310
334 521678 585311
335 504059 470341
336 514205 352336
337 494990 622004
338 460221 504372
339 495398 536847
340 514071 280799
341 203567 694216
342 556068 237140
343 531991 606333
344 206676 711011
345 526089 291733
346 444238 686900
347 411835 511445
348 481927 256336
349 295680 593578
350 511232 263393
351 518912 321086
352 561719 280164
353 515812 259153
354 538505 293232
355 584130 176521
356 499642 268994
357 357465 652954
358 239958 616001
359 139120 702613
360 340799 585241
361 186173 626935
362 320756 631101
363 234328 750499
364 432938 558712
365 564339 227460
366 322210 521660
367 148924 548917
368 490214 621160
369 519264 651429
370 463754 719492
371 397742 634613
372 584966 207547
373 390522 619459
374 203399 745599
375 516652 560311
376 334178 628067
377 317217 766817
378 166732 749032
379 427285 570608
380 135529 632798
381 310606 570969
382 573458 248429
383 200156 613841
384 350498 616712
385 413713 530570
386 271255 678676
387 443517 293977
388 294274 702193
389 577876 235491
390 347147 703517
391 606202 279647
392 232336 611052
393 398011 537809
394 565845 273083
395 565638 592386
396 383573 607257
397 500313 591978
398 334720 676163
399 236466 689513
400 310801 594078
401 331635 578937
402 371528 567535
403 459301 711017
404 436915 646074
405 491874 512431
406 188994 700976
407 281045 475936
408 208056 641424
409 533796 291599
410 376998 576971
411 375826 556679
412 244855 753194
413 365223 522788
414 500438 622584
415 293338 674717
416 431434 624104
417 493993 581552
418 525836 257063
419 552690 224552
420 407388 588470
421 323328 594011
422 458345 551858
423 262405 656469
424 544227 525679
425 256947 681107
426 563414 227387
427 344007 572340
428 381258 512182
429 539180 587464
