NAME : portcgen-591-2455871
COMMENT : portcgen N=591, seed=2455871
TYPE : TSP
DIMENSION : 591
EDGE_WEIGHT_TYPE : EUC_2D
NODE_COORD_SECTION
1 309717 206044
2 475481 359613
3 275931 369100
4 520480 255642
5 635551 262234
6 46237 319066
7 7387 348554
8 61924 382736
9 528101 299967
10 596582 234477
11 493905 257080
12 635123 244361
13 42270 361898
14 527505 223413
15 605593 268865
16 260965 215747
17 7171 336507
18 240593 115994
19 72484 349722
20 65194 341597
21 243911 369379
22 526993 332004
23 146611 321272
24 576009 278738
25 352877 221493
26 300970 220048
27 327077 248562
28 530401 386598
29 527119 277982
30 214242 394068
31 374846 200393
32 597209 285914
33 259226 260853
34 548034 276581
35 171272 345378
36 549422 300331
37 50701 385239
38 303212 402463
39 312466 187560
40 465655 294681
41 481721 292062
42 86418 406954
43 592513 206828
44 283877 230130
45 610368 189000
46 85600 335066
47 446701 205273
48 576207 344986
49 81433 360931
50 233876 267928
51 259223 244495
52 264223 126276
53 79632 333270
54 172348 405257
55 127314 275136
56 604781 289264
57 566611 321518
58 582727 243989
59 -24773 374257
60 237753 425958
61 104019 382572
62 199058 408136
63 180691 382255
64 616902 265078
65 61219 330273
66 529094 275606
67 508753 283025
68 511699 293285
69 578233 310153
70 562360 316955
71 238436 387800
72 294656 255783
73 553728 330574
74 609752 267566
75 551028 270319
76 525995 222836
77 30727 319545
78 154448 429146
79 237314 447135
80 545166 290355
81 489339 323792
82 606159 224697
83 478625 282609
84 545245 214748
85 52322 372684
86 596449 253661
87 86057 302813
88 234889 301032
89 236935 443139
90 211040 357050
91 309605 244149
92 248960 372212
93 177384 382927
94 89867 260490
95 102086 330727
96 223390 214382
97 135874 410107
98 263872 318958
99 485834 291354
100 591866 275716
101 626815 288967
102 91467 375456
103 231627 383351
104 627691 237278
105 544657 359998
106 470132 281589
107 494882 347799
108 597305 270100
109 557722 326010
110 62343 353845
111 556584 219189
112 545058 272664
113 280479 257815
114 564537 313377
115 568887 238498
116 12248 296523
117 300749 246849
118 521230 267457
119 555761 280455
120 114576 429662
121 573999 327325
122 310494 198580
123 194830 415545
124 209915 460928
125 294015 278210
126 273067 226767
127 179014 414006
128 523059 350112
129 274276 183753
130 542559 287499
131 611365 219552
132 564520 187666
133 631114 237653
134 74191 385327
135 232557 385535
136 267482 246351
137 305743 231815
138 593452 233185
139 948 369075
140 521141 248216
141 41866 380220
142 536113 271887
143 117954 364437
144 277352 190704
145 508715 280246
146 107214 398669
147 519082 379555
148 226121 232069
149 524250 217589
150 152642 380050
151 576968 202689
152 130520 323659
153 198968 396411
154 599412 254990
155 98391 319992
156 485683 291331
157 204592 407283
158 513999 292912
159 192746 370491
160 585084 252580
161 574195 279285
162 294185 209473
163 142169 385965
164 238803 152391
165 553415 240957
166 62357 326004
167 537611 298249
168 192013 473305
169 338699 222383
170 178863 404805
171 288134 202501
172 243153 431027
173 266638 210889
174 358057 251847
175 605217 280792
176 265201 171107
177 156343 387762
178 89067 316904
179 284113 427619
180 -38929 354230
181 76846 344721
182 545758 215583
183 57631 293880
184 486848 279095
185 64111 323258
186 230706 409507
187 202656 221636
188 542438 294094
189 272221 194852
190 249814 212629
191 250033 232243
192 281159 169921
193 534918 235926
194 507433 271026
195 234468 375029
196 86334 370259
197 95515 336510
198 600986 222823
199 57946 255480
200 245512 368122
201 492619 288563
202 121664 361750
203 598393 231666
204 156137 344037
205 48007 357967
206 99802 337097
207 506091 301993
208 603439 295897
209 231426 373394
210 602680 268612
211 185435 400693
212 518223 263815
213 -1968 399776
214 339676 241550
215 -4723 388958
216 495714 336736
217 52346 289444
218 155296 390550
219 496115 266015
220 632500 161991
221 474245 328090
222 208371 397928
223 488349 273468
224 208482 244238
225 498804 220035
226 235645 372610
227 151090 392288
228 592786 255676
229 222876 412187
230 353058 193434
231 638219 288277
232 158131 371199
233 533314 297277
234 517787 304059
235 538835 281287
236 249448 229529
237 557603 264716
238 558734 284839
239 255500 495868
240 280363 233032
241 590308 321285
242 78767 393121
243 106459 378065
244 85963 330822
245 479203 318989
246 535975 265898
247 440179 283085
248 521974 286131
249 549539 241131
250 494053 280270
251 523926 174860
252 487588 285619
253 579503 372707
254 135036 427647
255 606341 246777
256 536591 283349
257 272231 230734
258 316688 157942
259 263273 395016
260 316488 168049
261 31757 361951
262 -1208 327930
263 573081 327318
264 609197 334908
265 243672 266688
266 183662 377949
267 49502 371112
268 533355 284037
269 261401 253565
270 218441 449422
271 547631 278334
272 479460 336537
273 282591 240210
274 296092 349151
275 501830 222542
276 286626 207701
277 584493 306393
278 277341 170339
279 68011 299202
280 319609 184816
281 537778 224407
282 333093 116717
283 602145 240923
284 499111 306973
285 465807 280160
286 289125 180000
287 288862 263624
288 518435 269027
289 269973 245706
290 601513 236932
291 479525 302706
292 215210 235028
293 224333 390929
294 48272 307982
295 537088 226616
296 98012 335038
297 244530 232701
298 116767 321439
299 532964 275863
300 233255 225502
301 209453 360973
302 232752 252825
303 167481 434927
304 149754 429776
305 603559 276999
306 546424 335124
307 563292 196991
308 191936 361009
309 305059 152819
310 641848 306243
311 256461 380100
312 220940 399532
313 30229 426095
314 622126 185983
315 148004 391694
316 170475 416766
317 564362 240117
318 318737 203191
319 76642 332877
320 447340 305684
321 532677 323847
322 593847 205255
323 237240 368273
324 276140 252462
325 72574 393221
326 164731 347748
327 551887 246349
328 42788 456822
329 470597 265893
330 204792 397146
331 34411 345199
332 162657 384641
333 119434 343300
334 562852 280304
335 491749 260886
336 260132 189660
337 252308 205757
338 256088 280706
339 570772 379857
340 162995 417140
341 249514 444901
342 546352 366650
343 642424 280135
344 293349 163656
345 553105 310847
346 213418 449799
347 555450 357032
348 216104 210148
349 314799 176990
350 597445 215346
351 580561 262566
352 199692 362258
353 58380 303675
354 187899 409656
355 249066 203604
356 551782 315455
357 199787 362797
358 62244 355487
359 292502 229083
360 275484 191433
361 141956 418272
362 295819 245040
363 443841 358603
364 208884 455227
365 525645 261575
366 631101 295794
367 276774 239185
368 256754 416518
369 514583 231430
370 179412 360207
371 260478 425467
372 484804 314031
373 493041 278208
374 273092 224016
375 364778 200265
376 581117 291833
377 265827 164732
378 272258 390031
379 540459 312836
380 582439 282620
381 242321 421724
382 295918 242559
383 533890 281282
384 518582 298357
385 303539 364479
386 515192 175346
387 567432 285588
388 107450 348558
389 530226 285805
390 294043 259450
391 550124 235090
392 232704 389398
393 238453 252542
394 93348 346231
395 131689 369283
396 90649 416098
397 504567 255346
398 551982 261970
399 534845 315679
400 571824 214382
401 441763 326699
402 90651 325023
403 86700 276612
404 253102 262223
405 173891 420748
406 584827 283276
407 313895 245685
408 474536 274448
409 573443 314184
410 506838 232464
411 38250 363278
412 566604 255500
413 561888 231239
414 390324 223490
415 282301 417205
416 456292 303762
417 543085 358930
418 151720 407681
419 54643 264592
420 291489 107843
421 487030 327231
422 40696 315850
423 74659 314116
424 30631 334892
425 115360 378221
426 159782 389339
427 586858 317259
428 214327 350193
429 633669 261707
430 621237 253447
431 15434 325175
432 559485 261327
433 147434 334185
434 622993 232366
435 266781 423564
436 528840 229221
437 225852 384710
438 235820 413371
439 529895 306491
440 29811 349405
441 505370 284293
442 613314 178733
443 559412 288667
444 627947 286510
445 238808 394139
446 511757 289839
447 591750 252964
448 2760 354142
449 556477 161204
450 631972 257791
451 311421 232087
452 537445 273637
453 83480 356138
454 313825 132915
455 528614 224086
456 607191 284667
457 546033 254352
458 223576 355390
459 216429 452767
460 220946 175963
461 589365 337820
462 282441 200194
463 518064 246598
464 126868 398061
465 31536 316772
466 567421 267928
467 250723 356699
468 576357 208183
469 281169 172024
470 563599 282150
471 58005 317726
472 573569 253190
473 81062 323084
474 63249 362522
475 592066 306837
476 232240 413151
477 160656 448005
478 522912 275854
479 159466 328767
480 263678 175677
481 510402 358626
482 565780 280323
483 211325 359256
484 325938 244386
485 93378 351567
486 530811 371397
487 546227 254407
488 563577 278855
489 579907 316518
490 516576 292599
491 162946 427178
492 74459 377666
493 114749 294423
494 547893 314499
495 566946 257142
496 90045 293792
497 82548 380852
498 229252 417018
499 216404 409781
500 39711 397950
501 512645 299470
502 232170 416216
503 528520 280578
504 212771 390313
505 9769 391219
506 201826 373557
507 594998 230860
508 597405 255276
509 214904 357387
510 250153 437035
511 510710 294534
512 500362 269905
513 456702 326782
514 184943 419252
515 523831 269399
516 639190 323448
517 215233 220278
518 70248 343740
519 476315 234297
520 192480 426463
521 575786 244168
522 616044 338065
523 153482 484510
524 568946 244392
525 505958 320356
526 562348 241803
527 566924 314949
528 257950 201864
529 233515 205161
530 604760 231443
531 546225 275338
532 521743 286979
533 503452 217840
534 38037 298047
535 271482 216153
536 82827 417004
537 21962 360293
538 549071 308991
539 259574 399998
540 579846 244814
541 62195 346387
542 451738 280022
543 205983 334205
544 633880 257801
545 513076 374580
546 55705 362700
547 689826 234463
548 44964 295570
549 287978 394932
550 525656 295104
551 249429 222064
552 83915 310668
553 144438 340953
554 283906 164662
555 297353 198107
556 186235 404005
557 267131 306668
558 577277 190136
559 238650 209178
560 533700 216497
561 595796 280463
562 520300 256547
563 629748 327948
564 541976 302269
565 64810 332260
566 477375 252497
567 298041 263081
568 43819 325439
569 567637 257573
570 320908 262661
571 183327 440422
572 263421 436586
573 597514 211071
574 199837 454148
575 304887 186479
576 640743 286971
577 291700 322370
578 269178 296368
579 565210 223201
580 -24311 461340
581 537455 288277
582 494973 249776
583 536876 262127
584 343395 272800
585 174726 470480
586 630277 342522
587 147363 419509
588 603036 326398
589 582944 339541
590 32169 335266
591 518882 250513
