NAME : portcgen-576-2151264
COMMENT : portcgen N=576, seed=2151264
TYPE : TSP
DIMENSION : 576
EDGE_WEIGHT_TYPE : EUC_2D
NODE_COORD_SECTION
1 254540 466808
2 955762 840791
3 62152 724327
4 105926 933787
5 138612 877118
6 1015694 867901
7 105014 916154
8 115120 722665
9 506773 129346
10 100008 746107
11 111220 744297
12 152041 841362
13 313433 526187
14 27255 665550
15 407020 53833
16 101384 728996
17 134814 712495
18 91810 898379
19 512295 74300
20 179482 875783
21 1030047 906443
22 255546 424595
23 239588 431106
24 1001671 919837
25 294237 538306
26 472644 123082
27 963970 872003
28 926840 828265
29 952748 931033
30 356257 456835
31 430439 91332
32 945417 877896
33 183692 849653
34 998518 848503
35 484771 45183
36 186655 827247
37 34349 745697
38 17060 735780
39 40579 779684
40 72092 727320
41 453215 75106
42 178821 875331
43 930160 855101
44 105787 769911
45 364757 52950
46 954600 928543
47 89101 674685
48 984933 883224
49 483001 69364
50 312243 498983
51 175947 886206
52 76380 657152
53 358884 400752
54 50981 763038
55 58195 708246
56 448274 125189
57 575173 60582
58 53302 672197
59 1031743 889660
60 208319 526602
61 482066 78634
62 905340 919048
63 139203 826736
64 -16115 773355
65 1005671 882827
66 934857 881928
67 902417 841467
68 460446 68081
69 272466 486741
70 6530 664238
71 183592 851008
72 160243 845643
73 548496 159830
74 113605 853230
75 449005 114887
76 1006270 874628
77 276418 518186
78 118866 889370
79 154028 645910
80 312100 535566
81 87996 803920
82 914714 932877
83 293562 527993
84 287039 466867
85 967906 841902
86 93561 785231
87 894769 902109
88 962794 807769
89 85378 659851
90 941720 919030
91 504059 109067
92 947476 927053
93 273996 522543
94 253130 893046
95 474103 83798
96 1024280 851134
97 145797 826579
98 103800 683689
99 250433 899317
100 493234 112535
101 150364 916657
102 1034433 867197
103 85802 955711
104 286120 425332
105 68873 704255
106 1045740 850268
107 201100 881436
108 1014479 867648
109 115630 699263
110 966791 887360
111 964524 820380
112 158017 895154
113 52688 700978
114 425191 36550
115 286885 464977
116 72794 660216
117 1025597 865395
118 200814 461648
119 496861 145355
120 184162 860100
121 304060 440546
122 463332 46576
123 490819 169746
124 293138 505086
125 97868 833995
126 426214 -911
127 279044 458285
128 57171 701506
129 201297 819890
130 463055 34699
131 75446 717773
132 424309 78868
133 52022 643887
134 81481 687411
135 147174 863415
136 942712 901390
137 945356 847644
138 951264 817762
139 965024 861051
140 229082 493172
141 151260 799970
142 250898 461613
143 62754 671332
144 468538 110940
145 404146 55642
146 167269 929956
147 174220 848605
148 1006988 896858
149 324789 452070
150 303724 427017
151 186943 914356
152 466993 81967
153 1006213 887777
154 286791 464111
155 976861 828601
156 307558 455241
157 179582 921207
158 403859 71140
159 238171 402678
160 1050631 831007
161 211630 844933
162 962132 908713
163 1016658 862511
164 453233 62007
165 155994 890395
166 958863 911706
167 275086 452434
168 298050 451705
169 327381 422675
170 77566 694515
171 93831 661759
172 158377 831614
173 936357 815157
174 949932 886509
175 293074 435063
176 97896 638948
177 152050 868152
178 323554 448345
179 91821 792715
180 958885 900000
181 104297 840320
182 55969 731506
183 91131 765407
184 75499 719814
185 958125 904260
186 93829 677533
187 479068 181195
188 98733 670951
189 462664 58874
190 1051216 825104
191 16053 710240
192 52416 673737
193 426801 129924
194 58655 662873
195 943332 846981
196 531583 106118
197 948469 830195
198 899104 848338
199 74271 705745
200 72763 884924
201 464608 153640
202 -4672 741277
203 94028 661604
204 22177 703982
205 458078 132940
206 947884 844624
207 478419 17931
208 957040 831163
209 230133 464707
210 467559 101251
211 264158 476558
212 231549 483022
213 270719 450283
214 518628 68006
215 62226 680328
216 150183 888086
217 416136 29008
218 511480 152044
219 -5121 726303
220 490368 87697
221 259664 491813
222 940255 908781
223 498494 12267
224 66070 735668
225 104381 674201
226 939278 778658
227 27175 716622
228 897998 810283
229 35368 698656
230 1067866 897868
231 472091 87214
232 245448 514563
233 294615 559152
234 146659 419295
235 462290 53956
236 333194 443633
237 491989 94626
238 99002 742074
239 306952 438276
240 914367 935601
241 501143 85276
242 128211 901413
243 441749 37891
244 173036 867695
245 220161 954459
246 440184 102886
247 472926 80457
248 524010 147975
249 222467 465585
250 277465 487766
251 463540 75442
252 959935 902370
253 40288 741391
254 1011719 807137
255 70727 630340
256 986704 811418
257 1009124 849587
258 61193 690034
259 456294 103466
260 144036 793193
261 89680 721445
262 166797 891946
263 905513 938551
264 135320 901820
265 189719 841706
266 103639 742407
267 996885 900324
268 482578 68065
269 75063 709937
270 1006942 840751
271 374912 439854
272 917338 918244
273 210481 941037
274 521836 61934
275 110300 726885
276 322654 452789
277 130517 813195
278 320384 515530
279 497512 78134
280 313256 477466
281 59579 705797
282 229292 501318
283 244141 847521
284 134558 630049
285 151105 942714
286 186712 838293
287 300948 470873
288 451995 79650
289 484087 56492
290 109379 929348
291 215580 863177
292 882554 868588
293 432764 95190
294 495309 107732
295 398521 34885
296 454419 55098
297 184172 518104
298 158992 881975
299 530712 72047
300 517450 97865
301 418040 50304
302 166129 895818
303 193545 858463
304 180156 904966
305 196844 863378
306 201539 926400
307 53256 649112
308 51966 737069
309 506058 159533
310 99451 633045
311 269093 461788
312 572599 155754
313 261082 523338
314 505131 119243
315 114910 739732
316 315611 452408
317 284209 496433
318 228881 473895
319 178240 873782
320 37727 716185
321 246451 500350
322 974453 833896
323 407218 98557
324 442725 152421
325 482961 84401
326 65750 651103
327 160345 754717
328 130738 830133
329 472688 59528
330 151608 930374
331 1067874 823688
332 321937 457457
333 305436 485471
334 96362 636709
335 988272 848993
336 42354 681958
337 941543 828269
338 456117 139546
339 250076 459986
340 227294 860853
341 77229 684769
342 286031 405464
343 925000 877258
344 987894 806716
345 457638 124637
346 113749 914895
347 420418 53954
348 362 751457
349 1021517 877473
350 983098 841746
351 155569 900217
352 926193 817956
353 120223 765924
354 957780 919960
355 214075 812303
356 511425 108642
357 479719 111396
358 162973 820903
359 276879 905659
360 42641 752341
361 443169 141818
362 75495 706769
363 987456 865553
364 454850 95938
365 536944 116386
366 288362 485585
367 59480 759780
368 36090 713021
369 109071 838090
370 229785 857282
371 444738 120103
372 115606 830152
373 937494 862661
374 478681 107918
375 253360 439118
376 462909 83708
377 76467 706263
378 1017270 869418
379 265711 445994
380 466777 150028
381 89739 707715
382 255379 505760
383 293735 541760
384 227980 499316
385 29345 688230
386 496400 71983
387 49397 710481
388 420249 31091
389 180330 838576
390 285733 563117
391 503679 147067
392 334249 449078
393 275437 495523
394 168563 874547
395 1022932 895573
396 215433 543208
397 483880 80400
398 339125 457119
399 1004678 880424
400 135374 844619
401 40893 755994
402 455864 110292
403 183733 872707
404 95337 698724
405 1022341 832679
406 975201 853913
407 253238 481141
408 104322 671720
409 559380 116671
410 1025850 893187
411 179036 879543
412 955508 837726
413 1007569 829469
414 450262 133706
415 184189 874832
416 930540 903320
417 112554 756263
418 172937 750512
419 88032 660786
420 310917 478349
421 -14797 754451
422 470134 77117
423 1021696 888642
424 170186 901389
425 996622 933230
426 40775 776094
427 23375 723127
428 286280 469886
429 483487 43825
430 225422 540948
431 256789 497518
432 223375 496251
433 454004 47722
434 298373 490129
435 65648 714031
436 157062 857574
437 476234 38170
438 312677 484537
439 436968 33504
440 326718 445757
441 518678 98995
442 979732 947683
443 126421 772389
444 229376 437180
445 114646 666306
446 106470 676573
447 213148 549459
448 150042 974977
449 359911 385956
450 313430 478310
451 598584 37992
452 -8789 757694
453 1041883 865037
454 985500 827153
455 163347 867791
456 233901 419032
457 249240 477147
458 229880 497209
459 333773 475658
460 970571 918203
461 173698 818855
462 556872 145761
463 149472 891484
464 491513 88295
465 253364 472284
466 469691 55938
467 108131 781730
468 932427 833917
469 166206 929008
470 98248 932412
471 915680 777525
472 82199 762237
473 911163 892555
474 34697 644304
475 1000243 852195
476 206340 840794
477 947767 834286
478 299323 474920
479 320660 530292
480 56870 696239
481 118400 853831
482 174842 848856
483 275837 538359
484 235347 439233
485 133427 706442
486 175844 886690
487 462177 117970
488 257974 458658
489 497332 40718
490 148756 834049
491 253189 464103
492 -38361 770616
493 521892 27499
494 560653 135003
495 163063 904184
496 505651 98179
497 141743 909356
498 15186 733438
499 162527 865429
500 20966 784763
501 275958 491169
502 919545 911163
503 994027 891283
504 495270 105399
505 458510 85017
506 961979 858398
507 980419 820701
508 444735 127093
509 434672 77478
510 921361 925223
511 184426 858909
512 915613 980561
513 965799 821486
514 237535 493536
515 980470 839666
516 105351 787765
517 46625 658838
518 172342 893710
519 460376 121551
520 994500 855845
521 75746 706094
522 994970 864486
523 19958 715348
524 61927 664885
525 63500 959285
526 536806 87698
527 979072 860326
528 341879 467433
529 65135 863634
530 964525 959109
531 181809 861370
532 127317 851385
533 1012974 831883
534 509042 54531
535 969978 926672
536 34599 764691
537 183889 851255
538 460804 58398
539 -14871 749627
540 298743 414038
541 402839 87689
542 21039 672552
543 549753 130345
544 220605 768836
545 324754 459221
546 53225 732262
547 197919 924563
548 88447 707124
549 94634 841232
550 306779 521483
551 156187 813204
552 250181 462900
553 78822 750741
554 306351 465214
555 307668 492868
556 224176 425933
557 198655 861273
558 89450 692483
559 311739 478404
560 245819 427924
561 229694 547719
562 565355 47394
563 1000821 870828
564 298131 406708
565 287479 508308
566 271835 405811
567 213276 437529
568 17759 753026
569 283971 561829
570 121883 837966
571 52195 776149
572 500047 134838
573 513117 105072
574 390665 141652
575 262478 484388
576 101739 781241
