NAME : portcgen-587-4221656
COMMENT : portcgen N=587, seed=4221656
TYPE : TSP
DIMENSION : 587
EDGE_WEIGHT_TYPE : EUC_2D
NODE_COORD_SECTION
1 721706 974434
2 746830 184694
3 658379 935697
4 574367 588341
5 731255 261587
6 635322 896857
7 630654 866345
8 733061 273263
9 435724 66686
10 437892 57362
11 397567 37249
12 733113 185392
13 559632 602461
14 742121 242491
15 678135 855848
16 586096 962559
17 593516 885226
18 425911 -17153
19 659212 927064
20 421296 39773
21 490668 -2307
22 498345 656943
23 956461 420590
24 615733 977309
25 732311 209041
26 542079 706075
27 499948 617860
28 764493 282672
29 981117 469161
30 842945 247561
31 774193 241789
32 431821 -22860
33 474822 37455
34 991839 495268
35 1052553 387918
36 722897 226051
37 789278 259251
38 712027 347282
39 495169 644648
40 462272 676737
41 748967 317899
42 582424 623185
43 974804 431108
44 662127 882838
45 557694 698174
46 788899 264690
47 486216 25909
48 685582 256746
49 459367 101310
50 447148 97482
51 504443 38804
52 980097 471877
53 733023 305680
54 623392 888764
55 1000544 469358
56 1092726 411612
57 713857 259616
58 398724 77393
59 731116 282125
60 942817 375086
61 641180 869375
62 459362 89139
63 955038 409240
64 564376 603590
65 476283 48712
66 565633 933333
67 787151 268222
68 547911 629981
69 653840 923341
70 779782 271114
71 1028505 454281
72 1042180 449461
73 977707 487988
74 641999 892615
75 642341 540930
76 966547 431626
77 390739 100900
78 553733 641290
79 974031 475568
80 731714 234106
81 981467 435385
82 656876 937506
83 521096 29870
84 640153 821148
85 927946 405570
86 484858 91061
87 463725 53951
88 479304 112462
89 628072 893144
90 799127 257092
91 929528 494213
92 480451 605119
93 427201 35919
94 414666 1647
95 476700 41633
96 516674 631412
97 461289 -1072
98 441186 92349
99 390086 7623
100 417835 41969
101 1092535 358021
102 1009443 394407
103 995211 401090
104 973869 402814
105 647453 873608
106 531267 522771
107 556386 563843
108 665468 269905
109 613040 926474
110 495627 52847
111 750011 224937
112 983666 441036
113 602372 881642
114 598070 688712
115 702208 956850
116 510981 599621
117 673601 241383
118 982713 486043
119 752686 247735
120 909334 432352
121 707952 325838
122 624182 916714
123 674563 935387
124 744976 279307
125 1041440 440431
126 586053 913199
127 749388 294626
128 452250 25552
129 530071 550571
130 650233 630418
131 526300 641234
132 592843 928020
133 673998 993262
134 554344 882774
135 438684 617138
136 520233 109814
137 526476 609656
138 510403 566709
139 515335 695524
140 1001236 409540
141 970487 428116
142 507541 120791
143 943161 391418
144 915032 461934
145 463226 143505
146 590257 891295
147 597525 829784
148 759469 287505
149 667332 216401
150 503598 589771
151 712087 253695
152 624078 969168
153 748095 197061
154 718603 280202
155 1000929 388024
156 646056 934343
157 1073890 442354
158 500506 25478
159 967824 410152
160 615834 930893
161 633757 923377
162 440944 64958
163 714673 225519
164 558857 574254
165 934904 473531
166 978127 454648
167 756871 288027
168 493305 76162
169 1012873 448628
170 534435 630351
171 762963 298939
172 467117 66329
173 651466 804623
174 502059 640149
175 543433 582723
176 529862 509916
177 510693 72522
178 457879 74487
179 496942 91819
180 767305 267567
181 1009409 486084
182 480093 602533
183 680229 305441
184 452751 22784
185 787861 274969
186 967518 439432
187 456473 555458
188 691361 877458
189 524145 603043
190 710443 259976
191 1030878 399565
192 680138 329046
193 644364 912715
194 450077 50594
195 739356 206141
196 544349 581691
197 431944 135891
198 1045464 487574
199 993547 495925
200 848590 495751
201 737144 248649
202 643233 217277
203 669446 997445
204 1006641 470384
205 930551 466909
206 397165 23865
207 475022 667740
208 585513 894307
209 765660 229202
210 903729 416039
211 480132 59203
212 901454 412507
213 651524 220965
214 1003181 436458
215 409101 -2090
216 400530 27984
217 619210 943203
218 488560 592681
219 1034337 401414
220 456732 195293
221 684379 287548
222 1083960 470466
223 433972 691372
224 757284 289689
225 908192 411997
226 473560 65687
227 501291 616522
228 587951 856387
229 705648 245717
230 453961 111315
231 478389 621283
232 498961 71005
233 1058172 386240
234 498042 127549
235 619753 919751
236 565080 960711
237 982468 439291
238 515363 659444
239 959316 467095
240 402500 46201
241 477959 33146
242 618438 914989
243 616141 931453
244 413311 113267
245 639906 907642
246 498850 70212
247 962173 477009
248 947919 394827
249 701656 275334
250 619620 883171
251 499039 613670
252 546625 539256
253 773194 325090
254 688115 219373
255 514343 580027
256 620351 989114
257 924624 417384
258 612496 935997
259 796922 248153
260 765874 225736
261 650903 907678
262 731207 221095
263 485950 605088
264 727141 264831
265 711843 232784
266 530437 640268
267 673197 948717
268 689332 904127
269 938460 457151
270 996973 460213
271 548378 583205
272 624981 934114
273 507487 17804
274 992825 397432
275 494068 16144
276 673722 206591
277 456308 588641
278 762389 281451
279 512120 103674
280 1036671 418736
281 943281 466829
282 949375 564836
283 968272 468752
284 1026107 403604
285 431694 8862
286 474751 68603
287 475524 48702
288 986267 442034
289 470864 7388
290 447652 97845
291 535171 555938
292 582296 638765
293 677865 220478
294 756510 353306
295 1003238 426125
296 746747 258486
297 537194 540568
298 607904 901615
299 565628 633271
300 1051189 477343
301 523798 34427
302 567973 581144
303 701615 272829
304 763364 331789
305 645302 911305
306 1008811 450459
307 537008 622794
308 737888 298829
309 752267 272716
310 454675 1144
311 500756 87621
312 709744 967499
313 702330 227961
314 675620 960345
315 682489 264047
316 425427 109281
317 1008710 454467
318 724716 245303
319 494564 69405
320 515533 610616
321 729531 284746
322 520507 626516
323 1016879 405238
324 707598 228033
325 669873 293683
326 702200 949341
327 773740 287982
328 641425 839345
329 457029 129687
330 473415 612610
331 474877 8163
332 596798 688095
333 728840 193112
334 432452 17124
335 455631 83597
336 452158 80167
337 724309 271796
338 1074174 390831
339 944063 496900
340 460340 615781
341 521043 607788
342 558651 624028
343 727415 913359
344 500303 598937
345 761581 293849
346 629760 948467
347 489294 592025
348 622417 951197
349 1044221 404550
350 615030 904144
351 743008 290341
352 983983 402823
353 962792 491425
354 691345 933523
355 656161 961062
356 403855 71649
357 452480 14222
358 607693 917982
359 489339 645934
360 582075 896851
361 518403 109120
362 965723 454599
363 734432 274760
364 618769 945388
365 521412 593561
366 713812 247404
367 593473 881730
368 436376 86347
369 545180 588400
370 607082 909421
371 769920 247844
372 488066 658018
373 978987 340188
374 473621 575454
375 557304 565742
376 419234 162544
377 434368 183237
378 732244 227526
379 404101 40806
380 932220 535728
381 625649 862885
382 974506 431338
383 524644 45171
384 684474 972851
385 754286 262578
386 454623 538840
387 629753 651126
388 746475 313614
389 710866 255763
390 812013 270951
391 824110 328502
392 1044455 434316
393 979220 410634
394 508817 647280
395 498136 617005
396 569151 869381
397 768124 310976
398 685663 883742
399 497546 592596
400 596203 882205
401 923034 467563
402 550647 669075
403 699250 306171
404 726485 243995
405 762792 203959
406 467674 82231
407 495318 702545
408 743779 263628
409 515526 56292
410 602768 565214
411 583131 597344
412 684348 241746
413 710676 296832
414 645651 837338
415 502017 556084
416 596274 560153
417 770056 261814
418 547702 642644
419 925632 420340
420 644714 914634
421 977330 447685
422 705170 303220
423 557563 534256
424 545062 632501
425 478824 81469
426 985425 446902
427 460325 -4749
428 558936 518440
429 471670 31415
430 989749 390874
431 388841 91703
432 430775 41043
433 533485 611816
434 773393 290174
435 694412 322771
436 529696 590549
437 402452 19073
438 1030816 495742
439 652469 909938
440 438284 45912
441 639123 968998
442 740825 245046
443 770675 223425
444 513532 623251
445 1048332 422480
446 613267 879272
447 754285 285122
448 514329 588580
449 386343 122715
450 451638 64326
451 803608 251500
452 705563 306468
453 698866 245523
454 977007 461647
455 446100 72887
456 519893 644497
457 694950 924801
458 1050614 439291
459 672644 331231
460 647061 911848
461 815354 269796
462 514046 540084
463 769008 200994
464 766183 233502
465 681720 889412
466 367109 81399
467 1005395 481945
468 553415 908301
469 687095 932746
470 656482 957241
471 620326 833511
472 477058 137761
473 724966 947766
474 721102 916887
475 950547 456838
476 997209 417198
477 1007206 420909
478 427775 131288
479 632255 900078
480 498505 591805
481 388205 68021
482 752219 243545
483 646059 932266
484 378417 66631
485 502429 602775
486 643989 933488
487 376198 169184
488 1109808 385703
489 535552 597496
490 499930 49435
491 564645 661277
492 482435 114639
493 961176 388296
494 944815 449376
495 1005177 502296
496 1007379 422939
497 912321 387505
498 526835 555694
499 994795 433988
500 549271 633381
501 420131 23419
502 630859 884302
503 1049594 394877
504 424785 93992
505 500723 581330
506 539126 589018
507 1006849 463521
508 695088 355395
509 754758 277089
510 660687 921875
511 911995 430785
512 731416 339532
513 455122 76360
514 517712 529114
515 605594 866300
516 948375 428922
517 467504 93961
518 600726 874970
519 659149 248138
520 700339 283642
521 568686 50936
522 467070 59445
523 616744 913717
524 770327 262219
525 960193 430811
526 654776 933700
527 751163 276228
528 960132 463651
529 725394 294968
530 908704 517479
531 722941 279968
532 457648 60578
533 979927 333049
534 614420 927356
535 756950 277556
536 945963 382792
537 608402 896481
538 1010018 455771
539 730487 247864
540 443432 89079
541 764713 279130
542 758488 260183
543 411255 108365
544 624606 1000079
545 540198 89552
546 998964 422247
547 620264 904258
548 641445 955089
549 505383 568782
550 798521 280873
551 956357 339172
552 1018171 342150
553 946963 318620
554 459795 74093
555 781500 312537
556 654386 817596
557 623715 948553
558 533482 582976
559 757611 308818
560 630512 891725
561 974156 525483
562 590649 847239
563 959869 419549
564 752166 255502
565 752500 275635
566 724191 282173
567 634826 889590
568 485600 631963
569 966938 405681
570 593989 890021
571 467040 129575
572 746828 269941
573 830239 245510
574 452487 33263
575 422792 58480
576 557856 613547
577 906838 438837
578 393248 61397
579 469733 -30716
580 540164 58076
581 447645 -15884
582 659329 1007214
583 935680 408095
584 440700 10073
585 652265 926196
586 765027 324687
587 490483 613358
