NAME : portcgen-420-7550353
COMMENT : portcgen N=420, seed=7550353
TYPE : TSP
DIMENSION : 420
EDGE_WEIGHT_TYPE : EUC_2D
NODE_COORD_SECTION
1 80132 -35049
2 54580 93073
3 505994 950580
4 81635 124461
5 22904 111203
6 351434 265234
7 272650 185474
8 -4624 49893
9 55921 9682
10 801043 -21897
11 61521 51915
12 472094 922622
13 100727 36486
14 14163 104519
15 786990 -28395
16 392040 923674
17 302100 119617
18 495946 936654
19 64187 99609
20 261847 134607
21 451100 966305
22 835539 4714
23 110628 64727
24 301753 125641
25 209202 243772
26 65514 21523
27 320846 69511
28 208003 89355
29 555815 929115
30 374135 148996
31 315590 198749
32 281143 206050
33 93576 11864
34 310838 136887
35 425611 980337
36 303486 71321
37 49619 14291
38 551686 870751
39 90113 13188
40 808326 -71640
41 422680 892045
42 226832 59009
43 448749 981145
44 759644 -5551
45 504737 919317
46 226672 121962
47 78972 71308
48 390568 959702
49 255015 219107
50 310403 119792
51 803318 39988
52 295730 161983
53 512366 900358
54 12023 169662
55 380802 189105
56 843019 -5483
57 92929 7391
58 810288 6804
59 216462 139338
60 503231 973528
61 77576 5019
62 28032 53857
63 722583 832
64 249598 184326
65 333385 163107
66 76607 103398
67 566511 993575
68 95092 -3014
69 205536 70613
70 25955 -14659
71 562754 892660
72 692588 -45864
73 384109 63866
74 347365 119332
75 749084 47392
76 711256 -36688
77 108189 63673
78 796130 17941
79 445373 1005773
80 752231 -50049
81 274469 163498
82 757887 30598
83 780685 -47912
84 580057 922462
85 121670 52246
86 275177 126780
87 522892 841194
88 264218 146264
89 821844 58484
90 92516 59722
91 11845 -42755
92 508367 863490
93 546687 1000921
94 800627 -68783
95 779332 22253
96 34611 12721
97 532480 884718
98 833584 -49200
99 482105 890384
100 261496 158337
101 752213 -103088
102 311360 182870
103 178679 211201
104 824951 -28458
105 5640 124190
106 762378 84882
107 745730 -45121
108 77399 30002
109 371611 60494
110 334169 131498
111 -25571 33412
112 219002 194870
113 802293 -8261
114 222263 214583
115 437331 968203
116 193600 72883
117 115152 81710
118 -5138 54256
119 277820 144782
120 42279 -1774
121 231246 154268
122 469897 960086
123 310515 122007
124 17789 102623
125 191956 179750
126 98057 13540
127 287065 153664
128 334116 198532
129 59662 9842
130 283687 183786
131 450512 871973
132 807115 36606
133 416032 943305
134 75235 83190
135 701776 -12824
136 155516 145690
137 421275 1002796
138 304596 136553
139 455664 1002476
140 531357 818983
141 35701 3544
142 189547 177699
143 460803 919725
144 251953 152432
145 841409 97106
146 516202 1000253
147 805162 -18035
148 311427 212654
149 296857 158463
150 777085 -19592
151 497721 915035
152 784998 24859
153 35397 74977
154 190372 174252
155 259741 99635
156 435617 856228
157 755945 28036
158 25270 59084
159 499832 890385
160 201927 278855
161 310512 74852
162 760812 65740
163 494557 884158
164 252458 151950
165 420841 963383
166 274101 189700
167 50517 68678
168 304183 284117
169 658793 122538
170 724120 60740
171 526760 896951
172 777114 50907
173 11676 64989
174 75108 55047
175 815930 -5278
176 735079 -36899
177 878972 57128
178 738907 -10732
179 294775 220576
180 100754 54811
181 483713 907434
182 801650 -16719
183 769143 137909
184 92820 83377
185 797815 -62115
186 23124 24295
187 249958 102007
188 480941 846608
189 14157 76205
190 49367 70082
191 787094 -37986
192 485606 898127
193 720692 -9137
194 47740 156034
195 30031 -47853
196 781668 -16604
197 458530 950810
198 502617 923271
199 118312 142601
200 251843 229520
201 511704 825498
202 447497 894557
203 255044 162051
204 778764 -17198
205 572237 1019995
206 480191 923583
207 461681 1050677
208 301390 158155
209 462044 904254
210 473372 923422
211 444900 934032
212 867854 -56779
213 287084 179653
214 730949 -13802
215 -34958 21528
216 33277 38416
217 518680 951532
218 229734 126041
219 2941 127318
220 285863 177743
221 782168 -59256
222 750769 -38946
223 825501 30999
224 469011 865508
225 769520 30440
226 557544 880191
227 540272 977907
228 770361 -19154
229 502457 923795
230 778844 51342
231 178079 115177
232 472290 880119
233 459601 898904
234 238115 158871
235 853150 8149
236 249584 146942
237 468317 826392
238 225130 110256
239 823284 57186
240 795317 23283
241 726849 7149
242 410392 900028
243 496587 920954
244 72740 18614
245 143301 23440
246 771718 2958
247 519978 890046
248 425406 920663
249 -25001 40250
250 367671 158728
251 244701 165221
252 767160 -2981
253 166480 57765
254 65565 -25196
255 728978 85138
256 458262 838332
257 445311 909763
258 339304 160909
259 334200 183888
260 506045 868361
261 477381 919967
262 817450 -42089
263 66009 104059
264 285851 212711
265 454496 944210
266 919028 1398
267 873321 51931
268 403907 919767
269 504671 929914
270 311111 128934
271 422933 928979
272 731943 34968
273 20633 29906
274 490839 987829
275 486882 795040
276 329844 111174
277 291390 89140
278 817097 6929
279 812482 10946
280 248436 167957
281 542150 970931
282 252627 123482
283 225514 119415
284 39133 48731
285 215995 136232
286 442274 939219
287 32533 -1578
288 242289 216079
289 12952 10286
290 276834 180265
291 792053 10676
292 308278 202728
293 430490 924531
294 -11675 93601
295 572148 975747
296 805128 59152
297 473612 903262
298 744141 -4917
299 55484 95771
300 490000 953113
301 479649 898898
302 325014 80819
303 777617 -5258
304 112746 112650
305 89568 68010
306 66585 16096
307 114262 16773
308 67872 94692
309 -67072 23031
310 266568 254986
311 32218 22055
312 272600 79466
313 794710 29617
314 311618 154544
315 75312 30817
316 202741 86923
317 317662 198592
318 36761 69306
319 754235 -19577
320 814824 16237
321 469261 971837
322 264438 160377
323 235141 151897
324 198548 162889
325 736829 52969
326 521819 948247
327 55897 96648
328 780880 56815
329 812104 13867
330 278940 166292
331 559568 988766
332 460979 880240
333 849726 -22739
334 285093 265138
335 807819 54547
336 786172 10324
337 775019 -28147
338 833121 -27268
339 415008 888723
340 206290 178540
341 121895 82594
342 753174 307
343 797598 53993
344 5835 43182
345 25578 -16169
346 527566 954475
347 790609 -21555
348 471969 921585
349 25612 6420
350 123310 25748
351 419335 875635
352 249789 153299
353 299607 227294
354 829679 -66715
355 362667 171534
356 303403 111963
357 338572 148860
358 811240 10407
359 253864 286214
360 437254 886868
361 -25790 137264
362 347711 204239
363 113545 37982
364 831291 -7943
365 753924 63032
366 808980 23602
367 286267 170976
368 566435 903419
369 526553 952274
370 292574 208615
371 160263 80767
372 589349 954504
373 42423 -49177
374 45182 26704
375 19980 77633
376 786392 77215
377 285169 97249
378 844724 51108
379 774837 23183
380 762403 10873
381 79354 70887
382 274331 238456
383 328555 233296
384 484282 863154
385 343449 112353
386 48532 92872
387 2457 147429
388 512961 931313
389 760947 -35098
390 67109 73073
391 532325 871277
392 918348 49500
393 37963 87830
394 118377 -24706
395 348548 115466
396 391258 245457
397 289935 140134
398 464352 834160
399 764598 -44822
400 301222 150293
401 59705 9983
402 335669 150356
403 220540 160770
404 753206 -46536
405 82647 58557
406 306327 196076
407 80804 51972
408 415569 930757
409 845099 -26314
410 803646 -2871
411 573992 880561
412 507673 914467
413 126907 76127
414 126833 122294
415 505765 970231
416 52769 41989
417 795819 4396
418 762443 20796
419 787147 59672
420 136001 40862
