NAME : portcgen-416-5752722
COMMENT : portcgen N=416, seed=5752722
TYPE : TSP
DIMENSION : 416
EDGE_WEIGHT_TYPE : EUC_2D
NODE_COORD_SECTION
1 30308 929084
2 -55036 228816
3 29386 990847
4 499737 844734
5 485964 845118
6 495321 829915
7 594623 37545
8 22620 148013
9 507415 939170
10 502686 824785
11 -48624 117358
12 454087 800828
13 618289 817142
14 561398 2606
15 504863 804693
16 51881 1010541
17 76550 124135
18 95866 221734
19 530449 891900
20 708483 138880
21 607329 98453
22 -25323 946227
23 465109 749363
24 66825 132673
25 -9529 987943
26 609799 18115
27 595502 78480
28 713046 82302
29 -12496 1073423
30 -9246 978802
31 619572 100309
32 514375 881527
33 -1633 985909
34 488017 885497
35 574538 901173
36 58842 183188
37 70141 146784
38 523213 800520
39 97813 871650
40 -50715 996158
41 127713 110106
42 561678 842944
43 -48239 938503
44 563272 103965
45 66102 979778
46 710224 91856
47 544095 833134
48 384937 964102
49 -64436 180187
50 632894 71977
51 62163 1047471
52 33232 205389
53 4885 928659
54 -6666 216513
55 38517 967847
56 545214 824367
57 561903 113533
58 513305 891183
59 570153 887720
60 -61671 966241
61 666206 82710
62 620580 121942
63 558785 890891
64 650295 103675
65 71388 209191
66 34487 874503
67 -10997 871214
68 -40861 192687
69 -27343 866809
70 545499 16577
71 65476 237942
72 -27142 141345
73 637030 -11886
74 109720 288581
75 572205 55893
76 542205 800256
77 23715 101223
78 510803 948828
79 8391 121481
80 677923 -5813
81 616666 61037
82 45803 167835
83 55918 74343
84 572041 14598
85 51930 961058
86 498582 928055
87 620581 109971
88 532065 845863
89 35516 936541
90 41908 1043547
91 -26396 120650
92 44357 938470
93 29526 990996
94 -6283 101918
95 476426 787598
96 513358 895305
97 532388 103369
98 644976 121208
99 470960 883708
100 550482 830857
101 510427 876295
102 97888 171830
103 508592 869276
104 599635 67987
105 -4619 113138
106 -30039 966204
107 12653 175754
108 33659 144217
109 68331 934255
110 20385 226270
111 595344 113696
112 8456 155988
113 552075 804076
114 31261 245487
115 517301 789173
116 639346 98306
117 56989 974962
118 699651 70546
119 550968 86492
120 562979 105741
121 617366 38445
122 96811 965224
123 89768 106652
124 6694 101623
125 593322 843775
126 -56905 983340
127 22690 173069
128 -66502 896747
129 496752 870055
130 103023 992272
131 8519 120062
132 -11954 93146
133 488454 907697
134 601145 76183
135 458018 810006
136 20005 219773
137 569359 792568
138 18464 167301
139 41834 178651
140 470685 817058
141 41961 954494
142 526993 917919
143 592309 44604
144 473939 854251
145 634286 65183
146 60822 1028234
147 55460 989887
148 645209 74298
149 50726 162342
150 96911 995857
151 637618 29864
152 660989 109177
153 540073 915746
154 559548 958220
155 573271 998804
156 568999 843242
157 557554 789575
158 142593 997634
159 560420 856971
160 34310 114596
161 631082 111773
162 -31489 934151
163 -59877 961421
164 35838 1057004
165 26676 897326
166 10291 922459
167 557755 829926
168 501969 942560
169 -6783 980351
170 520005 701526
171 659410 157645
172 -17242 85654
173 102860 897851
174 650750 -1515
175 17729 201245
176 90236 940274
177 96061 131629
178 462560 897141
179 51414 144541
180 592742 853806
181 -4628 195414
182 582965 924560
183 639524 101614
184 79944 151045
185 570934 790663
186 58860 921428
187 645661 65616
188 482503 936121
189 549608 863207
190 23296 165081
191 576169 27515
192 495727 766580
193 640768 80924
194 38126 125425
195 -17714 1012432
196 53991 933104
197 643648 98217
198 541810 953308
199 470018 729527
200 -78689 196119
201 73106 941970
202 674361 111143
203 567378 71146
204 -43430 966758
205 550046 844336
206 -13949 979584
207 615906 79444
208 135109 246365
209 31617 985145
210 90300 278504
211 14698 108812
212 -18701 950554
213 661187 39841
214 105368 128357
215 620065 66889
216 53139 216863
217 73095 1072298
218 594938 154484
219 3430 88457
220 36625 180229
221 569248 818561
222 610177 83686
223 586165 860954
224 476391 875926
225 524304 935019
226 38226 907392
227 517783 910036
228 610199 867564
229 532162 830718
230 41357 150737
231 646392 60680
232 542824 843949
233 611577 935046
234 624169 72085
235 56734 250225
236 52674 120883
237 -24766 104928
238 585845 155951
239 37551 882951
240 -12662 937811
241 41007 143369
242 577345 835243
243 71887 948230
244 601452 861894
245 66381 1010251
246 576047 884592
247 48930 200336
248 28039 890457
249 19509 202625
250 13679 914498
251 154972 184828
252 18077 144509
253 -36753 212451
254 6212 273018
255 558236 886405
256 -35375 1040563
257 575529 48235
258 653594 47246
259 -16679 1026146
260 719916 75416
261 -29104 214456
262 39435 180562
263 -12386 186011
264 608179 35556
265 12809 985372
266 590776 949511
267 -9247 952393
268 37253 189733
269 634450 118001
270 583530 821928
271 520087 854148
272 -13911 992622
273 -44733 976844
274 495658 912069
275 643767 89608
276 66926 122900
277 440530 909861
278 568006 931416
279 531130 866491
280 562802 938213
281 674962 36902
282 140324 97441
283 -17160 929687
284 8530 123417
285 57718 965836
286 74595 980812
287 -89585 988976
288 8933 899897
289 45174 277939
290 30364 110644
291 -22390 220517
292 -35357 981123
293 531606 904675
294 -71326 925113
295 -27965 129427
296 56414 185893
297 47192 123507
298 -32806 924379
299 543164 808324
300 83910 942336
301 -5540 990727
302 19708 952977
303 91883 143820
304 42914 1046183
305 38829 111811
306 83279 255954
307 22311 942979
308 550843 882303
309 618233 17305
310 56888 1021921
311 543763 804533
312 -20603 145164
313 518925 803436
314 4720 996320
315 505846 897978
316 -33663 945773
317 535811 811107
318 21258 150886
319 547753 865435
320 42091 1003057
321 633706 881283
322 73665 870293
323 7602 202240
324 -55155 1014481
325 -11485 1000298
326 27154 203431
327 491050 867620
328 557703 876020
329 95142 131349
330 624267 120710
331 643602 123871
332 22943 223055
333 539703 882131
334 550675 163400
335 494135 874454
336 582827 849290
337 633290 40941
338 637082 72878
339 587403 119275
340 41985 181361
341 650260 46773
342 31828 231456
343 614235 107835
344 521963 824100
345 12285 183557
346 -8374 875551
347 624051 56727
348 477406 896207
349 -28331 978675
350 409737 786898
351 569366 132650
352 -12125 93217
353 622945 899032
354 508370 892090
355 564518 23256
356 -51389 908538
357 57967 125282
358 -2381 158639
359 121419 984233
360 23939 948522
361 72968 830188
362 54020 1004846
363 533986 857998
364 488177 995706
365 675262 37023
366 119738 902065
367 572241 -20037
368 77807 960827
369 626717 16428
370 625545 52865
371 471728 866464
372 67897 182924
373 6845 199940
374 8116 95521
375 640506 492
376 31940 232543
377 535498 790450
378 527972 889736
379 672747 129361
380 86161 1020469
381 -85461 92851
382 -12467 150180
383 682795 69461
384 38604 971315
385 -13890 999700
386 4215 1011948
387 680122 188765
388 26010 163229
389 520958 907993
390 711992 123246
391 484050 885791
392 -8875 892656
393 50886 116621
394 -71290 872573
395 559655 892119
396 50375 980210
397 583161 859906
398 600455 12556
399 549296 115585
400 668649 51055
401 603309 826082
402 582144 76958
403 669196 93132
404 3895 986833
405 557085 828892
406 554332 57761
407 597204 848827
408 43436 210203
409 43247 137070
410 504713 853322
411 594997 37693
412 608036 820339
413 48139 1032363
414 575183 910145
415 507725 841696
416 549386 89014
