NAME : portcgen-585-6286518
COMMENT : portcgen N=585, seed=6286518
TYPE : TSP
DIMENSION : 585
EDGE_WEIGHT_TYPE : EUC_2D
NODE_COORD_SECTION
1 768984 553526
2 893941 440427
3 726166 500886
4 488070 435637
5 1010009 422412
6 535503 419491
7 553301 901217
8 726101 494114
9 744455 491501
10 544053 847751
11 843479 429300
12 822504 625970
13 496698 442507
14 705349 485854
15 726963 504441
16 465826 505569
17 853320 389468
18 564270 926641
19 698879 500425
20 431625 476452
21 447944 499975
22 924602 488412
23 882793 471438
24 511385 905061
25 863954 352698
26 869841 408975
27 547300 878265
28 688084 498060
29 926975 421618
30 606190 925367
31 488494 418783
32 479310 458249
33 469626 450002
34 882401 384716
35 1018869 398221
36 824675 484481
37 742165 532938
38 696732 542466
39 523962 931435
40 556995 851322
41 874080 400395
42 578670 939896
43 1083230 371385
44 504880 846948
45 990054 410405
46 570466 853441
47 575952 444662
48 744312 449894
49 478323 443792
50 957497 483243
51 546585 980662
52 985588 448737
53 570255 382180
54 771408 493870
55 552293 936066
56 825818 353729
57 648281 524278
58 940476 420533
59 985915 425479
60 820199 435163
61 486013 424874
62 852905 387001
63 721259 501634
64 829567 485013
65 549840 902920
66 901864 412982
67 754678 472678
68 979533 477676
69 782795 418936
70 634123 479727
71 967603 445008
72 793990 492140
73 524866 449516
74 473609 410868
75 873209 439945
76 1022047 468458
77 911432 428233
78 1028751 433640
79 479553 421845
80 875866 456940
81 582862 813655
82 587658 929874
83 849707 379424
84 494195 422726
85 972324 459340
86 406036 478005
87 527335 463413
88 989489 492843
89 621849 978032
90 513765 899816
91 739420 600208
92 585184 881688
93 968853 425134
94 935362 400862
95 601353 893722
96 943187 405097
97 853985 354972
98 605764 942898
99 462686 405011
100 901350 429897
101 470590 434950
102 556741 926385
103 649938 948871
104 546034 856068
105 561800 427124
106 554318 858016
107 512923 911378
108 968027 329522
109 872598 473182
110 967715 457466
111 877336 477728
112 828010 539178
113 635529 945995
114 488987 422899
115 856485 387665
116 868163 484518
117 634602 863258
118 879037 458973
119 762896 406837
120 573105 914077
121 471171 451793
122 879554 410231
123 461445 532327
124 747324 540906
125 972988 441762
126 748001 435302
127 530822 417250
128 486880 347231
129 640232 949643
130 904661 401873
131 806232 394116
132 754426 460598
133 946280 451769
134 1023801 322039
135 833415 399570
136 732608 530005
137 840432 500962
138 774153 488354
139 853812 439214
140 796526 449574
141 839256 399804
142 952607 419054
143 510828 385750
144 720484 484600
145 745537 553894
146 770582 458517
147 867000 434028
148 825376 464695
149 515371 422173
150 503184 440906
151 981329 428993
152 723581 531101
153 862050 380640
154 725403 453995
155 969759 391710
156 476944 402873
157 459671 446359
158 512218 405438
159 703591 531261
160 572579 433839
161 925935 387917
162 805247 401739
163 770593 473175
164 467394 476267
165 823570 430998
166 885391 498772
167 862199 383245
168 755562 459327
169 849667 396726
170 907899 451154
171 496052 443317
172 570878 913114
173 514250 400120
174 998698 509752
175 842297 395819
176 508343 373093
177 735811 440215
178 757865 424172
179 507463 904771
180 899803 345403
181 567835 861503
182 455012 413072
183 631055 423658
184 481074 486272
185 956534 399941
186 815053 461842
187 577942 851777
188 869177 500372
189 560479 896324
190 564474 902809
191 858210 341599
192 598316 944098
193 835984 481144
194 525504 818240
195 546765 929929
196 494861 945981
197 386644 356598
198 835373 348775
199 995736 474448
200 584542 913839
201 897307 452985
202 969191 469471
203 483568 448021
204 796056 525047
205 937910 478220
206 516044 930063
207 824804 495860
208 1036306 478315
209 711757 492972
210 741267 442735
211 735023 519205
212 905665 440083
213 761906 496407
214 824089 460345
215 564934 845199
216 869703 489201
217 571300 918268
218 772252 491716
219 646601 951240
220 954172 464499
221 484739 870100
222 630201 500498
223 730685 444983
224 746438 533879
225 824689 422909
226 516631 357436
227 890768 372441
228 849138 537709
229 572614 863165
230 499197 392369
231 919493 485187
232 402833 432563
233 889900 399860
234 781042 456788
235 466176 441106
236 701168 472050
237 395011 395007
238 536493 461705
239 750137 470702
240 937597 447881
241 911272 537322
242 553488 875583
243 787932 521496
244 732558 602493
245 617597 819908
246 942138 481719
247 649452 888241
248 642423 988933
249 815452 428858
250 736010 449576
251 962725 487430
252 710850 484821
253 506454 408892
254 818373 430653
255 896771 421067
256 927294 441367
257 968609 393228
258 953213 396312
259 610180 964065
260 714191 520416
261 585934 946918
262 769897 417366
263 838795 513861
264 722145 565488
265 530236 915853
266 479217 416315
267 954750 459653
268 811693 486133
269 928660 470367
270 934062 376588
271 827112 466270
272 794058 503025
273 580368 907405
274 758764 514700
275 566709 949438
276 928206 454929
277 779645 449883
278 887278 416596
279 981361 425467
280 516677 886340
281 1006248 416494
282 553826 997237
283 779421 470627
284 861118 505286
285 485823 418407
286 575729 898455
287 588240 901122
288 853363 402960
289 535815 440749
290 714715 505366
291 929445 440324
292 736939 509940
293 879705 397789
294 788096 424435
295 561622 953632
296 1001754 460426
297 577602 913183
298 577231 839774
299 591443 843039
300 818655 498912
301 858335 463970
302 812397 442849
303 859910 404813
304 540803 970079
305 983183 402434
306 472861 404258
307 743512 508636
308 894423 465246
309 814410 428786
310 560317 925936
311 818396 434421
312 793937 554293
313 928264 429327
314 907579 379591
315 971620 518977
316 814050 385774
317 489890 422292
318 973536 374583
319 473157 472337
320 829715 531426
321 781786 520122
322 784248 485875
323 796122 480799
324 746027 491359
325 941168 441920
326 852710 420487
327 564082 884889
328 749209 428351
329 856516 453018
330 978141 428640
331 924082 399617
332 767215 456870
333 638960 894274
334 582092 920625
335 882568 417267
336 727427 525615
337 699798 511319
338 777125 555506
339 898974 417640
340 554623 395957
341 869175 449275
342 503005 363661
343 775051 460188
344 868687 509090
345 740143 506733
346 503342 421396
347 1017700 465337
348 716194 467898
349 878760 473363
350 860417 404684
351 498840 455388
352 742289 550305
353 547141 853279
354 500790 449198
355 618395 844734
356 906786 463582
357 797699 478519
358 535109 487966
359 955076 390422
360 780235 519560
361 657724 908034
362 998442 439486
363 944309 458230
364 743376 427875
365 801520 468574
366 511073 476166
367 722808 444939
368 535257 856846
369 607317 891424
370 453485 523349
371 856943 483335
372 988717 511812
373 857579 548353
374 508745 842312
375 530859 490587
376 1001509 467871
377 824862 498382
378 695810 513587
379 480262 446261
380 821443 361916
381 666190 943419
382 698156 455609
383 1030574 445525
384 469292 366078
385 993637 394930
386 670530 419647
387 509498 548130
388 911118 505690
389 845487 531510
390 565871 433768
391 535395 894913
392 489056 420585
393 536786 850729
394 737668 447705
395 560232 861542
396 983055 445496
397 792571 402536
398 609082 912403
399 517880 422074
400 851650 439661
401 844323 448922
402 875028 484154
403 912068 376798
404 857899 413416
405 921560 426990
406 463008 442953
407 818828 460543
408 716942 493488
409 905393 494938
410 837756 363435
411 408034 425396
412 580848 833201
413 517620 989171
414 466830 419299
415 444934 392089
416 514313 924809
417 515597 848513
418 944454 427836
419 527398 845062
420 743618 550600
421 852870 411100
422 751150 458952
423 944159 419693
424 775968 520750
425 581218 918555
426 588572 896080
427 934319 424986
428 521075 869962
429 533055 338136
430 462338 411489
431 473958 391419
432 930120 439382
433 870330 441547
434 904928 454175
435 499466 448516
436 1041512 465667
437 887921 381487
438 776932 547812
439 886910 475580
440 447874 401441
441 597914 848197
442 960073 510545
443 954657 381146
444 863359 428353
445 877978 489404
446 849613 493869
447 915738 505659
448 561394 856083
449 517831 863554
450 779127 440877
451 902411 469623
452 903120 580499
453 931781 445306
454 487372 468944
455 1004584 471041
456 492018 449116
457 467621 897733
458 762963 395089
459 966712 425950
460 834998 416994
461 694315 474496
462 684919 507207
463 930411 450174
464 497684 936750
465 746407 477617
466 829471 526749
467 904264 457115
468 615878 941139
469 694871 498660
470 843026 423677
471 735201 620184
472 502594 869047
473 514067 472263
474 947746 464879
475 467036 439863
476 916353 481385
477 893518 470014
478 777559 467364
479 828277 415721
480 707257 577546
481 759475 479381
482 575159 992433
483 804668 529422
484 505890 949231
485 833713 466289
486 472181 404348
487 869771 491350
488 782681 508905
489 781451 487089
490 542067 453563
491 531490 918655
492 530164 910285
493 533919 422305
494 799120 466657
495 502349 426374
496 988170 378395
497 603012 922282
498 913337 389461
499 796918 454004
500 992338 384917
501 507054 497151
502 780807 457564
503 486568 443127
504 907512 454096
505 621255 891207
506 751611 527199
507 583275 937401
508 743347 407745
509 756193 546281
510 670976 485775
511 904675 415784
512 859509 393746
513 532214 473147
514 966082 440970
515 839108 459121
516 933268 440510
517 849728 455468
518 560887 898393
519 660137 514678
520 893881 412033
521 570302 915632
522 445089 488799
523 939462 363752
524 702550 439120
525 628647 870788
526 571806 911497
527 552760 412410
528 515645 402947
529 842659 429279
530 874925 482651
531 858605 481400
532 480872 422853
533 561910 906423
534 524180 400756
535 552487 909463
536 891234 364776
537 962415 437904
538 581873 892170
539 586994 883392
540 929008 343841
541 818018 444650
542 882204 427669
543 634320 879304
544 709723 540947
545 564178 912348
546 788189 473362
547 928131 455223
548 876207 464131
549 466570 375209
550 905169 447636
551 870633 482576
552 829449 439085
553 866783 442597
554 586376 867241
555 839543 449535
556 433995 416735
557 468977 355108
558 523169 887388
559 709643 462956
560 548350 327016
561 448926 411075
562 957624 487492
563 801884 492669
564 519398 412989
565 763236 384461
566 937468 457816
567 971022 381340
568 804144 431845
569 608241 900735
570 745113 517664
571 728344 441624
572 933419 494868
573 765552 483022
574 641945 919142
575 989174 423732
576 569600 927897
577 572652 927878
578 793395 446575
579 824425 447949
580 812823 371049
581 897074 469902
582 858633 455591
583 936452 385222
584 933123 422735
585 738744 457574
