NAME : portcgen-590-167896
COMMENT : portcgen N=590, seed=167896
TYPE : TSP
DIMENSION : 590
EDGE_WEIGHT_TYPE : EUC_2D
NODE_COORD_SECTION
1 359839 497721
2 82637 842324
3 335459 536096
4 557939 109488
5 761408 250304
6 305320 186765
7 342413 275356
8 407859 159962
9 -25962 806455
10 863809 347330
11 340720 110863
12 651487 147529
13 299486 533770
14 607735 188511
15 398779 226350
16 2968 827541
17 398292 508408
18 400800 488106
19 574370 153800
20 -1277 843786
21 617521 169967
22 601542 112328
23 613922 79221
24 359098 528875
25 619874 142471
26 389368 188416
27 615705 173226
28 769262 277610
29 585314 204883
30 666005 160763
31 -40919 792525
32 791534 316634
33 787785 285587
34 96780 834073
35 430219 238304
36 798846 361201
37 760836 307251
38 641664 176218
39 1123 787609
40 785585 291546
41 766358 293073
42 362793 582638
43 437583 532474
44 317892 539632
45 806061 352415
46 323842 280406
47 310338 572575
48 749948 244503
49 394436 216619
50 760216 229555
51 350671 185433
52 288274 221690
53 574352 87351
54 797351 324777
55 383278 259531
56 652201 201593
57 615215 129449
58 78436 840846
59 82571 840110
60 643049 76491
61 617819 163798
62 788377 255638
63 302104 538425
64 343351 278772
65 360109 569349
66 363926 159741
67 656744 183713
68 25270 855836
69 338035 592731
70 620052 128650
71 771471 302755
72 765532 291819
73 347103 405287
74 705919 296081
75 7278 792134
76 22699 853146
77 753732 303718
78 817594 373227
79 332107 261359
80 623387 213736
81 -30293 812133
82 299764 470053
83 533182 159519
84 836822 345711
85 577018 129331
86 820907 263442
87 678821 159343
88 350312 182600
89 358963 157014
90 356885 567790
91 346166 138068
92 394871 215652
93 346650 497115
94 592643 147062
95 607256 111895
96 242036 469344
97 402442 186276
98 -3448 806929
99 587067 134307
100 365541 235270
101 -17592 798185
102 633058 164920
103 781094 246916
104 566786 202016
105 298018 568645
106 832650 354338
107 353520 491727
108 305911 498936
109 47187 792598
110 24738 789836
111 703936 332988
112 28460 792375
113 419842 179636
114 349065 481960
115 24063 796070
116 49123 800894
117 736405 294533
118 307065 162049
119 658692 99006
120 -2580 805523
121 -49386 813007
122 384050 262404
123 371928 487104
124 297074 465555
125 314288 525861
126 603443 270730
127 768052 273670
128 753914 267387
129 810183 307192
130 21060 761205
131 52052 788778
132 331593 196615
133 359649 517145
134 616584 132259
135 542949 171553
136 806848 234165
137 765641 344788
138 598211 123168
139 339005 113851
140 799476 370381
141 379066 497435
142 350685 564590
143 673090 123438
144 353541 188849
145 762295 282649
146 310905 505975
147 612479 171275
148 39543 817094
149 52641 824165
150 377619 241331
151 253976 250568
152 768915 363552
153 348804 163445
154 338727 262848
155 390009 514080
156 743847 363970
157 336539 180331
158 21992 773521
159 588460 157970
160 779821 277100
161 749566 304399
162 328461 211654
163 365019 253667
164 28464 848616
165 666686 200488
166 616061 118273
167 321553 193608
168 27478 842637
169 737699 326955
170 765408 380440
171 392947 260737
172 537162 210518
173 401115 75981
174 585186 187119
175 220281 498511
176 859895 338253
177 322735 173060
178 808456 321599
179 377096 523685
180 749760 236769
181 339722 216491
182 404699 524793
183 326021 493301
184 331258 448567
185 21022 837141
186 633862 181358
187 284602 495140
188 706444 285005
189 354858 542223
190 761844 297740
191 731864 278381
192 331468 185606
193 34679 852612
194 417821 217289
195 253777 553184
196 642053 168682
197 81634 791862
198 333675 240874
199 443620 193055
200 706353 362926
201 596565 174426
202 296605 532969
203 -24138 767234
204 349106 472716
205 356239 236609
206 567429 111495
207 -27867 746088
208 540002 158174
209 702112 205322
210 737365 198597
211 834339 330794
212 765276 247667
213 387088 263874
214 361274 161569
215 37978 862088
216 282481 548521
217 46441 772928
218 392498 241135
219 747019 300749
220 333764 574809
221 43017 911525
222 292937 573985
223 775465 278853
224 295307 532591
225 -65958 798640
226 328687 523559
227 539327 167681
228 730373 317036
229 614817 117387
230 -49244 821959
231 355567 196014
232 324986 436770
233 347043 557631
234 310516 242405
235 402291 223010
236 764327 278861
237 305505 210457
238 8531 798982
239 745951 324926
240 -31775 823957
241 317821 478315
242 723798 325863
243 801860 225659
244 -11294 841875
245 -7404 802264
246 -6637 818275
247 354077 527409
248 607267 210223
249 862588 330904
250 8903 823325
251 18883 828371
252 583228 95201
253 21983 838668
254 272715 544976
255 7505 787830
256 587639 84453
257 535881 138659
258 762383 297736
259 772492 318311
260 53123 795537
261 309934 549700
262 310129 495549
263 428946 174564
264 633824 85755
265 605385 165759
266 764210 258425
267 666246 74207
268 427684 216135
269 366355 483127
270 616981 157507
271 334486 503314
272 493521 174554
273 323636 491261
274 543720 211770
275 331620 258125
276 373909 269179
277 791707 308415
278 598144 123445
279 754681 241415
280 790124 281905
281 644889 202234
282 448683 499027
283 -31399 804205
284 742385 304448
285 421399 174451
286 622352 101444
287 34604 756225
288 771632 274307
289 377120 511697
290 592653 163314
291 -12310 714921
292 282361 512871
293 782181 339447
294 -12189 841449
295 351329 480971
296 376260 213324
297 626120 209404
298 749124 229857
299 589366 113418
300 347168 564834
301 371310 190252
302 709156 282935
303 24035 805642
304 614329 172259
305 288068 547501
306 301150 472384
307 604103 143294
308 395691 251164
309 759777 257567
310 387337 257429
311 701223 307387
312 305029 507211
313 770779 306334
314 642912 188994
315 592032 162158
316 688633 326690
317 288862 513866
318 382627 254845
319 699485 144389
320 622 802942
321 608352 147696
322 327855 531044
323 621236 121352
324 -59168 782362
325 245948 473062
326 319208 562670
327 407052 248900
328 781179 263704
329 745214 339934
330 27502 819888
331 352924 240767
332 800149 343876
333 290377 570820
334 797122 272718
335 778202 266461
336 384211 255480
337 -30218 860149
338 676160 186829
339 349169 231363
340 402142 214221
341 407597 554422
342 775634 306898
343 804895 300401
344 704985 209471
345 371374 129654
346 197292 527730
347 381604 228023
348 -39333 797665
349 329870 550663
350 320915 477354
351 -11344 805496
352 751318 302091
353 23602 820900
354 763538 359110
355 741334 288214
356 779595 279728
357 373440 514646
358 683893 133237
359 356146 254625
360 -36267 787878
361 325937 579563
362 389279 548007
363 -9649 805280
364 375077 147458
365 367632 519285
366 -39889 846140
367 333233 450581
368 312302 527355
369 557324 143853
370 321343 534675
371 401773 527326
372 556581 179083
373 535796 114228
374 606342 97081
375 348154 472384
376 23622 801643
377 860418 261727
378 362807 529406
379 739245 279760
380 516255 123840
381 118031 870830
382 377434 216893
383 360254 212830
384 684061 141118
385 779812 274360
386 720498 225271
387 557965 136513
388 605047 101345
389 99697 823936
390 742404 316827
391 -78769 769863
392 31531 847610
393 395565 248903
394 386568 258975
395 817309 244020
396 24315 775046
397 -58013 781136
398 373584 140073
399 746013 309809
400 782459 340307
401 303984 424509
402 368424 527468
403 574579 175487
404 581854 133448
405 763985 272803
406 310108 210760
407 593821 114207
408 637378 133312
409 359478 452303
410 311925 144367
411 444900 237242
412 323009 182830
413 817000 229539
414 376410 540035
415 615743 191464
416 288323 507365
417 747841 237176
418 299051 600358
419 745975 287709
420 771009 341588
421 371145 220018
422 366209 167688
423 -2537 822644
424 326491 206020
425 353606 505448
426 98407 786140
427 534679 152566
428 252749 532445
429 24692 773590
430 287947 520460
431 417675 205531
432 768420 394077
433 487913 178051
434 639379 150716
435 359002 524482
436 549500 116024
437 804163 370339
438 -41203 842151
439 332199 528500
440 220951 589687
441 614147 199310
442 332571 188380
443 674487 212264
444 16847 749867
445 329603 183642
446 -2388 752857
447 329444 505286
448 633220 123074
449 325640 492483
450 312344 461222
451 392027 383175
452 -38901 852649
453 679075 374131
454 335384 485234
455 655885 162454
456 330272 488942
457 308678 249269
458 9455 792665
459 -45007 842339
460 539891 146822
461 2011 780231
462 48443 814785
463 11829 868160
464 809257 280165
465 9024 780394
466 791317 301209
467 739782 291556
468 296803 514717
469 11741 762217
470 578753 170148
471 382063 133646
472 324019 495513
473 399356 201265
474 312423 249493
475 358661 486028
476 308032 526397
477 308217 536331
478 -33237 908084
479 657896 134146
480 564286 171525
481 115435 815144
482 -56664 832216
483 725416 288680
484 15390 796727
485 383089 255451
486 342326 160908
487 23455 856326
488 46346 895979
489 -14759 834256
490 401287 259216
491 354238 195692
492 354805 196250
493 377967 236626
494 425406 241435
495 446126 147826
496 -14063 839112
497 772370 283318
498 835023 224046
499 732837 286973
500 349135 277135
501 348073 488406
502 561069 197031
503 58649 769484
504 733820 247195
505 36401 811162
506 799144 296892
507 665993 172941
508 -11829 838603
509 58817 806172
510 325536 533549
511 642226 114986
512 557484 146788
513 753343 263746
514 581480 165287
515 3248 841515
516 797932 316198
517 819139 332193
518 231858 485478
519 394378 214876
520 739675 278910
521 315219 535438
522 600318 192660
523 602981 208801
524 678477 233393
525 -13849 855301
526 27296 786761
527 707789 208778
528 747318 251254
529 717213 302303
530 -7914 794438
531 820120 312909
532 295189 489393
533 643180 150983
534 716884 293460
535 273798 540776
536 451373 207151
537 362978 447310
538 517213 134870
539 790802 299413
540 453818 241405
541 -7387 771418
542 463824 190392
543 683883 100834
544 309612 220705
545 384607 241303
546 35185 834936
547 361418 448248
548 76438 774508
549 564053 160559
550 -41667 872899
551 332658 480799
552 339116 200099
553 348475 547933
554 54044 792413
555 300596 148750
556 344561 236139
557 637987 82362
558 261269 433352
559 490702 241319
560 414932 139652
561 -9574 811979
562 349535 437622
563 334844 486395
564 5429 857571
565 359601 479851
566 332951 546895
567 716588 111792
568 285557 552856
569 394230 569164
570 715372 281674
571 507456 175082
572 350239 428269
573 785747 323548
574 735888 283957
575 416842 217371
576 831999 351318
577 313198 491373
578 568589 144296
579 282691 499303
580 846325 306201
581 618250 191037
582 58859 863819
583 277929 507280
584 8715 762429
585 435 814739
586 593729 86716
587 290181 535138
588 755413 236568
589 785188 235642
590 -8525 847237
