NAME : portcgen-569-637620
COMMENT : portcgen N=569, seed=637620
TYPE : TSP
DIMENSION : 569
EDGE_WEIGHT_TYPE : EUC_2D
NODE_COORD_SECTION
1 581936 951828
2 587131 962864
3 334311 331503
4 850522 711945
5 513513 506221
6 862821 646139
7 -17779 640559
8 9671 544712
9 29354 671499
10 914061 681230
11 421413 295305
12 328169 345684
13 908203 768857
14 329940 322327
15 878128 657608
16 869103 713924
17 27761 624666
18 428300 350770
19 350550 511123
20 915946 726767
21 244305 286873
22 384673 372641
23 449938 461197
24 45066 629373
25 457266 298624
26 934013 622951
27 404102 512921
28 857249 656728
29 -26667 616690
30 329338 365145
31 822772 668213
32 400409 563607
33 566934 870993
34 366338 355252
35 477515 489938
36 35837 579471
37 533497 927359
38 4653 537441
39 885581 698062
40 583550 874341
41 904570 674888
42 946545 738379
43 859919 645659
44 519175 495279
45 -15048 626014
46 365 607510
47 830683 717486
48 327770 274919
49 431799 548181
50 54468 653258
51 371812 334546
52 547313 825660
53 376767 270515
54 468213 476607
55 11416 609695
56 -29196 545048
57 375181 488977
58 585204 913608
59 411510 498590
60 876183 704242
61 331350 276862
62 382016 322293
63 -15159 587895
64 455125 519118
65 888252 748265
66 585561 918490
67 31050 610522
68 602007 865806
69 908891 652480
70 625275 920624
71 766027 728418
72 906358 665000
73 361102 345854
74 911329 645397
75 420879 486829
76 427586 503244
77 49487 557155
78 935204 689725
79 475867 548125
80 304020 402812
81 7784 532018
82 -21737 567213
83 433871 496422
84 531633 827784
85 485491 485345
86 865282 687877
87 504403 527252
88 536699 931519
89 -1824 589226
90 557784 881838
91 919993 626678
92 -18353 631425
93 -77941 542896
94 -22716 537098
95 431926 572057
96 -3526 573255
97 894750 699926
98 960669 699432
99 888390 770431
100 461117 376725
101 470264 443324
102 575245 919020
103 860185 657520
104 382481 384286
105 12422 504825
106 617828 958064
107 10174 590187
108 -14546 577857
109 941634 669920
110 403586 498489
111 452230 499069
112 411215 335886
113 388484 360868
114 9922 641632
115 440241 455080
116 439075 330474
117 344473 302206
118 579789 924634
119 932275 653328
120 12866 606247
121 -10331 564442
122 34152 521003
123 386794 378159
124 1962 635035
125 921214 682738
126 417187 283067
127 868895 692709
128 877448 769310
129 538702 962947
130 861971 607043
131 375207 450245
132 26233 608512
133 548703 945543
134 -193 615470
135 415601 518415
136 468593 499917
137 476006 522576
138 -75211 609518
139 539845 551354
140 935636 724074
141 460318 440492
142 327034 369118
143 542497 946745
144 443273 482252
145 391390 530615
146 595214 890067
147 -19958 637536
148 37240 575849
149 922361 708899
150 431587 438988
151 347979 313678
152 967877 718475
153 -19549 598991
154 620966 820769
155 414760 542881
156 549677 874871
157 522240 883463
158 37961 543615
159 -38951 599747
160 -65342 607759
161 474527 378673
162 7510 607004
163 392756 348812
164 443202 511727
165 583534 933928
166 448064 283008
167 -14962 600160
168 408818 543158
169 34424 587180
170 447873 336671
171 545414 915237
172 415927 305703
173 421037 432969
174 952380 651127
175 442620 417442
176 534116 949351
177 605649 834301
178 73210 615121
179 569258 867527
180 563157 865601
181 105993 511634
182 567266 866227
183 48253 552001
184 803516 654262
185 479595 467879
186 356528 242009
187 913102 710910
188 55494 585763
189 511940 477244
190 498560 923702
191 886729 769590
192 450264 489321
193 349427 319634
194 43023 585989
195 437657 481200
196 359502 373226
197 406910 325860
198 914510 666613
199 360413 294823
200 415675 308554
201 395092 351895
202 484254 581446
203 566866 884583
204 891295 726630
205 891346 728453
206 883673 670372
207 950722 665327
208 444691 504225
209 381568 329828
210 913301 651029
211 -1116 621568
212 438489 457084
213 443647 510208
214 633523 868821
215 937931 743628
216 921083 746190
217 492961 885446
218 950117 676739
219 944726 681074
220 391974 574652
221 430998 467938
222 860637 644870
223 519935 552443
224 638962 852784
225 407454 457294
226 326365 349658
227 335502 422989
228 -13879 588812
229 904062 655841
230 974031 686159
231 901312 674833
232 493869 568787
233 381827 536282
234 316712 306041
235 413803 331282
236 382014 378374
237 318019 332316
238 394030 307215
239 863747 648645
240 23429 640249
241 15028 614530
242 426735 413526
243 930301 688211
244 375837 337922
245 562722 978117
246 606720 941317
247 32906 578388
248 469972 559073
249 923064 725499
250 548607 886486
251 379195 391565
252 546488 925437
253 391402 309443
254 448774 505489
255 562936 952096
256 7210 593864
257 590472 938623
258 962967 616663
259 670476 856343
260 68442 590555
261 861058 745198
262 412524 380170
263 389712 549379
264 368381 394275
265 405861 339382
266 967861 626523
267 348819 288531
268 -9897 610139
269 566800 886963
270 951746 723552
271 912941 714916
272 608857 898337
273 309569 407534
274 333471 304455
275 942938 658134
276 421490 497061
277 291111 281846
278 507477 478262
279 -6390 449434
280 975188 698383
281 421255 525279
282 623933 838084
283 451634 441220
284 908174 763433
285 68465 622896
286 403673 323758
287 943661 674192
288 364053 591185
289 309366 326265
290 880127 687640
291 96645 582257
292 966379 667725
293 822633 639526
294 915762 696456
295 25731 571916
296 432331 325632
297 489102 485773
298 393673 268053
299 411289 504839
300 840471 697244
301 1017036 652584
302 863472 636797
303 934799 674888
304 344243 337880
305 954334 720791
306 884089 660479
307 949633 655809
308 426358 326013
309 415970 520318
310 457048 274306
311 252138 350752
312 468656 519406
313 347498 310450
314 477902 513858
315 623497 818410
316 370101 320919
317 909111 696717
318 -1301 591026
319 543099 906230
320 301390 295099
321 625390 871186
322 366690 323756
323 610368 869142
324 392707 533434
325 90903 550091
326 838471 751859
327 410889 492336
328 426410 504553
329 923854 695975
330 525601 857693
331 973488 741532
332 392162 294775
333 399380 558796
334 574290 802083
335 412125 483847
336 408424 349035
337 957087 692414
338 61841 587596
339 74016 579235
340 390494 304312
341 595026 873007
342 -42942 562899
343 971723 658011
344 887056 674215
345 430921 519454
346 400135 313251
347 452586 461970
348 583805 916352
349 913266 671017
350 543725 933783
351 41641 618779
352 336754 368250
353 426227 521942
354 492316 529497
355 449884 529971
356 458414 528060
357 457541 490480
358 58789 599418
359 26748 590407
360 518492 577551
361 827446 670992
362 439052 442284
363 567445 831014
364 926895 732059
365 403106 565638
366 399260 344766
367 314280 319793
368 862222 677960
369 553276 1001857
370 7398 681490
371 875858 666886
372 278426 294247
373 499311 476893
374 357816 325415
375 530141 840568
376 454891 495788
377 451212 499384
378 373963 349929
379 27750 539467
380 38493 515863
381 576781 881143
382 919961 725962
383 355145 363124
384 421284 417522
385 37613 575657
386 355594 413326
387 572699 931832
388 409481 605901
389 895457 703828
390 493064 347476
391 323268 340082
392 78416 573814
393 388195 283196
394 472972 365539
395 442962 517472
396 474927 535539
397 941130 691336
398 456154 269403
399 853816 730090
400 115294 644270
401 528742 840157
402 83501 563234
403 925364 602471
404 440016 481334
405 429316 519169
406 443729 461666
407 763318 693359
408 956419 684149
409 586401 927891
410 924960 707407
411 -3090 626586
412 491018 554929
413 843409 593594
414 568452 884248
415 516550 530221
416 464654 529920
417 533612 926639
418 909248 726973
419 462453 531819
420 588515 858227
421 598246 936976
422 457270 536001
423 24957 648237
424 518657 499408
425 579436 862742
426 411804 480663
427 464205 559273
428 904078 671393
429 36197 566716
430 594296 947748
431 881822 696216
432 88576 643424
433 643741 918350
434 66381 580799
435 409658 503253
436 855732 694965
437 468133 572800
438 576898 927570
439 656881 886710
440 425544 511248
441 321987 336104
442 569448 906839
443 495522 514733
444 -41471 629409
445 526650 862768
446 -15853 619116
447 431103 572070
448 424409 383188
449 595739 907323
450 405558 501018
451 425167 458593
452 892287 719080
453 890370 745056
454 495295 527917
455 481231 549375
456 407453 333413
457 343769 332804
458 425079 299143
459 950235 645223
460 512831 498747
461 600303 832432
462 340148 536110
463 479350 504516
464 927524 740092
465 891504 638466
466 503242 543525
467 908679 679704
468 420319 449604
469 969587 746841
470 353474 362182
471 923918 655452
472 1025406 690298
473 113 552818
474 -35077 576964
475 -7708 554471
476 416622 330004
477 357097 317709
478 953236 675666
479 634217 863177
480 65664 550195
481 68860 658702
482 446211 441424
483 620545 938190
484 930632 670402
485 456312 258103
486 -47583 615990
487 21063 569558
488 42800 587352
489 903816 708098
490 560191 943369
491 413642 297494
492 581250 927786
493 -62689 537240
494 488271 466677
495 -10864 605616
496 492988 484172
497 630495 930434
498 106134 546282
499 543487 958949
500 406674 418152
501 468366 558395
502 933900 704198
503 500201 450411
504 71117 536015
505 571660 1000499
506 27155 579656
507 511770 520722
508 596992 801412
509 399321 347972
510 373806 398149
511 920151 672737
512 452154 321257
513 920480 680975
514 453018 487942
515 30297 606346
516 606560 881737
517 506848 578810
518 904289 714140
519 423417 315826
520 526856 886573
521 57709 590954
522 33350 630766
523 554405 852716
524 -13682 667212
525 604358 886556
526 914099 811604
527 -48246 578969
528 559789 881531
529 858166 653904
530 588383 932779
531 946026 661518
532 894638 736483
533 367656 313337
534 356731 304207
535 346007 345844
536 580765 873709
537 17007 573327
538 27189 643862
539 -19771 590049
540 982948 636112
541 435527 531470
542 50413 575253
543 881444 732867
544 864948 750605
545 494967 487737
546 77956 634240
547 625921 874227
548 418531 526178
549 572862 942326
550 49793 563442
551 597481 893559
552 627101 871833
553 68505 643280
554 62323 548606
555 418048 493770
556 74762 662251
557 550965 934539
558 653639 974880
559 618492 829242
560 404065 334634
561 362509 349918
562 -8182 577962
563 556366 871245
564 658722 910918
565 415864 352525
566 673279 926463
567 847739 746553
568 500578 520135
569 343099 509286
