NAME : portcgen-457-8051261
COMMENT : portcgen N=457, seed=8051261
TYPE : TSP
DIMENSION : 457
EDGE_WEIGHT_TYPE : EUC_2D
NODE_COORD_SECTION
1 68338 877630
2 4282 807488
3 646624 510289
4 809394 276271
5 917374 330869
6 923350 211202
7 97851 761071
8 379466 -42136
9 871199 183374
10 533819 626667
11 400069 20947
12 30798 822175
13 342304 -15356
14 580755 526146
15 270377 -85376
16 979217 171744
17 359313 -60535
18 867618 191717
19 847265 202234
20 446542 -32698
21 938261 212759
22 334882 -16130
23 21042 808950
24 575602 450175
25 989313 239856
26 16806 798771
27 899739 221964
28 344877 -64857
29 338547 71657
30 343556 -85138
31 877902 128173
32 68624 844239
33 67703 840621
34 907700 226628
35 856210 119808
36 510945 551281
37 44408 786509
38 44541 888786
39 329304 -49804
40 310525 21611
41 326375 82443
42 554085 601306
43 370575 52842
44 568215 534267
45 394602 -2635
46 551434 485668
47 433584 66989
48 552762 534266
49 897797 211789
50 799419 205445
51 397043 -9296
52 411982 -42774
53 342092 -81002
54 923959 115849
55 101202 816467
56 336683 12331
57 330484 36932
58 575136 651033
59 923204 187363
60 547886 621806
61 394754 20907
62 896848 319592
63 875472 251049
64 411034 5934
65 540463 453004
66 595885 584604
67 30158 852657
68 402010 -17009
69 303515 50702
70 914647 204232
71 94426 900169
72 124666 908283
73 278522 28370
74 521645 495792
75 613022 578921
76 431820 73588
77 542213 443529
78 592512 522254
79 131901 885394
80 45965 827016
81 646071 597483
82 1009008 250839
83 322961 36490
84 30714 791996
85 -10690 830849
86 18944 911110
87 946956 263556
88 25927 848815
89 124787 869889
90 910308 224576
91 363906 8386
92 78044 752610
93 341372 65423
94 268002 47504
95 907709 173091
96 509831 567415
97 58390 899845
98 838748 100168
99 347267 -19959
100 904242 117069
101 586277 503067
102 947365 190026
103 911266 164869
104 955090 201592
105 -1490 819594
106 410206 -23128
107 350828 72659
108 33473 853254
109 582980 586082
110 79103 868962
111 873760 186347
112 42871 923194
113 953222 196975
114 952385 251720
115 382941 53633
116 561045 500767
117 605511 596727
118 301305 39745
119 330669 31450
120 702421 605384
121 370313 -36164
122 931802 193609
123 959723 137936
124 978311 266086
125 602522 550724
126 128496 852502
127 28670 885036
128 576791 443188
129 651720 572318
130 894332 196450
131 614320 532515
132 547693 472721
133 49616 804221
134 62057 850750
135 376474 -10246
136 559206 546857
137 -15584 897202
138 442168 -36411
139 360779 13543
140 390100 25585
141 29341 839983
142 872274 186199
143 1006650 202618
144 624959 542003
145 361532 -1327
146 391907 -33582
147 425922 -10653
148 649129 521128
149 868805 286481
150 660473 559030
151 968279 176393
152 384942 43970
153 41979 900626
154 401640 3994
155 902369 140285
156 418324 94048
157 316805 -8811
158 529516 472607
159 514687 13048
160 82254 835648
161 383235 38313
162 500084 598785
163 384897 62239
164 320891 32152
165 602510 502998
166 544830 584307
167 75423 860032
168 930627 266075
169 925699 158020
170 931664 249016
171 931830 136856
172 913756 162110
173 591549 498912
174 560102 510570
175 946209 172502
176 416858 17189
177 836638 209198
178 862533 331652
179 310789 -27327
180 52316 866859
181 954185 224424
182 72603 772547
183 35638 924994
184 300977 -30542
185 348392 8287
186 552168 512318
187 69877 848335
188 570818 473044
189 84311 823440
190 348359 -75258
191 539766 539754
192 370705 21881
193 539874 492772
194 435408 39189
195 6413 827221
196 583934 505749
197 69671 716300
198 61897 839896
199 58495 912606
200 958603 239439
201 871245 166319
202 908801 168035
203 344333 -24663
204 948283 149498
205 101195 882440
206 426506 5846
207 51364 919589
208 398046 -44170
209 863583 203995
210 573587 591612
211 890240 180062
212 902606 166529
213 615000 532139
214 68801 849867
215 291536 6217
216 416035 -4090
217 640753 536303
218 396974 -56647
219 884287 255457
220 688211 623901
221 587484 602468
222 130453 869748
223 74994 863628
224 940733 240046
225 531785 512609
226 13867 842812
227 453334 46878
228 3942 882232
229 568851 494994
230 547926 495718
231 390311 56480
232 882925 304042
233 906768 187706
234 444644 -76379
235 574066 485696
236 155672 794814
237 51509 757573
238 327816 -8926
239 -13158 829982
240 1025801 174244
241 638391 620666
242 92513 912237
243 80733 752077
244 639498 585687
245 299518 26339
246 378779 20586
247 542837 522294
248 965849 190273
249 937258 105231
250 364500 -24768
251 498931 564703
252 880448 183342
253 925482 201355
254 365235 -141329
255 882727 261857
256 617841 541738
257 553028 559257
258 540766 540696
259 348346 87150
260 661281 536347
261 410773 48827
262 308069 10679
263 557929 476766
264 61492 915409
265 520947 534240
266 516652 573645
267 823292 241761
268 928287 274497
269 983762 135164
270 -5550 801339
271 348844 12875
272 521499 500253
273 646564 534779
274 9147 830980
275 327842 -114810
276 545030 554721
277 320652 52776
278 476462 525698
279 36929 850393
280 137035 810266
281 361263 -3466
282 89821 825857
283 516265 483876
284 637292 457262
285 548804 562323
286 297383 37992
287 57721 799148
288 563054 546242
289 380622 26978
290 327697 44469
291 281582 -74372
292 883733 135930
293 450749 -29905
294 877028 159203
295 -15750 848149
296 372027 -109803
297 520053 469025
298 967699 155047
299 549792 512961
300 436044 -41929
301 541248 509590
302 387093 25623
303 565597 561782
304 538038 582415
305 921147 303363
306 507033 577241
307 614585 602301
308 417933 28302
309 882644 200154
310 12256 860241
311 915826 220619
312 417321 17431
313 -10417 791898
314 168299 902197
315 862520 197852
316 76529 809577
317 362262 72563
318 456590 60042
319 8852 845929
320 335669 8837
321 914235 326756
322 864406 177587
323 637607 550967
324 556870 631833
325 548912 498995
326 265842 -18603
327 601269 543599
328 595521 564979
329 260580 -5536
330 -37410 845287
331 53734 845426
332 326393 43536
333 611003 508269
334 315775 29311
335 952050 235446
336 909707 175559
337 394088 66678
338 944886 292956
339 556183 581102
340 99125 891365
341 353338 71901
342 411741 1892
343 589345 626774
344 995074 123125
345 130762 742026
346 -12854 816002
347 900635 233827
348 475008 591262
349 32723 863659
350 315499 70257
351 575958 506847
352 381372 10346
353 964259 231696
354 8523 747449
355 343168 52696
356 394429 -7531
357 350544 57095
358 303529 -63532
359 895403 226954
360 93855 874860
361 34234 821176
362 927023 139700
363 333203 -106924
364 347702 91393
365 351358 -56900
366 906710 111306
367 898740 236645
368 272616 52329
369 24645 871003
370 10618 816214
371 924127 216396
372 620810 534906
373 346185 1965
374 524621 500637
375 902461 104627
376 557304 541715
377 650759 495379
378 919586 221839
379 406061 64564
380 52056 773560
381 415392 29735
382 917969 205591
383 889562 183783
384 23626 815047
385 316458 30328
386 386436 17344
387 -2483 826127
388 885629 216537
389 592927 554991
390 390666 74351
391 419595 -17743
392 885746 194143
393 514082 529293
394 886091 215908
395 631147 630144
396 268305 48389
397 607438 618468
398 379491 45320
399 64039 806646
400 590135 573977
401 942701 219657
402 929969 166918
403 980519 161107
404 903164 258494
405 340632 -5039
406 606795 496909
407 563174 471267
408 372146 -13060
409 261071 25844
410 378618 3500
411 85684 832383
412 431655 -40816
413 538025 498318
414 622044 546897
415 865190 236809
416 37909 857030
417 575954 486828
418 32250 748409
419 514878 435422
420 511053 633984
421 9931 834831
422 84750 866488
423 602733 562071
424 106615 869193
425 458474 -24841
426 607534 466443
427 908388 194513
428 826891 272281
429 401959 40514
430 54380 784272
431 657867 514435
432 867548 222525
433 316507 -12707
434 869123 235803
435 583070 541677
436 907620 189044
437 653837 605551
438 79447 863298
439 981654 263493
440 51309 906322
441 963711 172608
442 45954 902302
443 369458 33562
444 574883 617883
445 637732 538325
446 311710 37010
447 538106 472608
448 930102 133186
449 941992 179743
450 643984 500300
451 55923 876763
452 890038 202444
453 425464 -20985
454 920231 198829
455 566214 460397
456 335440 -31117
457 37106 868729
