NAME : portcgen-423-9597955
COMMENT : portcgen N=423, seed=9597955
TYPE : TSP
DIMENSION : 423
EDGE_WEIGHT_TYPE : EUC_2D
NODE_COORD_SECTION
1 249125 91766
2 233285 43073
3 298668 729661
4 741112 163693
5 176208 671973
6 591349 58331
7 699388 216902
8 302551 627288
9 229239 1155
10 266044 706109
11 680018 263005
12 704689 164603
13 636634 127545
14 262176 690553
15 316219 705224
16 281603 665516
17 667254 115629
18 327052 672235
19 730062 60587
20 149269 44801
21 731218 219403
22 262616 36105
23 224347 -31056
24 274473 729043
25 176755 782855
26 223552 -10689
27 641096 233444
28 297945 87557
29 633843 49764
30 226497 706041
31 313513 117500
32 580202 135458
33 673139 101819
34 717385 68926
35 728165 149541
36 287088 85778
37 189071 738610
38 202525 711898
39 560103 137916
40 698562 177974
41 695104 82434
42 266326 673114
43 572020 76266
44 674192 81424
45 766456 188867
46 130448 683649
47 748884 208102
48 556797 83830
49 626431 61893
50 170627 126562
51 186779 88625
52 301836 5498
53 622980 116431
54 283469 604244
55 280764 40717
56 314521 88406
57 205655 17861
58 697280 131989
59 172803 32481
60 257325 763008
61 300422 700010
62 235405 82910
63 179954 -16602
64 778259 219940
65 630375 63018
66 621997 105822
67 284770 78063
68 648179 5241
69 210579 151007
70 718745 178082
71 188696 705091
72 598532 96598
73 757535 135313
74 645608 64593
75 238224 734974
76 218529 731730
77 617938 95739
78 225815 103343
79 693506 152621
80 301535 31288
81 525343 82999
82 207086 671581
83 244930 51444
84 216934 56300
85 308923 703435
86 605102 42285
87 195296 681007
88 705518 140571
89 624444 193752
90 241222 672723
91 250112 660101
92 676884 234817
93 185746 714221
94 232004 753622
95 264172 16616
96 573131 162898
97 672809 43133
98 618566 123112
99 222686 -44889
100 580078 122430
101 733417 223702
102 655216 128323
103 720469 212457
104 696157 191111
105 231479 670960
106 253162 58170
107 735395 160115
108 716588 136987
109 247819 54592
110 292596 48647
111 231158 104221
112 695718 118152
113 238134 639988
114 285779 691977
115 239680 654534
116 670500 31503
117 225765 620382
118 216724 706326
119 621963 201671
120 294050 -71197
121 278086 94838
122 680515 165183
123 252500 9670
124 735241 301071
125 569315 86690
126 714466 156568
127 689006 194789
128 281168 711145
129 575241 140561
130 615421 120000
131 676139 228757
132 701571 150873
133 670269 105219
134 302312 79967
135 681776 146842
136 676928 223716
137 657243 93167
138 224269 26500
139 249405 31133
140 639219 211467
141 325878 736974
142 556476 87565
143 310247 714811
144 687453 199222
145 661415 67235
146 536150 159319
147 761955 218716
148 688062 108012
149 135513 20934
150 564073 110253
151 661865 94586
152 267029 664904
153 259527 100181
154 747440 141795
155 609312 154236
156 703247 62757
157 653335 225038
158 224779 718798
159 301888 624284
160 243119 62706
161 293383 693925
162 681932 58703
163 289431 61163
164 564269 167952
165 231157 588976
166 256179 115469
167 702634 233090
168 580483 102305
169 651375 95343
170 219866 715349
171 200610 59019
172 716103 202043
173 292219 832842
174 201696 682478
175 227680 72110
176 215022 678370
177 660381 155478
178 675963 85354
179 312826 689429
180 561796 108869
181 288739 616559
182 351723 4476
183 218333 709311
184 589513 138493
185 753562 142439
186 214068 121548
187 307498 117260
188 248286 77993
189 709497 119089
190 669979 161937
191 230475 85917
192 553363 43643
193 614457 110620
194 656949 134725
195 746861 132689
196 701542 208444
197 679645 88856
198 643265 43978
199 298620 42362
200 734270 120729
201 258345 723175
202 206713 687573
203 655634 -4699
204 687535 189095
205 281247 -39697
206 214349 44713
207 598242 106690
208 743445 229391
209 629452 93472
210 535578 87530
211 677885 172533
212 749144 134561
213 236375 34016
214 225086 67782
215 674604 59879
216 627339 99775
217 247550 746258
218 595577 95995
219 281394 723267
220 254908 689372
221 251533 671336
222 560708 99690
223 661976 180684
224 241278 646227
225 600340 142627
226 830891 199196
227 617680 31680
228 610828 23629
229 680206 126243
230 238042 703588
231 664563 152288
232 564712 111607
233 724170 207285
234 266974 62495
235 642440 178795
236 584830 219068
237 309693 670443
238 613607 47057
239 746100 104849
240 588901 95908
241 575500 106308
242 253135 624731
243 268451 738007
244 301696 711671
245 277570 691777
246 303287 711457
247 631682 232989
248 680083 175877
249 268140 87686
250 656572 252916
251 255518 37951
252 333641 -10425
253 666845 139741
254 657564 186044
255 694039 161303
256 707700 31607
257 163569 -63209
258 628902 227472
259 627945 94381
260 704384 130672
261 618176 9820
262 280391 647377
263 224931 671198
264 602940 41191
265 290293 715345
266 576685 110908
267 633258 101849
268 673118 159308
269 614764 245961
270 612460 117321
271 603278 172813
272 661595 63190
273 636649 289434
274 688670 161166
275 243818 75030
276 147003 704173
277 711268 214921
278 170729 -1793
279 769760 93589
280 654624 53465
281 732209 147036
282 167913 18172
283 284056 1513
284 211678 737795
285 210119 136211
286 601636 106022
287 662125 196600
288 660737 113391
289 222860 50646
290 199441 645276
291 720109 172131
292 197794 -31020
293 686759 62286
294 334392 83223
295 665552 137230
296 593923 133288
297 279721 25659
298 655700 118999
299 671250 79510
300 652262 102098
301 226907 730292
302 689061 30499
303 252362 64239
304 670039 161556
305 624291 122165
306 260014 738231
307 592078 104580
308 667445 81637
309 267378 104580
310 223889 688437
311 220193 760582
312 615289 72325
313 287920 678133
314 597518 90157
315 140246 -26018
316 248964 660966
317 693556 256729
318 563692 127898
319 769183 126179
320 712698 194786
321 196996 684298
322 748848 93084
323 216163 24806
324 270003 616321
325 259440 616905
326 202299 127545
327 216072 747038
328 664757 20356
329 317859 702250
330 748218 130661
331 682931 85553
332 614780 29046
333 224173 707834
334 632494 184166
335 238534 722500
336 677937 285707
337 150397 65522
338 160418 700971
339 255597 777102
340 170865 34
341 291137 687315
342 700565 151414
343 573544 200869
344 327465 746696
345 666009 58363
346 164546 586232
347 226920 748102
348 282738 67566
349 623942 46533
350 331438 619546
351 204915 691900
352 675760 235480
353 611095 105194
354 810758 146458
355 816597 206310
356 594770 34550
357 706348 168340
358 612051 35845
359 704277 275450
360 677395 122776
361 224605 67049
362 554484 104780
363 605197 75196
364 662100 158155
365 299511 632383
366 319560 700657
367 687046 227496
368 200966 96649
369 212681 628593
370 791626 220069
371 230718 719471
372 607235 149971
373 713924 157984
374 671610 181437
375 309883 -2520
376 545884 99970
377 304340 713877
378 173980 732634
379 307357 644629
380 227096 60584
381 719711 309924
382 193788 637164
383 592019 50688
384 671152 128537
385 329661 735625
386 271232 100110
387 232834 16450
388 255425 682049
389 268287 689483
390 647127 156182
391 593087 43758
392 219910 679478
393 642672 194491
394 229027 715983
395 646659 101104
396 241232 687894
397 197096 30104
398 224878 665995
399 299431 642057
400 329416 738470
401 228707 740961
402 290140 731965
403 277958 45410
404 319771 692593
405 662943 224303
406 692971 118595
407 327013 24051
408 224023 684766
409 642015 170850
410 236497 -15273
411 719115 167397
412 679424 112754
413 815740 67663
414 375986 627056
415 646351 146366
416 268011 109940
417 290986 629503
418 330206 704012
419 269114 75033
420 177599 61435
421 278544 667548
422 681606 170141
423 257242 48139
