NAME : portcgen-401-5389386
COMMENT : portcgen N=401, seed=5389386
TYPE : TSP
DIMENSION : 401
EDGE_WEIGHT_TYPE : EUC_2D
NODE_COORD_SECTION
1 794524 816899
2 376451 410412
3 440159 521410
4 397873 328911
5 -23833 584238
6 46549 518121
7 -8439 646434
8 263824 493240
9 691364 831187
10 668831 736398
11 524305 432303
12 410357 487434
13 515389 417160
14 486599 365269
15 648794 905936
16 621748 826923
17 441639 256094
18 555799 360797
19 543073 262403
20 -49636 524957
21 432051 417409
22 414347 443514
23 441831 410168
24 659864 862424
25 480934 356832
26 451915 375152
27 576817 903305
28 525810 435532
29 417458 295303
30 722479 831687
31 352572 484363
32 -99698 683664
33 373640 426161
34 563399 834446
35 490051 312973
36 429512 518686
37 74098 572633
38 52859 543615
39 433385 299516
40 19178 612713
41 -24258 503859
42 99219 555286
43 500499 356288
44 461312 351764
45 574184 301724
46 740523 917078
47 436863 343421
48 675440 788316
49 515223 419629
50 31506 567610
51 658418 840436
52 -18440 525931
53 688631 843675
54 409124 437611
55 -68873 592656
56 -32565 619855
57 45583 548970
58 370471 563779
59 398262 586478
60 419503 342360
61 759686 782686
62 349352 493220
63 66330 582682
64 408357 517124
65 403819 494043
66 680576 825601
67 653483 902803
68 49482 550524
69 427857 257959
70 34712 654219
71 470618 362429
72 427417 382466
73 687518 880228
74 456242 419119
75 521472 825854
76 41542 560200
77 376133 469706
78 434407 404041
79 19311 531349
80 108700 653953
81 17371 592740
82 12083 610942
83 539735 404458
84 373068 377841
85 15907 591319
86 630534 869348
87 621177 814535
88 -21543 658953
89 369656 506406
90 54665 569041
91 712901 812969
92 761089 930868
93 642763 725959
94 732574 860898
95 45416 580366
96 460115 373432
97 668354 846958
98 579092 301178
99 329893 465663
100 310095 409245
101 353861 454294
102 411017 567172
103 409400 339768
104 569876 893380
105 394460 496987
106 -29846 557136
107 416711 241542
108 30640 475664
109 26471 524841
110 480729 300975
111 641876 881531
112 677610 809001
113 341374 461153
114 509274 300849
115 26584 447570
116 489432 376770
117 553998 338099
118 369980 515030
119 530280 346343
120 45901 597151
121 41300 571308
122 391747 356638
123 476493 354262
124 617597 895480
125 487705 281004
126 552116 308086
127 59317 454076
128 23004 594422
129 372708 423108
130 29758 542019
131 416784 509287
132 63880 582701
133 672851 868338
134 39159 501994
135 647559 844458
136 492517 325220
137 -5433 546845
138 512710 367030
139 15645 638373
140 58661 525628
141 -15505 609083
142 -23688 583174
143 489862 333876
144 360220 496666
145 -5637 634191
146 413604 492411
147 -72925 525393
148 447283 441812
149 403379 495973
150 710861 834559
151 -72479 506031
152 736669 852333
153 470875 373525
154 472237 305128
155 356755 412056
156 434673 315783
157 15953 551490
158 444728 292653
159 7006 599776
160 385697 474098
161 581123 881196
162 725166 858714
163 523665 313433
164 420265 347478
165 -17141 519252
166 -19685 559870
167 65206 633375
168 590128 868398
169 381014 542218
170 448483 453303
171 -6683 529828
172 -661 544537
173 403973 467204
174 23640 549699
175 360182 316192
176 -7506 615276
177 405369 531692
178 624457 876399
179 634817 679374
180 493171 277542
181 618469 796461
182 648543 851815
183 481407 403891
184 497721 262320
185 372084 540544
186 311356 474591
187 498836 337032
188 102334 606126
189 34291 611258
190 435228 390505
191 388739 329159
192 62899 501773
193 443193 310442
194 22540 669064
195 462155 259442
196 387362 512721
197 473650 379313
198 401765 540376
199 425504 492023
200 629022 867571
201 524846 620756
202 784986 925462
203 59580 588250
204 49998 634590
205 32852 589003
206 591691 852616
207 691932 888057
208 27131 515947
209 -64730 570695
210 490851 308512
211 239935 588959
212 -15894 562716
213 27644 566843
214 496608 367738
215 -42287 701996
216 332010 426628
217 -15923 647911
218 56443 539061
219 699221 797219
220 666833 822543
221 639671 707455
222 389726 498677
223 9983 597999
224 420299 517673
225 366011 452850
226 221311 428446
227 355767 482953
228 457933 323929
229 535971 343184
230 -29786 563054
231 403090 377295
232 -1807 589572
233 402997 331604
234 589356 845018
235 720927 778892
236 292667 478858
237 -54362 548634
238 377465 323534
239 16459 594937
240 83194 521626
241 -53524 550127
242 425409 479305
243 637487 794873
244 709865 965314
245 39305 608908
246 18107 518155
247 397096 500257
248 329194 536280
249 606965 839259
250 471258 326030
251 514684 363129
252 65364 490856
253 605463 393122
254 633133 801293
255 662322 807709
256 411378 393692
257 358730 444015
258 693053 749796
259 389907 468511
260 706945 723656
261 518109 283364
262 2755 669933
263 480962 373519
264 662451 849537
265 570288 852036
266 134369 611320
267 451023 329348
268 471619 301052
269 15821 511260
270 118355 621457
271 430681 345428
272 432837 270140
273 513424 430726
274 97721 572029
275 622047 819928
276 644230 839667
277 331804 516967
278 9445 528389
279 41366 575766
280 299633 450644
281 720787 837471
282 548250 836531
283 682610 818973
284 639336 806214
285 88151 612022
286 696607 876334
287 731415 876357
288 482979 331780
289 483185 421569
290 356044 450852
291 504438 320667
292 680254 817386
293 335592 471219
294 503710 258144
295 422434 355444
296 382883 435083
297 670395 761603
298 71134 598225
299 1281 574573
300 -3746 520992
301 550817 447033
302 294545 473810
303 50566 638628
304 -50060 578802
305 369990 499197
306 31162 544912
307 314204 487552
308 19590 524575
309 311218 534099
310 672680 927749
311 85888 534981
312 649612 797927
313 732626 880943
314 561400 837442
315 436061 412899
316 730226 866541
317 297647 489085
318 380086 475742
319 4005 556890
320 31806 607592
321 635301 802105
322 663121 814349
323 101597 485048
324 783994 944386
325 665366 839207
326 613630 829681
327 12542 564220
328 71159 558063
329 464762 361293
330 431145 433930
331 465551 465159
332 350775 493493
333 544667 298859
334 767648 813042
335 620482 760657
336 653173 816261
337 494823 354742
338 389712 526468
339 562289 771395
340 1300 621702
341 402863 351594
342 468625 315283
343 80338 575217
344 386810 460307
345 423868 463603
346 -15558 599009
347 646095 725505
348 675885 763680
349 -4058 591859
350 456110 252259
351 656338 807294
352 23126 654170
353 456015 363998
354 381666 531260
355 -88621 567465
356 435513 377578
357 616364 791940
358 413349 420789
359 378177 329022
360 84472 611453
361 392056 476109
362 392647 535415
363 362934 495220
364 679158 816328
365 492020 341212
366 -523 629222
367 662993 833404
368 729174 780981
369 334552 393792
370 91402 624746
371 303397 460506
372 402922 457108
373 333017 583567
374 669096 854094
375 647684 830545
376 336066 539974
377 594589 818202
378 381638 514528
379 487823 369710
380 12316 551285
381 362517 429948
382 696107 759813
383 699287 864016
384 623440 371529
385 34844 595886
386 663070 868290
387 679322 882534
388 -78914 544114
389 396742 494851
390 644395 876582
391 390983 409936
392 754191 850199
393 313002 499733
394 279188 408747
395 -53364 625147
396 476515 326255
397 644814 806044
398 40226 466863
399 693780 911490
400 504144 418451
401 511228 343995
