NAME : portcgen-426-8509754
COMMENT : portcgen N=426, seed=8509754
TYPE : TSP
DIMENSION : 426
EDGE_WEIGHT_TYPE : EUC_2D
NODE_COORD_SECTION
1 996394 421055
2 905079 409472
3 21642 274073
4 38098 184740
5 157475 306755
6 886296 464797
7 -12777 308627
8 792913 404479
9 274992 411368
10 -30299 373546
11 292974 401570
12 -20743 339857
13 338530 398326
14 55305 314764
15 995145 427751
16 92053 328983
17 308689 362924
18 -62103 283592
19 920780 370039
20 56192 348608
21 946590 472506
22 886685 404120
23 959291 491647
24 274360 317925
25 78572 282190
26 328200 394194
27 107488 259749
28 301518 339241
29 44257 368243
30 275957 420485
31 855067 410887
32 37308 364594
33 -25304 285156
34 264472 453115
35 346105 347120
36 39485 376801
37 395656 425134
38 39543 376771
39 112927 230620
40 42346 306480
41 278604 445059
42 268374 385418
43 820001 467654
44 263764 286630
45 280597 384863
46 190583 269553
47 181462 239120
48 218917 338066
49 53971 375373
50 899140 390063
51 35073 318870
52 877308 472149
53 -9934 272303
54 25131 300962
55 -54771 306970
56 892290 463368
57 147015 287133
58 -4502 367214
59 279888 335898
60 47289 265688
61 39071 279782
62 -52600 317339
63 98378 292401
64 -40827 393440
65 361982 386810
66 926649 426648
67 888451 441677
68 238961 378525
69 -20696 311194
70 365629 363580
71 36001 139284
72 109555 301151
73 295707 594172
74 -40575 422002
75 37183 333938
76 109319 291313
77 289766 283686
78 303846 479626
79 388393 356868
80 390098 361000
81 395543 382845
82 10617 371339
83 175810 267410
84 342205 456152
85 -20607 238171
86 952787 515417
87 72104 245894
88 24726 267423
89 -39904 385724
90 42674 448776
91 928478 357336
92 26986 363593
93 96482 330285
94 859632 436080
95 244653 422971
96 145065 304364
97 986160 405537
98 64523 380813
99 924616 423424
100 934321 432026
101 311452 397632
102 115105 348172
103 845659 394269
104 842223 416487
105 834117 389868
106 76950 424836
107 903200 374906
108 219048 393466
109 34934 303291
110 264057 420617
111 906460 447286
112 891733 414936
113 -21241 484639
114 -53830 364106
115 960973 436457
116 -13685 381572
117 109849 319302
118 114285 317275
119 285507 377189
120 956234 359927
121 170046 271175
122 -7086 373650
123 942653 395121
124 255530 397655
125 100627 275580
126 25762 332961
127 45024 303004
128 17484 334578
129 2716 326021
130 889795 348683
131 56103 223562
132 938763 389556
133 -53615 335877
134 73445 242028
135 79583 273427
136 115111 278365
137 892634 371778
138 879491 369982
139 939655 461948
140 60306 286870
141 30336 384328
142 85560 341418
143 44589 357973
144 12824 354703
145 -326 301092
146 854635 448909
147 399396 420516
148 -59658 418770
149 303863 359138
150 848796 440176
151 280580 416701
152 403 380254
153 84121 301259
154 -18491 412327
155 279440 361705
156 325645 281380
157 1394 387518
158 954636 412800
159 956917 403969
160 298241 423329
161 74754 438007
162 216895 408360
163 -33240 323125
164 972032 471034
165 9214 361193
166 36996 353204
167 939774 371158
168 233828 392482
169 356807 397129
170 99595 255256
171 328409 387281
172 -3414 180345
173 176936 266835
174 3253 279448
175 106523 297569
176 837849 488273
177 889813 365337
178 -63196 376902
179 912580 380449
180 120980 389249
181 900884 426161
182 -5190 306112
183 -25078 372989
184 322911 360908
185 126128 264364
186 140784 280871
187 342648 393306
188 2282 371497
189 922382 468396
190 6245 258564
191 230592 345832
192 -68966 281076
193 252349 461394
194 894671 425909
195 902078 380503
196 883035 375887
197 67276 226863
198 320828 361546
199 970363 451285
200 295595 371853
201 -7146 364933
202 30363 289520
203 116947 393270
204 15692 339597
205 25362 353578
206 126345 271322
207 -10930 383149
208 40728 308005
209 112515 298111
210 966723 448426
211 51341 279325
212 27953 201789
213 28665 334033
214 234753 312297
215 77744 305667
216 96061 369091
217 361725 375173
218 323604 460338
219 44473 353374
220 321772 341038
221 -29333 450005
222 60999 303554
223 70933 194777
224 388419 458212
225 893143 426509
226 19423 272669
227 81621 233106
228 866748 387171
229 316179 406525
230 281114 325209
231 -3963 338436
232 201894 361347
233 143483 267327
234 89410 318828
235 23832 435890
236 880163 501146
237 120926 368729
238 879578 441126
239 30842 296585
240 892722 491570
241 349927 469389
242 868263 408928
243 975072 491715
244 -26673 393933
245 304706 377372
246 141283 219999
247 998490 524290
248 115583 395332
249 67569 270614
250 336880 364574
251 -35619 368511
252 901374 503903
253 17556 217947
254 954898 433838
255 273264 360428
256 377764 315264
257 919556 443206
258 960530 358053
259 346983 385984
260 85309 314667
261 896918 362723
262 348978 466935
263 922297 456878
264 45272 323871
265 304907 398264
266 -11635 310421
267 281859 471319
268 948593 393945
269 32778 343023
270 307816 392442
271 29417 261680
272 998575 404979
273 37181 271704
274 928367 301467
275 49978 313738
276 859419 409252
277 308872 497311
278 398592 381917
279 -26796 383595
280 280347 452023
281 61168 353771
282 67032 332792
283 44312 379102
284 340464 402864
285 935279 517769
286 870764 478466
287 874510 408853
288 851493 409835
289 92251 204598
290 -79967 237630
291 961376 421303
292 5090 464666
293 43087 425731
294 308894 385423
295 74205 371465
296 144716 283661
297 882915 413507
298 951265 420062
299 225704 430573
300 136532 314117
301 141527 313673
302 -43471 372266
303 133249 313667
304 274490 370626
305 971805 426221
306 271144 378266
307 868534 400519
308 64669 222268
309 314583 396394
310 376706 329794
311 898351 466015
312 66428 245474
313 338602 342780
314 263 380530
315 55520 435900
316 955295 388057
317 305887 384709
318 96266 292062
319 -19526 340345
320 21240 331536
321 71834 293689
322 27621 336389
323 92619 373802
324 150785 233749
325 949256 381820
326 262604 404527
327 344405 392534
328 913591 436214
329 288134 374313
330 97700 281672
331 251364 307247
332 929482 512620
333 -21381 480225
334 226618 386556
335 36315 350885
336 261941 446077
337 1831 393627
338 934906 390001
339 888138 447023
340 310111 477088
341 262086 385510
342 62292 179024
343 239365 421323
344 10832 349328
345 -28339 363426
346 18911 379366
347 48238 420304
348 29856 386319
349 851744 453896
350 59380 435565
351 31729 395116
352 988230 515336
353 282136 361019
354 368734 375930
355 61743 263967
356 -21093 235616
357 70286 276670
358 878081 402789
359 829574 465848
360 101001 252251
361 903465 336608
362 882282 423331
363 226174 342270
364 58939 384187
365 899197 386271
366 31347 345127
367 360736 327643
368 -47905 335523
369 927194 487612
370 949957 385869
371 922056 433295
372 867732 408761
373 905491 508158
374 856948 453254
375 963243 383997
376 274708 441544
377 79428 313720
378 838213 365228
379 251137 342589
380 -42138 338355
381 340710 519328
382 61299 208850
383 16679 240157
384 922843 413846
385 110001 327799
386 -47844 336037
387 297856 435462
388 90401 336755
389 9932 323411
390 26874 337726
391 25258 391506
392 337352 329716
393 298500 440254
394 1047156 415856
395 70280 356457
396 304829 385293
397 81564 356120
398 902384 411035
399 238736 406494
400 254189 374074
401 115332 185202
402 56924 256357
403 7952 367381
404 328994 460538
405 118990 333916
406 53124 342706
407 -52985 298475
408 67648 221760
409 963541 397080
410 286355 462920
411 310096 430949
412 864944 376390
413 281007 389264
414 909641 370321
415 889843 433352
416 29499 204727
417 905829 419818
418 251970 415519
419 890232 465580
420 348012 330381
421 323064 393643
422 21676 285475
423 1008666 383583
424 373328 381587
425 248564 448386
426 -65444 394596
