NAME : portcgen-559-9211100
COMMENT : portcgen N=559, seed=9211100
TYPE : TSP
DIMENSION : 559
EDGE_WEIGHT_TYPE : EUC_2D
NODE_COORD_SECTION
1 978873 197704
2 419564 959044
3 900221 279448
4 790007 605046
5 398359 964779
6 109072 811773
7 144590 853038
8 184660 813460
9 313614 939516
10 904726 266358
11 411347 936467
12 326451 872847
13 806671 596975
14 924397 195879
15 115507 823148
16 813823 588309
17 356672 938124
18 450803 937826
19 879649 289126
20 337371 942994
21 423032 906731
22 962422 308164
23 937261 262127
24 350542 907873
25 309235 909654
26 145153 822799
27 290152 954138
28 407720 952584
29 324526 934598
30 939408 344296
31 864927 274245
32 312420 881064
33 159383 810142
34 851593 644114
35 961117 282014
36 888108 211220
37 367655 871002
38 375011 928613
39 794600 632649
40 909183 209775
41 907590 276386
42 191567 882102
43 270299 978815
44 136509 750199
45 347851 867229
46 979781 225222
47 878203 299608
48 303161 992501
49 142277 747441
50 167127 838273
51 767934 612567
52 95362 800932
53 101169 898807
54 420842 1013551
55 861817 556584
56 354839 929987
57 828479 586514
58 338402 920951
59 799083 593680
60 309123 947010
61 131980 770140
62 113431 804141
63 270762 927338
64 97619 746839
65 472963 972763
66 141710 847913
67 462790 885046
68 862445 679861
69 280415 863504
70 133804 867318
71 403699 935512
72 938555 249524
73 387231 892510
74 338174 905625
75 114919 856709
76 441282 908231
77 338115 917992
78 76938 802653
79 354579 860642
80 284511 895480
81 239794 878316
82 448217 971166
83 943828 211849
84 372538 965162
85 755626 590959
86 381815 979746
87 404964 958197
88 294385 900511
89 55943 749108
90 266790 937569
91 85303 764041
92 933601 287424
93 100978 765130
94 158994 794645
95 441273 919487
96 309015 871759
97 809853 617782
98 890915 540347
99 305765 883166
100 279807 957416
101 9880 823775
102 388463 956016
103 422149 939866
104 277750 901120
105 436711 1025869
106 399142 965480
107 888637 259970
108 823333 576579
109 382935 951536
110 908537 226501
111 863115 586879
112 100539 789971
113 316047 926935
114 265453 928852
115 381346 946348
116 826897 552700
117 776857 623553
118 934367 294740
119 55365 817170
120 184637 871883
121 880866 256571
122 156249 767002
123 699777 575569
124 335743 850634
125 308938 974176
126 738526 627372
127 413014 901184
128 962317 254880
129 450602 925277
130 161038 832459
131 124734 807965
132 471158 983696
133 371503 927408
134 326823 966406
135 402596 929499
136 845069 661945
137 876152 293710
138 88565 787322
139 399873 891582
140 834258 240832
141 793125 647603
142 409071 912979
143 457474 948495
144 842143 603561
145 955351 251742
146 101564 757696
147 446606 929920
148 844707 568330
149 838341 638956
150 344541 1002970
151 893763 291723
152 880582 329194
153 910549 243387
154 828823 597567
155 913680 233614
156 327064 929624
157 844328 243939
158 57402 900144
159 108765 773219
160 388783 914906
161 391866 893995
162 284768 969036
163 43111 738583
164 771738 572649
165 983514 246734
166 117057 807031
167 789026 618404
168 816497 669630
169 386568 908813
170 57548 819638
171 1024247 271502
172 835976 595569
173 380769 899881
174 898790 239226
175 195050 894563
176 157759 752813
177 795308 639407
178 843240 623353
179 214305 742635
180 931621 274224
181 118908 722988
182 390304 891538
183 438145 900948
184 825004 589358
185 292642 960440
186 791141 608201
187 355667 965033
188 78880 801796
189 136077 841331
190 386749 896714
191 106470 831349
192 938479 262494
193 368332 898027
194 789251 604584
195 821835 238971
196 279977 891672
197 297126 977926
198 149866 799055
199 317716 937484
200 849276 622302
201 979913 309708
202 315480 987794
203 427123 937135
204 10793 817799
205 349454 962962
206 835807 557973
207 119610 791867
208 498267 998373
209 452590 907438
210 927141 226024
211 956048 210411
212 376110 875638
213 169651 813718
214 425311 981642
215 369278 944191
216 859198 555637
217 843842 561046
218 291441 926175
219 350009 902077
220 73451 736150
221 341068 881682
222 338899 970710
223 392447 872055
224 272802 838283
225 397108 924354
226 405070 914704
227 327132 907208
228 276814 912115
229 925403 263330
230 351681 940632
231 105028 843340
232 816686 614988
233 920359 262905
234 311327 936898
235 896378 162407
236 54055 766854
237 178293 797144
238 284534 858141
239 867395 205451
240 53118 863403
241 390852 989974
242 328964 892610
243 70562 837416
244 449621 885481
245 796589 723411
246 309753 1016224
247 791504 613257
248 895024 288099
249 21640 802480
250 838904 641468
251 147696 831989
252 286037 974822
253 342248 852283
254 956082 236797
255 859159 187920
256 782565 594195
257 304945 801179
258 890520 359386
259 372692 904956
260 929515 238919
261 765845 637966
262 962564 263546
263 793173 621217
264 462027 900723
265 445243 927779
266 378162 985344
267 344332 891412
268 97281 812013
269 970889 256863
270 401652 860641
271 451180 971572
272 849694 612773
273 816341 365924
274 759669 627918
275 448698 933167
276 394757 927085
277 856562 254945
278 986051 274927
279 180000 829201
280 798189 538683
281 860291 305940
282 118868 763671
283 299935 923947
284 284159 961366
285 306913 863213
286 307189 894801
287 557280 835043
288 421469 830578
289 115887 768122
290 431196 906544
291 881579 560371
292 431032 899136
293 313552 939234
294 410135 941333
295 390038 911194
296 798144 589987
297 773815 576997
298 384658 949141
299 203334 771360
300 867542 275052
301 310384 962461
302 163516 771911
303 739088 599852
304 869765 582819
305 443047 980669
306 270686 922620
307 168744 804479
308 909650 174602
309 892604 198086
310 955891 241685
311 924621 637745
312 823505 586423
313 317361 894621
314 424328 872223
315 921165 221782
316 264248 880426
317 383045 979559
318 869655 625831
319 289351 955668
320 407538 943921
321 125995 838708
322 749289 614205
323 888945 615258
324 956066 248028
325 750793 611354
326 412875 956877
327 961452 287571
328 411973 990546
329 82494 831316
330 278938 922037
331 896236 263320
332 841163 185547
333 324549 866042
334 424245 925582
335 797419 591933
336 900503 303530
337 964641 224320
338 395132 970768
339 320527 910195
340 375953 1048375
341 375898 883203
342 888537 264598
343 951846 280207
344 937570 284357
345 446877 943487
346 138188 762795
347 919097 285528
348 410336 931675
349 286127 883153
350 387888 928921
351 895742 186012
352 286432 956427
353 975357 291762
354 200289 833972
355 978255 224295
356 902125 269739
357 431896 884703
358 968175 231181
359 487563 964836
360 833581 613450
361 783238 606842
362 64840 686579
363 823191 663704
364 89592 772652
365 403840 887999
366 870464 299186
367 67961 748395
368 928090 165805
369 -11672 821174
370 411285 973895
371 781539 612647
372 315253 948261
373 135331 811388
374 400975 900477
375 824545 515346
376 472926 1005067
377 440409 984368
378 384971 964471
379 349543 911660
380 310043 947944
381 853935 673512
382 397765 921934
383 177197 845158
384 429115 966561
385 431412 1008343
386 174619 832679
387 798124 591817
388 884246 610289
389 426252 992855
390 868961 607145
391 176491 816777
392 502302 889786
393 375093 929650
394 913652 262025
395 153457 854902
396 769199 616958
397 321164 890368
398 958443 282321
399 358180 899134
400 156008 834233
401 115319 793536
402 836968 575851
403 91484 809091
404 110943 769188
405 863498 248248
406 879022 236493
407 179713 882876
408 62548 785829
409 347112 917247
410 852292 233303
411 960435 273869
412 431427 958011
413 887667 443059
414 889836 209548
415 357323 944214
416 902450 251009
417 177363 859813
418 907188 179686
419 84155 893326
420 973785 270030
421 994210 345325
422 383520 913091
423 314772 933233
424 349632 905575
425 790092 566466
426 954704 306993
427 75745 774533
428 71642 811496
429 858865 267340
430 330597 851268
431 96428 841592
432 828173 601600
433 322611 1027497
434 428151 987617
435 803663 641676
436 804789 639075
437 808291 620772
438 337342 899908
439 111284 815550
440 112844 804689
441 267335 972754
442 373346 885306
443 360016 914598
444 392725 908755
445 950199 246365
446 404416 908395
447 804642 572594
448 733369 602619
449 902834 264562
450 809334 541494
451 945927 319329
452 890152 232685
453 303661 896625
454 180300 753585
455 406569 843800
456 346097 899130
457 784116 606229
458 108306 855684
459 797401 603143
460 405473 881406
461 905941 243883
462 411184 928846
463 273044 892088
464 367564 927082
465 122184 825682
466 826218 567213
467 34239 743361
468 294544 924834
469 347228 898418
470 883053 279245
471 901857 283766
472 762736 572488
473 419002 921739
474 358730 906790
475 72755 767866
476 410204 934770
477 96105 859442
478 953121 195500
479 400239 862086
480 276016 953536
481 863941 552231
482 787365 643414
483 351627 910625
484 356832 1014815
485 963095 279599
486 953900 344553
487 119076 789109
488 980103 311698
489 228464 970342
490 931381 207317
491 472790 946900
492 415787 908206
493 944583 223246
494 384457 913986
495 806877 597278
496 24040 868432
497 417114 825089
498 247227 935367
499 419532 907149
500 393782 923213
501 376278 857243
502 903046 225970
503 298049 872106
504 306671 910332
505 280568 881660
506 312053 973431
507 950964 154355
508 830681 317687
509 423401 946478
510 825176 562254
511 895500 239821
512 406626 908353
513 266278 882588
514 767903 685145
515 103392 807714
516 356000 887526
517 889506 224421
518 915357 266790
519 421758 920928
520 146249 849858
521 354748 822483
522 356058 912455
523 825962 595319
524 1040370 325492
525 115024 761040
526 353342 993738
527 863729 604585
528 195482 717357
529 929010 274433
530 1023091 245081
531 204520 800969
532 736696 569566
533 451017 938527
534 858298 178609
535 359444 833950
536 296815 980306
537 177546 839901
538 282674 1002273
539 333455 895991
540 364747 959900
541 368979 888828
542 913361 258150
543 442502 927560
544 323551 918533
545 916113 257373
546 795384 602154
547 182680 828576
548 98577 877566
549 455765 911695
550 82463 804712
551 106829 815576
552 355095 931141
553 903969 267639
554 162330 859616
555 372840 845812
556 340258 903236
557 702844 645429
558 98884 855375
559 744568 625440
