NAME : portcgen-467-3428897
COMMENT : portcgen N=467, seed=3428897
TYPE : TSP
DIMENSION : 467
EDGE_WEIGHT_TYPE : EUC_2D
NODE_COORD_SECTION
1 1017991 81697
2 675750 238878
3 279389 523633
4 301782 528303
5 887931 124650
6 664521 243106
7 292292 538226
8 930414 88187
9 992134 161603
10 632750 199699
11 642806 253607
12 594746 284672
13 558270 229682
14 959386 87781
15 592962 141395
16 683801 266027
17 604907 190010
18 890475 74232
19 619226 249785
20 588286 176469
21 594235 249164
22 273276 465640
23 553515 101578
24 921547 109728
25 279778 532797
26 330616 498398
27 574367 170472
28 1047366 115937
29 569884 146719
30 605130 254256
31 320064 595000
32 249578 543146
33 604852 314972
34 965215 114807
35 253273 453823
36 296776 578441
37 291616 550580
38 966996 124555
39 615674 264331
40 255196 557792
41 935014 62127
42 937838 115933
43 614553 187910
44 578753 236790
45 547823 230452
46 595293 175974
47 979492 147827
48 325129 549610
49 340999 473539
50 556887 207138
51 600477 182249
52 958375 67270
53 931680 100184
54 911888 133556
55 947127 161753
56 634415 228618
57 537522 268956
58 238347 558504
59 952591 97801
60 597778 281164
61 895995 121512
62 598282 291574
63 591055 181527
64 517362 201713
65 678654 259319
66 974194 102733
67 565566 175313
68 608938 263315
69 835366 55936
70 713470 308593
71 382095 542530
72 557595 238978
73 582748 214314
74 592889 205969
75 292977 530578
76 595757 388368
77 647766 190925
78 607681 144351
79 546534 248737
80 617091 200880
81 935083 177407
82 944035 143517
83 208833 474667
84 375341 523986
85 516515 218959
86 667548 278102
87 928877 116465
88 300300 507403
89 874478 118318
90 672773 252954
91 657059 242637
92 644168 211970
93 615209 270691
94 963041 84484
95 964874 157311
96 932353 49324
97 590778 101171
98 319752 647305
99 945237 8873
100 583909 157536
101 974777 45113
102 934946 129510
103 327792 532204
104 917906 136884
105 718524 250004
106 282755 631398
107 551318 142064
108 989865 89907
109 613443 109949
110 957310 121363
111 312564 543490
112 286300 523989
113 649291 289281
114 371991 525467
115 659916 268368
116 648384 198412
117 953676 155908
118 1045880 96348
119 597229 317610
120 581808 191230
121 575399 197075
122 621157 250217
123 906485 28472
124 959024 79545
125 659526 177425
126 604727 286189
127 625220 226910
128 531896 296577
129 585016 227657
130 587102 298301
131 928074 110966
132 919827 19548
133 981428 167092
134 618559 156468
135 600277 256854
136 335749 457176
137 677703 131916
138 624022 297061
139 308288 525695
140 280828 538593
141 475712 221048
142 601752 191663
143 884396 75191
144 615091 248494
145 494097 218866
146 1027854 61353
147 980415 86687
148 633156 231170
149 612293 331114
150 307705 506405
151 302551 536819
152 580258 180327
153 678100 212002
154 620824 259926
155 314292 542111
156 640987 198376
157 264071 596765
158 675980 209287
159 267783 591066
160 244502 499066
161 318786 566085
162 987419 115638
163 577703 218790
164 501336 211891
165 904913 90763
166 912999 142887
167 897697 106776
168 579074 125876
169 994110 144372
170 934158 93126
171 318954 518518
172 525045 244368
173 600447 152013
174 607191 261701
175 623087 228904
176 621765 211371
177 1017430 101113
178 677024 151892
179 262092 508369
180 576800 187760
181 544081 295771
182 428922 555334
183 591480 207049
184 304151 634326
185 527535 233603
186 310932 551123
187 603461 146019
188 991328 114827
189 928468 133519
190 278034 500986
191 635576 249372
192 666926 219810
193 627753 209439
194 248941 495665
195 600039 165556
196 1042330 169492
197 991515 151615
198 323165 522078
199 890052 134723
200 989184 113481
201 885181 148727
202 989007 110980
203 516720 178562
204 268073 618593
205 261007 491331
206 862263 87377
207 263069 520048
208 630558 262426
209 974987 97459
210 526450 172193
211 620939 261827
212 685946 215124
213 663948 161523
214 561886 211711
215 355835 579207
216 972257 115878
217 296570 574517
218 1008783 82764
219 621054 317891
220 605233 112929
221 647049 243217
222 563465 180672
223 630459 212975
224 910575 102914
225 1008813 53288
226 347359 532515
227 534527 233400
228 635362 297405
229 977327 120325
230 604358 250920
231 1009068 64275
232 334714 634042
233 601514 139928
234 286956 570224
235 674186 146897
236 1020756 186168
237 350366 517682
238 974041 137229
239 599642 253285
240 319885 560662
241 590712 232332
242 536819 154157
243 565300 198253
244 979169 139049
245 681885 199181
246 974184 105638
247 284943 579405
248 330733 594367
249 921631 125776
250 529956 251540
251 931971 116604
252 987523 109088
253 313686 527810
254 680209 168802
255 661309 172151
256 574733 203335
257 940305 98585
258 267070 583723
259 617569 259164
260 903700 72310
261 989784 165558
262 947908 65218
263 596148 252420
264 626176 232644
265 315576 588571
266 951021 105627
267 585553 201224
268 621308 267110
269 591596 283163
270 249673 616729
271 619969 165799
272 202423 438955
273 613310 194540
274 577623 238805
275 543478 187220
276 319223 457195
277 951571 35267
278 642709 241309
279 325490 446200
280 487877 232384
281 646797 110026
282 614170 208834
283 609302 242469
284 408037 484312
285 549803 131785
286 621031 156314
287 534959 150231
288 344903 584152
289 604868 208395
290 539253 264513
291 238087 465165
292 584131 150100
293 612497 200132
294 990314 140112
295 645683 238181
296 1042475 104069
297 881549 2946
298 600040 176281
299 931980 128017
300 615303 250862
301 601505 159730
302 952840 59862
303 353826 507903
304 876924 124210
305 652924 295429
306 330291 565730
307 944167 116381
308 860695 97273
309 568795 295062
310 216789 613486
311 525602 199641
312 569294 276910
313 241699 490624
314 330984 537157
315 571040 226817
316 678940 202202
317 657871 128097
318 289691 603696
319 564538 235452
320 979062 67073
321 612015 212650
322 1042932 14065
323 287439 522950
324 896552 140999
325 273103 495834
326 983016 173402
327 696348 288779
328 574708 226882
329 955421 129613
330 601421 253352
331 627325 230565
332 355206 580433
333 578759 205820
334 299804 476912
335 293820 546150
336 324971 487702
337 890895 140419
338 614772 269755
339 245569 538765
340 897226 61079
341 984127 102447
342 629128 207958
343 572778 318570
344 565029 215977
345 610281 177668
346 340580 592322
347 1044631 102733
348 276921 524719
349 640584 255877
350 578932 294917
351 639059 216951
352 575579 290205
353 592842 171442
354 293631 486776
355 640433 188617
356 602935 159610
357 623328 239656
358 570731 153493
359 301095 544392
360 647302 195134
361 269898 596973
362 323383 534921
363 972016 148426
364 989666 82819
365 1023485 115621
366 943986 135450
367 275272 493890
368 956898 133565
369 609748 244997
370 215290 545870
371 555733 334556
372 899030 99620
373 1028914 119270
374 304364 435054
375 592356 251886
376 1017827 108340
377 610317 213760
378 567045 215802
379 178835 532154
380 585302 191700
381 527486 271435
382 230814 501855
383 336013 516997
384 657976 224857
385 641881 304236
386 652822 311548
387 588963 185994
388 938762 81649
389 570794 303503
390 878499 105319
391 204106 519526
392 681720 257587
393 267663 540678
394 270616 453602
395 603299 253186
396 571117 169731
397 621485 186594
398 297423 570745
399 581594 227808
400 671257 181415
401 611328 151113
402 533857 230288
403 619352 250373
404 258776 527898
405 605284 229534
406 305208 512035
407 692422 287819
408 1009367 57520
409 927286 154361
410 339553 513941
411 639857 237869
412 309939 623675
413 988895 91201
414 263517 588004
415 635957 200480
416 345394 574386
417 960111 182045
418 905121 65181
419 251570 571521
420 604513 176568
421 948216 35255
422 522034 255959
423 549917 220512
424 636749 250121
425 273207 556071
426 605709 211487
427 928409 97456
428 605120 240038
429 633725 304943
430 560208 167034
431 221498 544792
432 596647 165751
433 585421 214598
434 670067 234855
435 585683 232123
436 599464 269397
437 563237 161440
438 307445 575195
439 366628 501365
440 555378 362438
441 974785 96617
442 622251 102046
443 361154 620640
444 587643 108237
445 645707 252584
446 567460 103367
447 629924 235959
448 565461 246207
449 370642 637692
450 627547 240113
451 956338 -34423
452 887416 53379
453 903539 123571
454 591197 334077
455 616564 293297
456 614036 174421
457 204825 489124
458 999522 94395
459 224483 495184
460 329604 528886
461 569879 295801
462 317099 486175
463 603258 290373
464 565176 168925
465 988792 108694
466 541032 193096
467 659883 334464
