NAME : portcgen-494-7514989
COMMENT : portcgen N=494, seed=7514989
TYPE : TSP
DIMENSION : 494
EDGE_WEIGHT_TYPE : EUC_2D
NODE_COORD_SECTION
1 743614 302318
2 374431 535062
3 693109 565303
4 727852 633684
5 359942 722667
6 671987 341255
7 558854 172521
8 364804 661167
9 751624 328866
10 743962 391444
11 759762 531836
12 742825 556949
13 678549 607235
14 697113 388453
15 500772 125826
16 664812 210660
17 538678 134253
18 809168 286350
19 274990 619246
20 529483 166661
21 793272 536194
22 610959 89923
23 766384 615404
24 360056 648273
25 712074 584270
26 277987 615938
27 551537 155614
28 752660 294244
29 781258 354020
30 785433 362552
31 780819 308531
32 297696 634137
33 686571 339978
34 743376 343456
35 333622 652356
36 747275 321097
37 718400 524440
38 603532 63079
39 824226 239352
40 712053 322924
41 658704 235708
42 826838 395481
43 692146 515351
44 768113 271125
45 643270 621983
46 715684 625260
47 623381 142696
48 825609 291719
49 747124 256554
50 204422 641576
51 322313 549732
52 675079 525569
53 571538 102614
54 750922 568386
55 808338 318944
56 315940 604401
57 650477 157449
58 686524 242013
59 574520 175133
60 259265 520938
61 668836 139660
62 545516 128865
63 762623 328493
64 336843 564698
65 309147 612993
66 740201 353905
67 485504 174376
68 736231 17234
69 721584 291397
70 618707 150245
71 331063 604006
72 319138 591433
73 320817 548438
74 665228 532833
75 718088 638671
76 734420 470166
77 733233 413600
78 666492 547678
79 543088 79401
80 603786 559080
81 716882 590319
82 735256 303976
83 286146 574037
84 726474 571417
85 503591 141439
86 804598 378774
87 241507 548105
88 635405 91111
89 645039 559353
90 279078 688676
91 772376 307686
92 617854 137462
93 703362 513636
94 547010 198658
95 601917 125287
96 280442 570312
97 554630 41125
98 226338 619229
99 732349 510536
100 695409 350150
101 800667 335456
102 597350 143723
103 317199 565701
104 765070 279289
105 561245 31103
106 785197 285180
107 528056 103252
108 799269 263161
109 276461 623719
110 241878 604702
111 329893 608995
112 322261 667216
113 621976 176789
114 584502 97773
115 264987 556789
116 564939 187912
117 361138 603395
118 616040 163300
119 759801 301494
120 790702 332051
121 746306 365909
122 626312 155295
123 579753 100262
124 793667 310898
125 302182 661804
126 370800 608197
127 633476 510661
128 708800 561774
129 572926 113232
130 642660 616423
131 681225 559959
132 636240 201539
133 534599 160954
134 347831 574730
135 535769 113983
136 648965 610883
137 292364 479400
138 764313 369694
139 577600 162228
140 756956 520200
141 300228 629672
142 249308 605229
143 602481 80465
144 668419 470937
145 744168 313973
146 359852 603028
147 604840 116527
148 567653 137116
149 649122 550731
150 677037 137465
151 736750 573114
152 644630 518312
153 641956 606317
154 256095 518958
155 665938 547998
156 431454 683257
157 254326 565980
158 673330 563651
159 278730 615860
160 777301 282763
161 570682 119026
162 438321 541396
163 814240 293635
164 475500 87664
165 728231 309278
166 467264 178089
167 639491 511733
168 376345 621884
169 814306 302831
170 302936 597296
171 613276 150358
172 658144 556813
173 555670 99806
174 650559 43086
175 742537 521437
176 686871 495499
177 674618 570458
178 608319 111877
179 691821 273445
180 575431 97418
181 791582 372371
182 654224 559043
183 300217 554762
184 578885 127327
185 262935 635902
186 592556 112375
187 364950 601940
188 559093 138492
189 820533 404687
190 606678 132551
191 554760 116793
192 703020 549103
193 713413 308326
194 663879 638092
195 366377 575338
196 764509 370285
197 746492 449904
198 545524 177656
199 735571 557196
200 364137 586048
201 330204 637575
202 738610 524710
203 728410 514810
204 687998 456318
205 741634 319155
206 355985 506126
207 741098 291087
208 269451 644606
209 313596 641477
210 772088 322668
211 725501 607493
212 603854 130110
213 571807 62919
214 679084 611962
215 741901 567455
216 277705 575471
217 703789 526755
218 307340 632581
219 693141 365286
220 616985 183391
221 733391 602982
222 353592 643847
223 764759 317218
224 276867 634900
225 340705 581851
226 685250 560609
227 244438 574831
228 719292 308715
229 339697 617227
230 682887 562948
231 778795 251634
232 333098 505350
233 733782 324736
234 707378 446401
235 492859 142603
236 707679 532837
237 589550 217189
238 741267 273433
239 286278 554131
240 278662 600494
241 536500 91685
242 612479 83727
243 690173 488157
244 676064 562176
245 263866 600933
246 308912 677970
247 433763 583268
248 548081 108454
249 328151 568913
250 296869 596021
251 772288 270964
252 718977 518848
253 713320 552773
254 718808 587681
255 348340 613313
256 569117 78970
257 834069 300699
258 699523 273914
259 679924 302594
260 612028 188163
261 608162 153094
262 781550 399551
263 739123 282606
264 638839 74409
265 592821 528887
266 298834 662580
267 621579 158404
268 762253 363776
269 396363 567962
270 411481 569721
271 784895 328326
272 362960 617424
273 556415 112207
274 716633 496992
275 682321 175753
276 645671 503397
277 611330 576055
278 626156 151475
279 266683 590750
280 689892 592754
281 288260 623333
282 737267 469493
283 798814 349665
284 819936 295216
285 701569 532837
286 767183 353277
287 702824 636120
288 590633 166987
289 336555 561692
290 796975 317674
291 448703 616363
292 499130 131894
293 319508 583214
294 690381 530143
295 271875 579294
296 697521 574082
297 541552 57701
298 327673 524502
299 737740 574968
300 316249 566905
301 838257 339704
302 378076 658849
303 906747 286578
304 752825 289028
305 607002 178447
306 669970 499382
307 546928 31914
308 539682 78451
309 366165 614446
310 765273 314977
311 655660 598088
312 621368 48422
313 652168 496101
314 799276 315670
315 721611 311421
316 321286 618583
317 622085 159132
318 788109 258634
319 634792 565924
320 778211 305608
321 662015 607153
322 524346 130561
323 517783 503576
324 778882 342961
325 285837 681260
326 540243 40802
327 788656 301287
328 708009 617738
329 681003 545541
330 754773 552876
331 731170 569582
332 549303 154704
333 763957 295803
334 787840 324726
335 291406 685893
336 279329 552935
337 743335 354713
338 668784 604822
339 568723 158201
340 586543 153726
341 772154 316106
342 307120 570959
343 343986 640539
344 261609 555381
345 283978 605008
346 379866 556645
347 654891 583350
348 735979 608572
349 794104 306088
350 621725 125685
351 666087 511648
352 776399 489064
353 661338 538372
354 331363 627817
355 557094 161399
356 744849 329979
357 599594 109633
358 694938 630389
359 816746 301216
360 804053 526817
361 599850 142814
362 500698 195306
363 335955 592810
364 779800 303161
365 714926 278263
366 741093 315892
367 597011 147274
368 618020 182284
369 766476 586699
370 384671 600497
371 754402 608468
372 240830 639704
373 795745 250389
374 611283 95587
375 314384 689039
376 564542 111153
377 803290 340945
378 756047 275837
379 264238 680193
380 309008 597913
381 250005 597505
382 330972 616580
383 330098 637616
384 287818 597085
385 671207 693894
386 753400 291787
387 284863 569104
388 725398 599266
389 317641 618218
390 376786 590425
391 270106 568543
392 332173 553374
393 672712 566778
394 634652 137547
395 295488 616811
396 803176 234400
397 739011 318898
398 619477 582470
399 691772 496467
400 744192 351010
401 244364 621960
402 789245 328796
403 775657 281682
404 569562 73435
405 318836 624197
406 194110 624386
407 733530 599348
408 840049 300483
409 774549 409256
410 377717 605729
411 276543 623204
412 498550 211018
413 754679 311783
414 314129 609317
415 372814 623805
416 323510 609060
417 695963 106784
418 667982 569603
419 792367 610335
420 692656 534224
421 474140 179675
422 557616 116136
423 687308 608673
424 684699 504712
425 746159 542299
426 727826 572282
427 605823 196576
428 750279 287421
429 742806 283118
430 615462 161014
431 778128 385563
432 285329 549266
433 569674 96539
434 336529 567943
435 730392 488518
436 705384 559690
437 725073 220730
438 296064 602863
439 793380 356837
440 277575 622086
441 250465 601990
442 637331 127433
443 687173 594414
444 636322 548714
445 654095 637658
446 760650 356408
447 768803 324512
448 694393 509139
449 818507 282733
450 372154 605919
451 765343 335032
452 844089 320028
453 543766 59371
454 333092 654822
455 558318 91427
456 743686 545633
457 773539 246940
458 879258 388987
459 715339 330126
460 320491 558753
461 756114 317497
462 240326 536295
463 705285 565814
464 273744 626945
465 589909 155163
466 723709 589708
467 629828 117257
468 827741 337232
469 619217 163656
470 569519 58773
471 608574 80688
472 835003 349848
473 289721 654841
474 739899 585525
475 299208 526059
476 361267 610955
477 318787 522800
478 766911 215030
479 739464 276814
480 671258 592954
481 565224 148310
482 722011 576603
483 804255 326806
484 798505 320127
485 712699 283803
486 630012 524540
487 692587 523495
488 781171 302076
489 343278 696179
490 569472 158303
491 775480 316447
492 275125 551952
493 674487 564761
494 746693 216693
