NAME : portcgen-494-8843110
COMMENT : portcgen N=494, seed=8843110
TYPE : TSP
DIMENSION : 494
EDGE_WEIGHT_TYPE : EUC_2D
NODE_COORD_SECTION
1 856389 428849
2 872972 176434
3 889033 427888
4 23467 835108
5 898457 399108
6 80431 853972
7 86053 844466
8 895314 355812
9 82666 923662
10 915422 462670
11 129841 877944
12 858988 650405
13 828328 791451
14 52935 818505
15 842123 371808
16 853282 441255
17 911942 258183
18 919620 450245
19 936763 215997
20 101216 903836
21 71329 800136
22 790058 176711
23 882166 219149
24 936186 753709
25 134475 850038
26 909401 211018
27 856464 220168
28 892393 199843
29 833095 444727
30 850537 632358
31 949740 417736
32 142162 854627
33 818111 673002
34 842345 665491
35 917687 498885
36 805843 711501
37 919127 372284
38 826073 159641
39 158694 902541
40 930050 273272
41 186697 950285
42 880240 430124
43 19238 824417
44 978824 414227
45 882158 426227
46 933799 509512
47 904951 201667
48 43881 802348
49 866706 634580
50 876868 674221
51 892154 308494
52 965044 430073
53 102487 861959
54 113060 823446
55 912910 429061
56 826528 378615
57 742277 681141
58 803595 727359
59 864089 187833
60 79227 748368
61 901909 203537
62 791002 745768
63 832958 658086
64 854266 427983
65 873260 367838
66 836730 196356
67 827919 715014
68 839497 156101
69 893306 475289
70 871701 694900
71 852375 197455
72 845811 716137
73 886173 671845
74 930078 259987
75 882826 162401
76 799464 192427
77 904323 469601
78 824788 653304
79 938997 439362
80 91364 764058
81 781555 626717
82 852731 716942
83 103581 736763
84 900948 138595
85 867129 252644
86 831562 697387
87 771625 664360
88 148037 725951
89 814674 673555
90 900020 197411
91 43528 919152
92 852752 430511
93 88691 803388
94 861038 613695
95 847236 220313
96 872952 487745
97 875047 190781
98 884279 399488
99 938907 441070
100 882631 462418
101 893791 446287
102 914397 451761
103 897488 430172
104 155564 803163
105 924889 477515
106 929606 418392
107 879649 483011
108 816724 735724
109 110407 781830
110 74275 981657
111 859756 746258
112 898001 666814
113 922471 439959
114 869592 187597
115 912544 436059
116 910203 670593
117 933699 766998
118 843490 218391
119 875164 230955
120 891431 192853
121 79588 809203
122 96235 803532
123 896059 436405
124 865118 805354
125 126615 785821
126 899329 770746
127 906590 695583
128 943840 455987
129 79458 924171
130 865495 622133
131 94078 789461
132 863836 190004
133 791120 802130
134 936074 240967
135 864302 697087
136 821374 236740
137 859875 334749
138 912070 498968
139 841461 656613
140 770328 783743
141 909031 303910
142 105565 824009
143 880818 745877
144 833439 211255
145 941297 462416
146 88931 857277
147 813295 773573
148 912627 463804
149 73108 841118
150 842573 203730
151 778833 157935
152 912041 216679
153 812733 649190
154 107726 724632
155 928470 457745
156 1005619 500942
157 892267 399414
158 856443 209866
159 835930 645183
160 137206 836733
161 866583 657014
162 861150 252750
163 932348 427669
164 775708 721914
165 929808 670119
166 787276 117135
167 778604 145791
168 910198 378295
169 899532 491576
170 779574 762181
171 781902 740048
172 857857 729159
173 879300 171308
174 94802 863413
175 868339 755661
176 986289 234137
177 909621 450802
178 847698 419180
179 812484 652014
180 808600 613222
181 862291 142007
182 858722 360339
183 880884 526234
184 858949 165583
185 136341 833199
186 55003 866268
187 111864 841363
188 150786 927997
189 962800 397253
190 767404 704504
191 918413 450240
192 886313 489119
193 62528 819245
194 884313 637513
195 856978 668974
196 99807 920215
197 914900 313040
198 831312 749426
199 112793 921752
200 891746 171532
201 836900 198174
202 832146 203785
203 814756 296355
204 982224 439721
205 44279 851339
206 898618 592803
207 906433 424899
208 864065 383271
209 869798 156414
210 957759 553761
211 835347 160965
212 814938 678398
213 974506 451604
214 817735 158773
215 724709 727490
216 810826 660021
217 141821 843523
218 896860 505804
219 843058 233266
220 130448 850548
221 800744 497398
222 938769 434918
223 90525 794900
224 15327 801769
225 921958 404348
226 899872 158401
227 918310 138782
228 903116 182468
229 923073 431547
230 859888 668676
231 927264 204031
232 798340 731243
233 930691 420264
234 897210 414774
235 859234 272025
236 855890 475490
237 964045 423785
238 950368 425335
239 834613 801644
240 772070 711385
241 843270 238170
242 895962 208962
243 863070 719459
244 910490 416011
245 790548 157882
246 102183 796177
247 106047 820654
248 843614 519074
249 189918 875886
250 864151 285927
251 861492 464089
252 145210 824784
253 117597 828984
254 862681 462835
255 778025 720846
256 78544 852389
257 863567 451343
258 905559 458386
259 927836 456398
260 895424 711760
261 982463 414424
262 94927 740373
263 894876 696956
264 987614 355851
265 861886 730966
266 853092 245187
267 822211 140108
268 797584 779436
269 759241 114336
270 58730 840706
271 148124 824845
272 989631 161282
273 97396 809794
274 791507 197030
275 874667 526818
276 854814 204763
277 179016 822339
278 795756 172921
279 888967 267025
280 928139 457073
281 858662 148133
282 853309 683410
283 854984 712790
284 169502 748414
285 887264 165932
286 921144 206629
287 816128 167409
288 929572 385783
289 931330 455795
290 155535 847039
291 811832 235149
292 64434 874990
293 98577 844741
294 188783 917151
295 865472 615738
296 122058 865091
297 93061 870243
298 853784 205927
299 122402 808136
300 903790 470147
301 828305 804320
302 847656 481734
303 934162 467054
304 851007 625278
305 869223 196006
306 109379 834085
307 875845 123702
308 856462 688250
309 115068 838496
310 919408 200304
311 106424 803936
312 843069 516102
313 885196 166268
314 176426 859866
315 816260 146671
316 890208 181413
317 834395 785619
318 891365 183307
319 115609 825565
320 798979 137825
321 873762 698143
322 79969 856980
323 903466 403975
324 43082 813846
325 841132 185393
326 919343 356979
327 858799 198002
328 894302 373665
329 890615 465940
330 845274 642621
331 859037 188905
332 136071 876127
333 769955 689656
334 108014 779285
335 937122 653321
336 113742 848714
337 808732 682126
338 819492 236181
339 870638 92075
340 899131 651726
341 786399 228689
342 856936 592575
343 80292 907003
344 837932 162443
345 854464 223836
346 848684 746173
347 74898 854667
348 951121 439271
349 802612 697201
350 873580 387241
351 839206 642129
352 64882 817246
353 834063 688271
354 88475 860583
355 76252 938560
356 68215 884831
357 857910 145814
358 870208 445196
359 831783 244188
360 109223 847591
361 951652 401687
362 889070 196195
363 884831 241744
364 851756 710690
365 845546 744230
366 100707 886630
367 901806 688010
368 176034 784611
369 122072 870530
370 850132 716780
371 830998 721430
372 929493 459922
373 96972 716563
374 823239 696698
375 870387 461236
376 85779 800709
377 895318 407237
378 865799 685267
379 760580 681995
380 828530 730824
381 879083 391132
382 836468 629420
383 819091 154026
384 850772 211438
385 926857 202163
386 879719 147401
387 135419 971510
388 815517 745118
389 859809 244887
390 787942 621046
391 112537 738131
392 904023 709763
393 914190 436330
394 861077 258743
395 851166 716293
396 894028 702632
397 975942 547270
398 861244 225419
399 5196 795261
400 71201 830310
401 893319 413507
402 30818 850145
403 933826 464922
404 869594 697159
405 845390 695487
406 832514 767336
407 831196 196848
408 943280 174127
409 829598 635738
410 981501 481573
411 866255 657957
412 870978 192814
413 99439 791938
414 807591 251239
415 135962 820176
416 941994 140679
417 832921 193724
418 849939 679455
419 146515 910270
420 837753 696194
421 912842 388794
422 903919 409159
423 755043 656326
424 822154 758900
425 805383 185596
426 856428 718174
427 48711 789236
428 867260 262484
429 64840 834536
430 93747 770748
431 897877 273088
432 117583 855020
433 879537 170119
434 904411 374715
435 855983 452016
436 840946 185212
437 805716 768202
438 75817 840693
439 754166 220230
440 807002 232169
441 879919 193149
442 839178 446838
443 878651 499005
444 884112 666284
445 819686 599716
446 808418 693203
447 893487 450818
448 96877 824987
449 949658 438769
450 833525 817715
451 844483 659675
452 853444 633848
453 834376 209932
454 809655 682706
455 203694 824752
456 871945 466767
457 842120 170729
458 949536 511246
459 896324 173880
460 843955 706925
461 819451 639517
462 823442 709473
463 905173 726927
464 843215 427630
465 915428 390253
466 125222 907557
467 914384 525066
468 919806 787577
469 747072 679048
470 85386 846019
471 920768 466311
472 910488 167219
473 837641 382588
474 795273 713185
475 929004 776664
476 850934 252185
477 887253 184340
478 79041 840128
479 863150 737459
480 102094 882659
481 90920 791668
482 167565 834781
483 102422 801665
484 112349 868933
485 842390 694160
486 889875 418612
487 862392 196613
488 965877 441605
489 869246 705905
490 871870 599187
491 940386 681796
492 933262 451163
493 893705 454156
494 862205 670058
