NAME : portcgen-556-1046010
COMMENT : portcgen N=556, seed=1046010
TYPE : TSP
DIMENSION : 556
EDGE_WEIGHT_TYPE : EUC_2D
NODE_COORD_SECTION
1 165703 598046
2 203084 861426
3 177868 989972
4 733696 543336
5 257891 386149
6 260148 514773
7 773978 494131
8 95639 947630
9 213943 508901
10 134826 651886
11 143567 853641
12 491450 854337
13 508592 703390
14 229624 549366
15 201809 566608
16 175599 388676
17 773207 519364
18 202088 444302
19 199260 953517
20 174137 953550
21 155425 331831
22 708162 473835
23 469771 791217
24 200805 484608
25 144237 941124
26 717817 531356
27 195158 392739
28 178586 388501
29 228646 554566
30 170351 577892
31 187799 388617
32 248974 548303
33 691416 471492
34 234513 492132
35 246398 397042
36 808805 509764
37 775044 515207
38 210925 958387
39 209995 952481
40 66417 898215
41 497347 805693
42 491628 867478
43 566905 757047
44 163270 927189
45 199039 384143
46 232845 561087
47 252408 551016
48 149270 909051
49 237496 464583
50 123106 547971
51 746030 457384
52 763145 519775
53 118916 575434
54 533211 769395
55 231085 925851
56 702128 524560
57 710473 486413
58 761550 520104
59 233472 544167
60 141537 994399
61 577534 703252
62 132630 437041
63 814324 571365
64 162068 866799
65 221450 394277
66 196490 562229
67 247490 640172
68 474591 765434
69 174348 483827
70 135377 888135
71 169911 593543
72 482649 747272
73 685109 462981
74 113933 919214
75 180245 613786
76 247660 589830
77 107670 895321
78 191733 948412
79 197509 552751
80 253202 450548
81 791564 486378
82 244140 411940
83 236448 370602
84 548139 772160
85 141060 991220
86 227521 427199
87 159274 929140
88 195366 417826
89 261402 527127
90 775146 548501
91 149429 907461
92 543651 735133
93 544854 754298
94 256154 477284
95 229038 578966
96 260694 501277
97 765382 529446
98 262206 616287
99 127652 522735
100 166744 911864
101 86532 955984
102 540779 819300
103 540513 752476
104 135885 920311
105 169959 909988
106 224251 465490
107 467719 802457
108 683754 573650
109 564493 809890
110 139940 927114
111 189621 907161
112 116623 983336
113 268141 538586
114 138601 409597
115 335385 606258
116 263034 442620
117 683320 556798
118 213447 974875
119 734556 494558
120 253101 597446
121 725757 542148
122 192027 584566
123 220302 402640
124 495149 758380
125 140436 903599
126 221307 972508
127 256256 527797
128 162132 426844
129 732412 498388
130 212977 485195
131 177548 507618
132 236461 412417
133 211924 425781
134 207653 436296
135 193723 929686
136 219408 991576
137 781124 595877
138 169282 580348
139 530754 841701
140 744335 507713
141 746974 463522
142 179286 396547
143 202763 848067
144 528993 833642
145 669406 532204
146 490287 727581
147 232454 548145
148 247170 561218
149 209527 533754
150 758209 534086
151 151687 808373
152 230744 432961
153 157180 403575
154 216268 548807
155 535343 741031
156 528913 778145
157 726965 549672
158 707346 535485
159 223440 447943
160 91943 883234
161 520248 824678
162 476815 792976
163 478535 729765
164 769571 486713
165 274352 425120
166 507531 804257
167 457385 752154
168 247693 552620
169 744908 503278
170 466117 760979
171 582012 698637
172 690211 494342
173 241858 478417
174 205272 447483
175 205848 447835
176 656379 498829
177 464795 799518
178 460292 754270
179 151340 465270
180 556162 761440
181 671660 509967
182 496166 755019
183 255326 436545
184 151416 552003
185 247001 376308
186 481059 799028
187 165964 402872
188 542459 816465
189 505260 841006
190 169654 913125
191 176015 524509
192 202612 561726
193 752788 422366
194 543003 774904
195 559826 772022
196 753335 462107
197 757365 538428
198 235261 494476
199 171471 899263
200 770821 559749
201 235451 418538
202 246054 498037
203 80519 948390
204 250949 559574
205 516185 774572
206 284465 445576
207 503491 777504
208 767579 529075
209 555222 757793
210 123152 917660
211 42808 982152
212 759794 569292
213 167205 887237
214 57198 948462
215 149733 588808
216 584156 823671
217 137074 919807
218 555441 772466
219 741630 538239
220 650712 847617
221 787951 482052
222 189720 549411
223 209513 593842
224 167791 620869
225 169986 571432
226 162133 1024447
227 256612 926593
228 198634 593672
229 236413 919449
230 465012 751686
231 195499 427450
232 222663 606282
233 750067 576259
234 169114 964381
235 122033 910223
236 234534 407901
237 254027 556635
238 258947 624545
239 530988 824162
240 131441 387198
241 485550 765998
242 229298 385858
243 222865 338279
244 212677 591746
245 201336 573269
246 238887 608878
247 238649 625895
248 724038 587238
249 229025 504172
250 191301 485856
251 200036 444976
252 498692 815333
253 207335 457819
254 150586 535881
255 195070 525814
256 538999 768900
257 799947 497494
258 534852 783962
259 670130 571101
260 533296 705297
261 132469 1004120
262 174554 382459
263 465562 851981
264 206112 541064
265 738661 567266
266 181755 570348
267 296406 395906
268 681762 528346
269 130750 604200
270 225692 929948
271 721561 600775
272 729909 563468
273 694781 549824
274 754448 452080
275 482806 735051
276 261582 372561
277 233345 430787
278 173960 980359
279 204941 531173
280 789762 548089
281 234134 432677
282 824112 470567
283 167641 376398
284 183740 535846
285 241651 587786
286 145357 928182
287 146908 456597
288 160973 417003
289 693451 539339
290 792776 564730
291 474001 787300
292 725122 548763
293 457878 753289
294 238733 535167
295 132137 887537
296 87247 949025
297 212916 402179
298 242418 527567
299 97269 983461
300 448351 761673
301 227751 889708
302 100367 920865
303 462999 785440
304 727964 571128
305 156375 390421
306 181388 413115
307 222015 445437
308 71717 970301
309 530314 765365
310 185416 901061
311 718314 463098
312 200528 569922
313 185133 886961
314 166904 900529
315 135363 357591
316 671656 533444
317 783269 548745
318 169325 612691
319 187325 427281
320 300688 436171
321 139110 559763
322 152166 954099
323 203837 491887
324 733760 545020
325 167167 389356
326 807384 691296
327 818006 543690
328 245242 452136
329 492725 769717
330 513354 760679
331 253101 464637
332 214249 565138
333 224287 402246
334 211152 432634
335 513614 808605
336 163053 565482
337 214414 370465
338 285233 466961
339 508026 718455
340 77297 955316
341 147562 963289
342 771691 448952
343 716400 531200
344 212943 581286
345 147406 436030
346 206796 445136
347 140489 482309
348 221552 534288
349 706308 576060
350 194022 572358
351 550719 758865
352 96017 981964
353 252706 514094
354 187518 383236
355 735447 550041
356 170031 543345
357 483503 795764
358 436191 749465
359 509174 752247
360 533099 798287
361 500680 827026
362 153776 514361
363 193124 542664
364 428285 696387
365 760737 543073
366 681278 450203
367 199531 582117
368 714850 523587
369 241851 302829
370 188957 930746
371 684689 558291
372 203595 893847
373 767976 528776
374 145878 587239
375 453207 758457
376 132701 949440
377 206696 904008
378 515642 787597
379 246822 554018
380 232657 526514
381 532801 745888
382 290822 431783
383 518722 822205
384 263369 599684
385 215772 999837
386 217147 538657
387 272147 553430
388 180810 446488
389 823887 582882
390 230285 482561
391 206606 401963
392 756743 590085
393 523173 727128
394 206214 509083
395 280178 552177
396 309468 555967
397 189548 464681
398 207367 382470
399 156010 434286
400 198038 909394
401 777354 607399
402 516197 781398
403 727226 496110
404 549175 820366
405 170011 482707
406 186788 461561
407 173666 963440
408 200951 498154
409 229095 578815
410 536917 739971
411 213922 522131
412 487141 750934
413 209923 401052
414 746682 584945
415 204156 522444
416 211906 374365
417 567129 786943
418 767211 518267
419 563266 771273
420 260785 393740
421 558037 768892
422 417294 816527
423 163117 410028
424 523190 766657
425 181284 404418
426 214000 438434
427 567800 758418
428 717797 576801
429 129498 1020576
430 428546 803064
431 526361 724187
432 204507 890034
433 211871 565888
434 580179 769731
435 229586 422458
436 792805 489325
437 228231 581275
438 224430 545897
439 207478 410356
440 168283 526369
441 226653 551636
442 461270 731567
443 258115 447984
444 283775 455902
445 532018 776137
446 210834 387724
447 461257 846212
448 177560 987363
449 522101 797340
450 698947 542134
451 766600 558459
452 186646 569292
453 218457 520348
454 495808 783251
455 246655 417348
456 243861 529462
457 172659 898086
458 541258 772963
459 747787 531796
460 130135 442005
461 173302 569586
462 196750 931452
463 541528 784567
464 494474 769118
465 181858 598633
466 526813 797229
467 772236 569878
468 764256 519313
469 220326 494104
470 151894 448847
471 197492 471068
472 107530 848286
473 220641 559763
474 745892 511851
475 167950 958008
476 481151 751852
477 189718 910129
478 48597 952638
479 548169 747798
480 226672 419696
481 713449 480001
482 196247 918128
483 292973 437642
484 803891 480199
485 173852 328714
486 745469 494592
487 240180 450181
488 176591 392449
489 229259 638548
490 508065 805898
491 526257 807770
492 197556 532989
493 256503 631732
494 153139 371183
495 143154 376469
496 493589 794398
497 166329 886181
498 190575 489106
499 550153 808885
500 531798 713097
501 559738 778248
502 264871 437367
503 313678 413026
504 515478 781983
505 542529 771437
506 196400 425152
507 216037 587179
508 108327 472579
509 717838 502661
510 744941 550548
511 194189 396561
512 536598 782363
513 510657 834794
514 189257 511640
515 573856 769529
516 794997 541541
517 157805 936374
518 714264 521987
519 760553 497975
520 711101 522044
521 170383 384853
522 788418 493379
523 241296 932276
524 792455 540676
525 508455 788756
526 189299 405657
527 200799 398584
528 798756 547568
529 126632 881099
530 172235 992035
531 257717 571357
532 202693 614583
533 778878 500014
534 183043 933863
535 544700 739454
536 295345 538775
537 222913 945941
538 527754 780013
539 160011 887522
540 236884 511849
541 147152 889967
542 491226 754292
543 198041 613843
544 44887 889861
545 163079 581193
546 756943 539430
547 180326 893633
548 213233 398774
549 599514 812561
550 135078 474735
551 244122 528581
552 271496 566185
553 701745 522628
554 440134 711112
555 766476 539968
556 78723 921492
