NAME : portcgen-419-3898504
COMMENT : portcgen N=419, seed=3898504
TYPE : TSP
DIMENSION : 419
EDGE_WEIGHT_TYPE : EUC_2D
NODE_COORD_SECTION
1 820215 714340
2 784706 697428
3 625468 168291
4 165575 145002
5 834007 690472
6 619590 139994
7 218129 90762
8 157112 86740
9 131860 148312
10 750588 745404
11 602969 100335
12 653024 146977
13 201325 191527
14 522211 126187
15 149719 171751
16 762833 684099
17 685072 119544
18 547846 64760
19 786868 746239
20 696245 93554
21 760448 680134
22 187840 114498
23 849176 795294
24 461251 22179
25 165364 52709
26 492160 84093
27 512458 53807
28 645612 228700
29 163625 127641
30 435272 106054
31 706489 601406
32 789724 770355
33 451270 43104
34 423727 75752
35 172801 76167
36 457025 25298
37 798134 719988
38 599961 40332
39 380337 96601
40 794050 747751
41 213910 54774
42 544646 66867
43 207246 152236
44 182800 91153
45 637296 126130
46 736344 712948
47 537572 85449
48 793026 716929
49 700946 164969
50 447130 117914
51 149704 33467
52 775416 675346
53 654525 152100
54 130086 189744
55 753348 813328
56 806060 781590
57 469217 81281
58 502091 199642
59 694701 707863
60 521373 97139
61 503919 53951
62 745666 741318
63 464884 133395
64 436315 179519
65 837298 746708
66 716769 208900
67 758877 663948
68 404283 105933
69 709592 163598
70 821789 641860
71 495915 102897
72 182015 246638
73 674295 182263
74 776144 709831
75 131074 107840
76 716779 211913
77 201722 241088
78 705238 182435
79 440879 40725
80 500530 64657
81 752581 216434
82 217818 82649
83 218835 82413
84 691858 281139
85 823335 787883
86 796101 797755
87 660479 235892
88 210729 125388
89 793981 791313
90 113279 65948
91 483845 172352
92 130032 132471
93 628896 234781
94 641274 212168
95 399255 94685
96 436869 134193
97 714327 83087
98 639505 120314
99 97493 150760
100 530380 139292
101 163796 132099
102 692297 122597
103 410881 -1588
104 482767 121758
105 464637 118267
106 92986 201117
107 604010 242251
108 408275 52575
109 622280 28442
110 139914 91805
111 217741 120446
112 796959 922236
113 442520 87492
114 156251 123516
115 845579 787997
116 560151 37221
117 123133 118948
118 200109 195014
119 626949 213419
120 750752 119810
121 889348 737282
122 596944 216949
123 137544 142396
124 602908 22597
125 839580 776978
126 121085 185110
127 703365 237143
128 842225 742987
129 146531 98364
130 708899 248614
131 795593 658600
132 630587 217861
133 813228 784989
134 794583 773095
135 474700 72366
136 621106 203242
137 140225 53571
138 168048 123483
139 500576 77482
140 633329 193382
141 158551 53467
142 431412 136926
143 457353 82788
144 127993 180576
145 749716 738377
146 630611 214624
147 131281 151300
148 487508 94701
149 867215 721512
150 745167 823219
151 681506 184360
152 855188 903144
153 525648 115162
154 665612 156730
155 83321 152346
156 754454 802685
157 832704 717162
158 428698 46365
159 503431 52772
160 594347 239087
161 615731 134641
162 745146 160441
163 632494 197247
164 525694 50144
165 545624 104596
166 688276 195208
167 739515 207845
168 792341 727546
169 143508 48922
170 739709 844621
171 647564 173297
172 725329 280450
173 817994 712612
174 242362 132353
175 648197 265675
176 675481 208069
177 206657 110474
178 509832 95712
179 185895 59519
180 80465 124854
181 152183 94898
182 122878 76650
183 52210 266194
184 451294 95338
185 827894 777852
186 650424 155311
187 683696 182083
188 167274 112326
189 694932 173280
190 204868 201933
191 138323 110884
192 741517 118691
193 876781 694815
194 640032 275186
195 656258 217447
196 791583 711191
197 635715 207783
198 510038 34218
199 149282 153940
200 608770 176242
201 225095 116336
202 123242 136727
203 655889 156444
204 825335 712170
205 761394 676307
206 726998 129821
207 471966 91250
208 500613 150127
209 774243 752738
210 837976 795873
211 535478 137399
212 859053 650882
213 641882 188339
214 599248 184931
215 218491 186297
216 492263 42148
217 665266 199381
218 512869 34042
219 705779 221069
220 151982 115752
221 467737 108589
222 536355 128442
223 869859 849031
224 532362 40714
225 614380 169112
226 684295 166974
227 692664 226618
228 531481 12595
229 461771 159613
230 533282 72401
231 778215 672327
232 567096 62345
233 788164 224552
234 737739 189102
235 419765 107953
236 64382 98668
237 592610 177187
238 126689 134353
239 162800 123730
240 492477 -38389
241 485758 75599
242 817261 860078
243 682526 218636
244 587785 262623
245 613104 119340
246 636684 211364
247 743329 225807
248 692226 183080
249 291075 175162
250 475774 162893
251 623340 200815
252 639604 210100
253 415980 153028
254 132192 155457
255 597953 184395
256 697900 176024
257 129382 94435
258 864480 776795
259 452287 149077
260 836519 726749
261 502502 13601
262 839682 771115
263 612857 180003
264 704160 177838
265 173110 134242
266 104590 191174
267 546739 5202
268 506095 47391
269 624433 200222
270 587417 120679
271 135169 107439
272 725386 211055
273 435004 53160
274 539721 60840
275 833328 799307
276 136676 80565
277 256316 84394
278 216608 95547
279 650138 230222
280 844828 770829
281 198235 122893
282 197412 153819
283 683207 130640
284 263429 105900
285 833323 694826
286 170603 91637
287 109742 144663
288 73590 169094
289 823948 833511
290 724317 214638
291 753062 677974
292 475366 25807
293 577433 236513
294 183404 113787
295 193300 68528
296 616500 111008
297 207973 113105
298 839301 757366
299 842151 771737
300 872314 679307
301 698124 194850
302 213248 110952
303 492488 86100
304 143185 76221
305 241488 161847
306 329285 120454
307 742399 739190
308 474365 13410
309 163658 118659
310 205884 152078
311 413055 -2642
312 759685 809631
313 634851 128997
314 248672 131750
315 823562 797950
316 211066 110264
317 709863 199009
318 759377 724525
319 623098 168038
320 490686 -3550
321 669164 173111
322 520973 130771
323 474121 38299
324 213765 203880
325 897006 742641
326 207722 130879
327 421169 106955
328 756427 740628
329 107035 41133
330 771899 187695
331 810522 199106
332 648382 181827
333 595963 144599
334 619259 237324
335 711401 243208
336 697290 270630
337 453583 115994
338 857024 703339
339 687791 155073
340 866526 727344
341 783641 727415
342 429963 40896
343 218207 73502
344 710719 177006
345 514135 65575
346 715120 210555
347 734471 175442
348 863415 746568
349 134485 114471
350 132054 40745
351 813402 748476
352 375040 38458
353 763564 768558
354 712500 166526
355 487377 105488
356 390859 24417
357 501078 92611
358 636499 211244
359 888985 743200
360 453624 85389
361 172939 151804
362 190014 119088
363 804420 801035
364 428166 230043
365 771538 796567
366 502467 149878
367 741275 189400
368 794827 817292
369 186673 119504
370 810808 759601
371 559156 132108
372 511929 129247
373 172496 85104
374 554099 165281
375 786435 684998
376 132612 53977
377 510327 41702
378 548766 89175
379 195587 143721
380 705582 121783
381 163008 81350
382 841201 732921
383 805553 795972
384 454684 75146
385 785436 705840
386 226327 128611
387 849645 669083
388 182223 127350
389 894684 763818
390 478162 153040
391 850923 702239
392 501207 92127
393 850133 802356
394 400124 55574
395 199465 140891
396 173825 121160
397 402279 93904
398 881872 709381
399 779976 735006
400 816065 729554
401 152097 152874
402 731315 252213
403 180240 147729
404 191154 107716
405 519475 23732
406 239974 151907
407 188424 102028
408 174030 121443
409 826311 722225
410 447112 49251
411 846851 687092
412 190247 162284
413 532033 111221
414 725405 178387
415 824635 683107
416 680251 244638
417 544227 44700
418 159592 23354
419 757756 744410
