NAME : portcgen-475-6855423
COMMENT : portcgen N=475, seed=6855423
TYPE : TSP
DIMENSION : 475
EDGE_WEIGHT_TYPE : EUC_2D
NODE_COORD_SECTION
1 184582 57338
2 514272 126003
3 182132 53103
4 565408 190702
5 209363 -28604
6 570468 183735
7 222611 108671
8 819938 716505
9 381873 989888
10 599996 198865
11 193966 109737
12 331949 1051038
13 593679 29945
14 329704 1065891
15 220862 32004
16 483217 172700
17 851105 697233
18 359200 984630
19 278641 -73343
20 245743 -32297
21 393594 990012
22 526751 134220
23 796465 725644
24 263415 45106
25 184417 7473
26 871888 761718
27 541800 125419
28 544486 142592
29 175252 -27572
30 336843 907980
31 373568 1005099
32 879729 803700
33 968959 778265
34 958804 731041
35 884757 758168
36 214436 45937
37 760887 700787
38 367505 1012464
39 185576 -5086
40 619272 234027
41 326012 997302
42 617331 258998
43 238995 -33024
44 560784 238261
45 545715 140830
46 825168 669983
47 946056 735434
48 455895 232739
49 549520 187527
50 930953 672105
51 837674 741805
52 837699 766319
53 375636 953519
54 563405 115002
55 634070 181610
56 353397 1044006
57 368722 986667
58 244007 985976
59 795163 759472
60 865306 730413
61 813847 756455
62 240260 53160
63 514309 157741
64 833423 777251
65 528214 223945
66 611594 167498
67 858759 767728
68 343008 969956
69 210502 46021
70 965255 751980
71 286903 84219
72 930627 658796
73 228537 62222
74 334341 966046
75 139421 2141
76 184588 83733
77 344628 1051794
78 609464 235540
79 253275 1037927
80 296064 951261
81 874299 736626
82 293035 -20404
83 316295 872699
84 915846 771813
85 425001 959452
86 392185 1031575
87 330926 977212
88 886006 779337
89 158348 -49948
90 310143 945188
91 325426 4236
92 863464 746187
93 258789 17787
94 797778 755878
95 238819 20577
96 867907 751664
97 942283 741501
98 565752 63190
99 494737 62827
100 823874 680506
101 366182 1051997
102 320277 965089
103 560872 87446
104 937653 750064
105 597024 204816
106 466231 62630
107 320464 989939
108 269799 13342
109 942681 778328
110 894949 704489
111 912388 764860
112 186892 4456
113 563990 161646
114 865341 704045
115 875398 712472
116 548502 192849
117 384212 1066592
118 243456 26889
119 528098 43484
120 356041 16207
121 863162 721253
122 416097 946066
123 344024 986517
124 202900 -78050
125 495042 101115
126 560055 134920
127 536688 216370
128 498845 168601
129 535896 190170
130 184846 51677
131 331496 1023380
132 293057 923308
133 883397 685440
134 228827 -21662
135 518365 198387
136 580905 71923
137 282345 924520
138 212230 -46433
139 860673 657558
140 369094 963078
141 209481 -72786
142 372063 1059106
143 528842 132333
144 536714 166510
145 485420 132214
146 908008 764031
147 361976 999537
148 490235 172025
149 310187 941437
150 368204 973948
151 599583 197588
152 320659 941868
153 893492 700331
154 891129 707787
155 908638 702030
156 268469 -38675
157 514065 59847
158 559649 170229
159 963733 728669
160 910063 750163
161 335547 1045033
162 516316 177470
163 913381 717825
164 311963 971864
165 872526 699454
166 353941 971332
167 560276 128315
168 409011 988812
169 307899 965747
170 278865 -13310
171 833878 797842
172 504069 166365
173 841740 839678
174 259407 -19982
175 184551 35886
176 323934 1002803
177 836515 734911
178 382386 997115
179 597464 42500
180 228630 37944
181 244067 36851
182 218469 47058
183 901665 742315
184 841547 731789
185 940957 770459
186 569899 116452
187 595637 159885
188 828558 751170
189 573621 208195
190 280728 988823
191 947068 796412
192 517164 147644
193 277459 41599
194 230896 6081
195 226489 -13407
196 383805 968958
197 230167 94010
198 228672 5865
199 160872 -8563
200 148305 -8799
201 551310 181907
202 343782 946505
203 367573 963243
204 179432 8800
205 209871 10541
206 346121 1022159
207 260694 918234
208 462809 149875
209 552266 181977
210 862516 648106
211 555605 190440
212 869021 795318
213 492879 256966
214 543090 184185
215 880575 682937
216 559877 186311
217 826630 767757
218 610838 146558
219 79455 49507
220 811934 721317
221 174909 20976
222 853178 728923
223 276701 -87056
224 578877 128039
225 332553 934697
226 828308 731818
227 526802 116345
228 875760 693548
229 183896 -18359
230 863738 705736
231 406642 1079872
232 820340 782722
233 284237 961470
234 152350 -32660
235 347052 1106573
236 298742 3845
237 863200 753343
238 221867 44766
239 856685 749657
240 372202 1049803
241 238226 68570
242 428527 174679
243 481825 152814
244 265476 1007117
245 494250 102195
246 801240 766369
247 581199 112109
248 566784 241895
249 842127 658833
250 359186 1010743
251 473997 195403
252 923992 716400
253 858597 693267
254 139562 -28705
255 172260 -56479
256 852573 695889
257 917113 695629
258 910763 746897
259 289217 -9880
260 807877 754115
261 875807 616473
262 266570 1084880
263 243829 -23608
264 573940 88776
265 550565 155524
266 904862 744580
267 225186 -29441
268 523544 123599
269 388771 1122094
270 407236 1049909
271 363879 1058394
272 833547 702601
273 940062 766618
274 916306 647047
275 896636 644172
276 977064 771367
277 245748 42209
278 537404 203264
279 303818 1060208
280 161146 34447
281 532533 148203
282 511182 221183
283 409447 973187
284 173393 -3403
285 903449 761119
286 613202 256895
287 174184 -71994
288 882940 782717
289 352062 994692
290 164665 -46673
291 894301 705065
292 576177 87485
293 920464 657935
294 225280 80296
295 353297 946523
296 345592 1023331
297 263111 4164
298 232429 -21314
299 529444 213337
300 627908 217014
301 201628 -64015
302 933941 722548
303 636385 161881
304 397143 972969
305 263375 63131
306 500925 183019
307 509786 185844
308 558113 224875
309 853745 808721
310 230240 48581
311 965435 691375
312 315796 1014100
313 477745 116671
314 266748 36328
315 555728 197889
316 529111 230271
317 525042 175506
318 272188 -2581
319 152984 25050
320 874925 699918
321 254535 1213
322 553121 145536
323 218317 38861
324 284120 1019473
325 510681 105051
326 267800 36152
327 612217 142814
328 308889 1002436
329 336068 1061002
330 906550 640593
331 267644 958480
332 935959 717395
333 191436 64939
334 305941 944008
335 475041 171279
336 575544 191339
337 671849 148209
338 578992 130336
339 164685 27757
340 862286 778122
341 251322 24011
342 528708 210720
343 189706 -22889
344 260644 62544
345 893479 617016
346 540887 114749
347 178793 -57443
348 265748 -5443
349 923401 700695
350 221997 80622
351 816271 704670
352 244857 -55958
353 573378 142979
354 309842 388
355 842570 855549
356 245743 -34109
357 160575 21383
358 884709 700225
359 304811 17410
360 463732 1013803
361 982972 801710
362 856822 735116
363 165490 -44463
364 258484 49025
365 850694 720440
366 434934 172955
367 218747 114010
368 541504 132206
369 872360 729923
370 487183 77850
371 838930 809298
372 570725 198032
373 504827 163087
374 604124 164616
375 295778 996243
376 262131 32023
377 332868 1096991
378 848865 718725
379 871262 748491
380 356661 963275
381 454486 169142
382 224384 73542
383 297244 1005432
384 201385 59181
385 855223 660491
386 885951 615688
387 298005 922653
388 520395 142967
389 558149 151793
390 593715 48019
391 237043 -66081
392 189076 -13564
393 388131 929145
394 576694 178719
395 550858 93718
396 233414 675
397 322733 1015709
398 580198 140494
399 627829 167388
400 209514 -98252
401 515618 130915
402 335670 1018982
403 589300 36978
404 860210 676752
405 534981 146017
406 72267 74709
407 509016 214706
408 529783 109049
409 449992 131152
410 833257 711511
411 905353 820540
412 793144 770300
413 819976 756771
414 470929 114944
415 357909 986743
416 329557 1017752
417 192444 4557
418 548036 191051
419 402188 155940
420 891192 682932
421 561766 76418
422 809145 831528
423 336802 949045
424 858461 740816
425 308033 1035186
426 486609 238417
427 595644 209735
428 463857 152389
429 206918 52761
430 307891 1024045
431 329778 1066102
432 353583 1004854
433 255889 60054
434 572649 160270
435 868153 795564
436 539828 120913
437 835202 710373
438 206658 20721
439 383898 970532
440 312620 970988
441 845740 769320
442 455372 944568
443 922034 735193
444 548829 241241
445 445193 117289
446 269573 1065861
447 360413 -50360
448 960593 752934
449 376801 1003651
450 849543 710774
451 400951 1021439
452 514172 301367
453 299647 991063
454 318887 1036125
455 350560 1029956
456 243054 18722
457 471792 196978
458 875526 744039
459 524915 173790
460 540156 211733
461 873637 730861
462 280037 1029994
463 806863 823620
464 168326 -39308
465 786441 784656
466 523666 144177
467 164239 78362
468 566305 112969
469 893029 754643
470 890911 752614
471 446143 1005016
472 193827 29012
473 549630 169410
474 592327 219340
475 269360 979470
