NAME : portcgen-471-8896894
COMMENT : portcgen N=471, seed=8896894
TYPE : TSP
DIMENSION : 471
EDGE_WEIGHT_TYPE : EUC_2D
NODE_COORD_SECTION
1 918656 1603
2 877755 862582
3 736954 820841
4 765732 759642
5 805536 831070
6 615916 496878
7 891561 -43604
8 931352 860645
9 734598 794504
10 825375 852833
11 954893 10960
12 769179 823003
13 701903 739885
14 945543 78725
15 914596 68719
16 916080 827296
17 799406 784911
18 817111 893693
19 599843 573449
20 889995 -54923
21 670136 709949
22 904659 945150
23 578160 515617
24 937783 -56071
25 827042 736463
26 827181 853461
27 923126 836420
28 904345 -97412
29 645998 551623
30 834931 800919
31 754735 813725
32 931987 18895
33 661238 494117
34 791563 648228
35 890296 865810
36 550558 469720
37 865394 750186
38 734919 801805
39 701925 512254
40 722437 877247
41 938281 966
42 814367 822368
43 727643 769110
44 877746 -885
45 651716 484942
46 755376 402678
47 680983 817444
48 847874 58269
49 785971 896663
50 801886 762505
51 675317 464709
52 666259 827422
53 788434 752535
54 946661 794432
55 948771 29732
56 674699 861130
57 998513 28837
58 906898 751574
59 736799 515800
60 894270 19721
61 958182 78657
62 781959 820884
63 690110 497470
64 924372 839655
65 632883 507335
66 775772 792187
67 661055 871641
68 668153 510035
69 815280 844058
70 660952 727892
71 862963 849648
72 943590 794255
73 921418 806460
74 845201 43465
75 733341 827566
76 955657 39545
77 889323 -35450
78 589377 473051
79 846777 891188
80 791964 701769
81 827338 890462
82 883553 -45058
83 836365 869668
84 882599 50477
85 799372 35424
86 861985 -114734
87 696419 602280
88 595400 559188
89 605603 500396
90 874545 847495
91 650171 529847
92 647046 530266
93 669534 537625
94 735246 721773
95 681904 473427
96 657314 513240
97 631966 516887
98 546164 452275
99 580201 475969
100 760841 754886
101 709189 445386
102 728454 752549
103 730905 706186
104 857279 59098
105 933211 56852
106 761660 739837
107 914437 16607
108 967723 71940
109 987953 31014
110 716535 851528
111 887281 883733
112 629262 507359
113 657619 425191
114 744235 800236
115 1022947 -30184
116 998749 798
117 788251 769542
118 930270 74154
119 980147 -20107
120 940349 66908
121 611580 457803
122 836874 753621
123 821721 793145
124 888056 896494
125 992658 -13864
126 569595 560981
127 709448 750413
128 778245 736461
129 749713 666678
130 688123 770863
131 874512 832057
132 796344 840169
133 966218 865924
134 714736 869765
135 619072 467214
136 720316 832623
137 621634 455929
138 995511 50277
139 704647 726566
140 656598 459837
141 924947 10606
142 943449 790673
143 1016220 40856
144 926766 51647
145 827122 750758
146 847257 827168
147 893371 873041
148 711522 611349
149 567942 526198
150 968660 28572
151 799876 719862
152 611318 436198
153 786943 731451
154 917413 879576
155 813115 774734
156 784576 721754
157 917805 61475
158 695478 479247
159 703698 496357
160 655590 477054
161 902843 58844
162 679557 513941
163 905951 781045
164 863029 -57881
165 588603 412488
166 733124 713436
167 621208 457301
168 889923 89467
169 919180 728764
170 929474 45141
171 999447 809783
172 852904 856557
173 687112 768680
174 771447 910321
175 944192 -4166
176 876465 838690
177 680103 530979
178 890838 23965
179 671401 531119
180 690575 772694
181 688851 818993
182 764201 527115
183 747193 529866
184 931241 4882
185 857701 796917
186 740242 794046
187 902736 45413
188 567688 473627
189 916208 41899
190 841423 729659
191 597628 507631
192 905990 4478
193 757463 751101
194 887432 767459
195 715906 763589
196 914599 797318
197 667102 499246
198 892150 -18507
199 771582 833322
200 967182 7015
201 976288 -62568
202 1002955 29860
203 651459 442240
204 783195 669388
205 922465 852493
206 947449 -42375
207 974070 3442
208 892178 -23141
209 927246 69526
210 715112 776751
211 863542 19785
212 736100 816129
213 628546 547975
214 855477 817652
215 913235 74383
216 645827 741294
217 846535 899978
218 818755 789830
219 889382 799231
220 692690 444454
221 753199 754188
222 938249 830651
223 642125 409821
224 948506 93477
225 641000 500598
226 869997 876657
227 764195 725598
228 659260 541186
229 692116 486471
230 920733 67273
231 735991 874759
232 915421 786431
233 701817 850162
234 851313 807367
235 643779 769450
236 809963 741849
237 665017 534290
238 870919 62295
239 650009 408369
240 900675 806285
241 838971 817354
242 594523 369356
243 859001 823892
244 872775 825932
245 952833 -60860
246 907921 -25430
247 1050445 -17930
248 850866 835966
249 579501 402760
250 864634 796291
251 933608 877093
252 628741 511795
253 783199 730038
254 643880 479241
255 663596 499400
256 734136 825821
257 594610 534288
258 947862 -50202
259 723313 762957
260 804678 776641
261 677892 456404
262 941860 -25621
263 867252 759981
264 869815 752368
265 968063 846619
266 892177 804745
267 760077 816620
268 887963 909905
269 734629 787289
270 873805 851650
271 540424 424307
272 615908 511854
273 791975 37641
274 854837 803608
275 910670 -26226
276 670288 534518
277 547559 488815
278 767577 749557
279 695409 720905
280 783053 -37065
281 942451 41405
282 648082 465035
283 682406 752219
284 963718 897385
285 903052 -13971
286 744666 777139
287 698162 469175
288 650840 447577
289 769108 791476
290 993959 25565
291 607957 566722
292 837359 793204
293 865293 820779
294 586949 516868
295 1017912 24409
296 776235 768259
297 648026 469043
298 687739 843806
299 634787 536552
300 901417 804000
301 654027 538965
302 742416 842225
303 835338 773115
304 672023 744230
305 692563 753041
306 870627 10881
307 920532 12954
308 620643 503578
309 632457 442607
310 636714 514079
311 890515 -87056
312 961778 -82005
313 1021961 21085
314 909914 -41761
315 705036 439517
316 570758 479306
317 771156 798697
318 949960 842714
319 951656 66623
320 985033 108640
321 891461 913147
322 726590 756121
323 690419 877335
324 744680 500877
325 905049 818976
326 631191 503072
327 658174 469297
328 724528 717693
329 875429 835984
330 648802 393983
331 665875 494198
332 896024 -13562
333 701818 549012
334 1007838 -2212
335 944714 -21033
336 626283 556251
337 730177 750825
338 757302 841570
339 856736 6131
340 938653 824243
341 911484 804196
342 977699 869227
343 634874 463090
344 648309 439494
345 812570 -17294
346 937348 839292
347 653690 565471
348 861102 6266
349 685705 738119
350 691302 784852
351 725478 713338
352 550245 548362
353 885296 815336
354 826360 924355
355 718294 873861
356 860676 48422
357 761286 883343
358 775278 752673
359 613616 492034
360 724305 817236
361 796259 785278
362 798350 752468
363 757236 797166
364 932984 60900
365 912040 18
366 651892 535803
367 830384 11434
368 977975 26182
369 939270 129886
370 681079 784263
371 584754 556592
372 725967 772424
373 966099 -75034
374 603182 472960
375 855056 874445
376 733521 712774
377 873069 834084
378 749092 738668
379 862132 827384
380 601263 416049
381 723715 845125
382 910493 874887
383 804997 737348
384 952908 828911
385 932994 31070
386 954921 847159
387 630758 475729
388 1001239 46444
389 726410 790426
390 894387 31696
391 778770 488723
392 677538 503528
393 649598 551670
394 865574 823653
395 958114 -11597
396 640419 553112
397 877332 836519
398 607888 542862
399 904600 860373
400 707264 807000
401 726244 722114
402 739470 813259
403 857780 770730
404 892833 58245
405 958193 -24191
406 637306 480608
407 648546 488452
408 677520 465456
409 567869 468133
410 781264 479637
411 719233 515236
412 966009 22512
413 952410 108601
414 764743 773132
415 896296 855798
416 715863 871019
417 963170 841195
418 997224 -85557
419 864189 860782
420 588435 399365
421 713246 762030
422 878810 47044
423 753815 525154
424 751137 735987
425 553999 468559
426 681187 549540
427 625087 565345
428 927073 767417
429 707621 824361
430 820605 789288
431 914470 -25578
432 872971 840921
433 809716 709265
434 751858 524557
435 812080 807037
436 932802 -22513
437 947711 852506
438 955207 804891
439 879172 78536
440 958803 47234
441 925333 901084
442 888273 106409
443 934586 -23930
444 790320 750606
445 784946 851168
446 896139 798298
447 921993 900856
448 792150 784935
449 909526 49399
450 681137 753531
451 769491 753043
452 819621 878016
453 956943 -1357
454 870858 828707
455 778711 727338
456 586454 510227
457 859352 766815
458 666580 522654
459 926872 891530
460 893870 818911
461 838345 841851
462 709590 579193
463 882382 910954
464 941784 24842
465 679098 844759
466 690941 472148
467 686602 855633
468 713609 740920
469 879193 867433
470 859018 22944
471 673016 497055
