NAME : portcgen-491-1644937
COMMENT : portcgen N=491, seed=1644937
TYPE : TSP
DIMENSION : 491
EDGE_WEIGHT_TYPE : EUC_2D
NODE_COORD_SECTION
1 59590 412013
2 184705 624754
3 140113 752342
4 154472 594744
5 115144 602516
6 91046 350495
7 -14115 332565
8 197755 364774
9 181034 618185
10 153927 718162
11 13430 305188
12 81029 386431
13 107633 646606
14 299953 354978
15 132508 597312
16 195729 528620
17 94126 737438
18 139984 601336
19 95256 281165
20 160963 691197
21 362805 431499
22 143283 754483
23 309653 513106
24 68812 341349
25 150889 303750
26 80587 271244
27 67707 309768
28 130032 380535
29 50997 767155
30 36105 359238
31 136282 561655
32 372692 342192
33 291935 443799
34 284680 363364
35 213956 734755
36 335746 359951
37 198621 601515
38 179810 703919
39 335522 310515
40 255532 423464
41 355080 384025
42 136372 619640
43 168521 625374
44 69252 365038
45 108120 750848
46 150256 757709
47 140452 677675
48 364478 387967
49 86565 649667
50 300931 373298
51 173861 574041
52 126421 481967
53 111363 680889
54 138762 644719
55 173637 542787
56 242172 371918
57 61970 365772
58 200823 742016
59 340377 421369
60 -7888 324936
61 361802 356301
62 337588 357337
63 106670 747098
64 220361 585086
65 238772 391572
66 423918 390301
67 354376 409997
68 166141 770979
69 183060 563454
70 65491 318126
71 80909 291565
72 126313 725211
73 26260 351026
74 312738 415090
75 211825 622653
76 182049 532260
77 33689 610941
78 146471 387090
79 137194 748089
80 -135522 328598
81 44431 338784
82 311897 468439
83 161253 610827
84 63004 326093
85 74027 342275
86 334222 348740
87 77486 706333
88 133649 601630
89 177959 802048
90 182712 669877
91 207286 698776
92 380348 401355
93 101383 673770
94 180270 573148
95 152528 606661
96 125027 765954
97 -5936 244506
98 138932 633468
99 203493 623819
100 79183 722294
101 100040 766507
102 416441 385501
103 120633 360850
104 385923 352203
105 142051 574370
106 43260 249514
107 130080 534088
108 92155 366895
109 -42209 346415
110 121561 575558
111 173700 631655
112 57198 293964
113 127600 434839
114 134548 326443
115 54472 349270
116 143500 629285
117 105356 602471
118 35325 294332
119 157347 601606
120 169719 755407
121 166300 736070
122 127197 578827
123 145029 734413
124 88017 374734
125 202331 588607
126 166646 700432
127 170664 757688
128 208578 631696
129 205547 596886
130 137430 608239
131 113166 804372
132 141244 739610
133 180324 712231
134 84321 359122
135 338665 345024
136 185788 595033
137 216182 598126
138 157422 564815
139 58711 370783
140 144531 623128
141 413239 421492
142 132832 745858
143 113088 714766
144 416934 417516
145 146011 744327
146 8401 385481
147 327713 412367
148 53237 766388
149 283086 433929
150 231284 543263
151 47169 313425
152 184862 535807
153 298945 417161
154 323980 419654
155 191756 593789
156 185574 706611
157 123065 322206
158 255785 385720
159 205490 549244
160 64621 693654
161 314180 477620
162 272808 333965
163 170874 523225
164 242142 562562
165 33068 288996
166 152682 736196
167 107204 718842
168 371378 409019
169 20590 377649
170 138466 556765
171 118228 346820
172 354098 486974
173 163196 629074
174 255421 334939
175 8025 359011
176 159605 686065
177 335272 312102
178 144602 709021
179 7133 335942
180 164063 648103
181 99263 269296
182 311541 367269
183 85951 617533
184 110282 323423
185 113157 510410
186 196634 525831
187 350282 406605
188 230287 385461
189 63145 364986
190 189947 664709
191 206531 626927
192 16457 372795
193 992 358849
194 88375 750732
195 156436 645047
196 110745 790094
197 122593 721210
198 120446 585878
199 182966 604088
200 201167 750219
201 189759 689437
202 356679 373474
203 89444 363169
204 170026 619575
205 285185 400670
206 151489 267983
207 197540 714908
208 260709 388521
209 399616 382350
210 145449 778800
211 417363 404365
212 142889 723890
213 314757 406430
214 108671 414564
215 318777 366146
216 31431 313515
217 178473 532582
218 307676 400947
219 194286 517063
220 56485 299076
221 182338 599267
222 71416 348405
223 176455 541698
224 77324 283782
225 88761 281177
226 337598 442894
227 188920 736768
228 125579 570413
229 104534 574208
230 241552 690590
231 155986 789819
232 63500 235788
233 192583 685438
234 191207 724332
235 123718 692147
236 147010 802795
237 287803 395777
238 194977 652212
239 147397 547801
240 136474 635885
241 112997 364884
242 107847 671772
243 66503 292866
244 339426 369926
245 11092 364668
246 171322 781602
247 301223 344384
248 261904 576811
249 74515 703919
250 125634 617248
251 420428 384814
252 333811 396511
253 251020 443151
254 126185 304125
255 127492 719691
256 92328 336829
257 354219 412436
258 110674 816239
259 154404 776501
260 71042 332081
261 153934 572507
262 384296 331523
263 193926 642837
264 15972 297065
265 181825 572511
266 36893 290219
267 353111 329695
268 136608 421920
269 245707 590904
270 156580 730415
271 32587 307530
272 285010 282345
273 194988 704594
274 310693 403011
275 130088 728007
276 149458 307632
277 346221 385838
278 34855 595570
279 295896 349993
280 209402 677276
281 84702 444180
282 336883 484913
283 5140 329300
284 354068 421646
285 273997 332403
286 179080 648270
287 189255 750778
288 140353 768945
289 111331 325797
290 174816 553656
291 334917 398625
292 41246 367657
293 37754 322541
294 -39711 369448
295 78021 404016
296 166743 708531
297 233695 517260
298 118664 724623
299 345397 355241
300 328232 380108
301 137804 631118
302 351023 416648
303 150647 733905
304 143247 768259
305 285168 357459
306 91259 779343
307 85658 316190
308 113671 746539
309 113793 327603
310 190001 757482
311 167922 527931
312 331737 430079
313 137282 718368
314 182334 743170
315 36296 294286
316 234039 555215
317 187818 537075
318 150934 642300
319 16733 358837
320 189992 624717
321 30545 343007
322 52774 609123
323 321408 366122
324 176812 611667
325 358219 408943
326 379579 387416
327 196538 563392
328 287246 356522
329 289886 373292
330 351992 415009
331 90420 340284
332 96608 384113
333 170896 756267
334 262206 438904
335 249760 775590
336 94848 333369
337 221222 715062
338 280171 429863
339 213266 588194
340 93960 318792
341 84007 418509
342 51189 325223
343 217985 730200
344 391808 386450
345 126928 759510
346 198999 540358
347 287309 382852
348 289630 357734
349 130243 495975
350 452559 310150
351 244410 727805
352 186030 503180
353 273470 397500
354 205524 575132
355 -15647 368831
356 132557 571404
357 51647 326306
358 89868 577408
359 -42337 421291
360 373521 420737
361 86920 679096
362 53456 379663
363 345799 368324
364 295112 410743
365 139561 376769
366 324569 400478
367 351663 363776
368 37772 354547
369 141793 791432
370 160222 559419
371 348791 400572
372 147939 583001
373 309968 461895
374 18078 383328
375 80391 647999
376 205204 568812
377 28014 404953
378 129667 382803
379 259667 436644
380 142477 784773
381 161052 671812
382 58787 344789
383 158794 644529
384 135620 592436
385 134642 582022
386 24659 287572
387 165879 595877
388 270818 449200
389 97662 552257
390 134050 698582
391 -21154 406087
392 14578 319891
393 372813 444318
394 178565 580537
395 252889 467436
396 289864 473065
397 344651 442980
398 173391 607709
399 138356 786082
400 58860 303534
401 137351 730442
402 226739 390330
403 214643 734077
404 362453 414065
405 92232 329369
406 366909 395437
407 99063 746587
408 392098 440320
409 50494 362416
410 143006 731874
411 134725 583704
412 148902 758816
413 152371 739201
414 32502 435297
415 294980 455047
416 166210 717612
417 337598 397287
418 82085 608085
419 301037 365342
420 42135 447552
421 120808 758783
422 177311 776545
423 82645 349765
424 242303 745543
425 158130 725862
426 14330 326923
427 155346 766907
428 244461 565770
429 323729 442034
430 321105 469352
431 230098 426548
432 147907 771210
433 288185 388955
434 286236 474350
435 114085 689850
436 316139 288166
437 368552 458485
438 268119 435797
439 21950 724137
440 126482 667444
441 87504 611277
442 249966 764237
443 208118 725008
444 338126 407529
445 81877 745414
446 112585 230543
447 117156 676964
448 83785 340595
449 101800 701382
450 37111 305534
451 88353 743790
452 174193 788859
453 189771 747478
454 192163 711699
455 77360 729934
456 79259 376783
457 113317 678273
458 219274 580842
459 94299 664722
460 88448 769028
461 147146 644105
462 324230 395753
463 103645 775421
464 55558 385925
465 328569 395924
466 10237 383367
467 72272 357380
468 178595 518426
469 92140 370564
470 200059 549224
471 91909 260435
472 345546 377865
473 314392 327683
474 260658 303811
475 194822 624967
476 111985 379791
477 102706 356698
478 91221 753419
479 308981 442340
480 93156 302555
481 281457 647120
482 206930 587781
483 327457 345997
484 173018 576340
485 106966 763752
486 170534 731027
487 56295 424426
488 82865 672699
489 272761 444381
490 84679 424844
491 193890 568409
