NAME : portcgen-536-9796159
COMMENT : portcgen N=536, seed=9796159
TYPE : TSP
DIMENSION : 536
EDGE_WEIGHT_TYPE : EUC_2D
NODE_COORD_SECTION
1 344767 473721
2 898262 55500
3 395146 657678
4 324580 690032
5 995564 306076
6 598544 381618
7 568561 475022
8 991973 -34537
9 981421 -62592
10 949146 289749
11 694944 417495
12 354119 683876
13 956850 47685
14 309669 430727
15 268496 530033
16 649039 305588
17 989887 -23780
18 611776 351469
19 355840 431046
20 289009 508117
21 944653 57554
22 923755 -62722
23 591845 367070
24 951479 -33835
25 378727 637735
26 1049194 6570
27 903290 78428
28 660223 421414
29 389569 645939
30 851426 78709
31 646837 423473
32 1009346 -58014
33 271075 503798
34 943304 18585
35 319114 514124
36 974176 -12236
37 926096 276771
38 933755 19654
39 612593 425292
40 988476 348586
41 1000492 343037
42 945121 290065
43 371926 589801
44 1026104 -33410
45 998884 221859
46 382031 510704
47 983187 26741
48 903752 353924
49 998629 23381
50 928263 14909
51 635968 458977
52 617631 438810
53 938595 294205
54 1021491 -33737
55 416867 637630
56 434704 624273
57 264532 632501
58 640089 392866
59 624053 369427
60 998496 -894
61 281840 498017
62 968300 -3904
63 386688 701649
64 995773 279588
65 598576 392630
66 907134 -17344
67 927874 343006
68 969279 56868
69 1052678 9729
70 669969 452043
71 622122 374891
72 633711 400064
73 322791 617243
74 931828 357962
75 557624 384344
76 940332 47083
77 357609 420047
78 289958 458036
79 1025394 12279
80 278636 413264
81 633643 449970
82 990247 -48667
83 965881 344765
84 657803 405262
85 288528 420776
86 369960 447281
87 632322 398810
88 394891 656513
89 665318 406220
90 253479 443120
91 315456 629554
92 1056278 -1321
93 353884 633151
94 296131 474271
95 313726 606515
96 994381 248150
97 296870 416890
98 972230 300008
99 369589 639483
100 583379 367817
101 1004840 311663
102 357431 612092
103 952651 -44173
104 355637 624176
105 993641 -2344
106 928111 345753
107 686521 418496
108 960814 334083
109 950882 283629
110 356635 620251
111 986173 366787
112 674860 493455
113 645395 378622
114 351643 510659
115 889235 269216
116 315774 390700
117 379416 608888
118 196054 462016
119 331863 484898
120 280227 450718
121 924898 -19228
122 954604 320182
123 357278 561189
124 294848 522059
125 391144 595741
126 979896 328287
127 1007085 25229
128 303756 444018
129 1009531 405733
130 305689 496367
131 592467 433933
132 944700 335035
133 309596 629094
134 917642 31703
135 307487 462581
136 262200 471014
137 949788 -67424
138 962260 315018
139 925937 259097
140 983723 302890
141 885146 309610
142 323405 438890
143 596122 444343
144 1030039 59088
145 1031130 314471
146 1048368 27262
147 609395 452636
148 958037 319800
149 241610 468079
150 998297 317063
151 980138 232598
152 321682 621108
153 343639 594413
154 335188 476197
155 723824 335155
156 394671 606850
157 642160 384023
158 1014200 276301
159 353507 648867
160 260390 413596
161 285394 522431
162 306813 512677
163 1032445 249743
164 967505 339083
165 721453 398893
166 267590 683530
167 678489 340671
168 350057 720966
169 942371 294995
170 1022831 305383
171 346769 383763
172 948584 329672
173 299135 683381
174 965433 13665
175 316195 497522
176 661016 378497
177 914484 332763
178 409010 723226
179 963063 -3305
180 1010513 284336
181 1004458 344975
182 297082 452180
183 1000013 400236
184 875393 41079
185 288185 501002
186 434357 601255
187 576044 373589
188 315817 636450
189 676167 359962
190 973143 314015
191 313968 636866
192 257523 505927
193 645570 403538
194 300835 467419
195 1030890 -39668
196 929173 -11647
197 623280 459765
198 930955 51487
199 958442 322344
200 453698 604165
201 899763 314996
202 327261 495271
203 345761 585176
204 955224 325109
205 935428 -51622
206 967313 357705
207 466401 631752
208 634379 388323
209 862628 271808
210 298447 377302
211 338375 421803
212 930468 1730
213 923530 35235
214 324608 605448
215 1003474 -32114
216 631806 427379
217 582790 390480
218 919913 18480
219 312526 660436
220 951744 274453
221 365147 604090
222 910987 58262
223 587380 390773
224 1056330 35443
225 937918 303388
226 1054709 304802
227 694322 406696
228 322214 404895
229 589002 421148
230 458247 612494
231 656832 381735
232 1089104 -32311
233 707850 470147
234 1042848 2154
235 330835 607994
236 225785 457127
237 977274 384666
238 963129 71118
239 959612 320242
240 881913 19302
241 341883 444135
242 369738 701625
243 1016986 83978
244 349466 610372
245 405974 581178
246 355799 613152
247 746283 506795
248 1015561 372410
249 360114 406660
250 358936 477729
251 276614 539956
252 692961 421445
253 958355 -30038
254 303266 568255
255 932736 -40435
256 297324 518802
257 726983 398137
258 319807 462268
259 994071 40434
260 321855 470423
261 687822 367890
262 607499 342422
263 1009315 341559
264 243572 425970
265 958290 9494
266 932258 259669
267 688561 367022
268 948627 288904
269 280668 464302
270 317481 468707
271 644602 409214
272 1037310 365554
273 870518 49038
274 952182 -51020
275 589939 395596
276 300841 482806
277 460426 676673
278 309731 497569
279 600400 363938
280 950363 305920
281 247812 467593
282 359057 703392
283 639408 433693
284 919348 44771
285 729656 420949
286 419800 651699
287 938901 47991
288 610392 401158
289 594836 542303
290 378449 562822
291 928366 56388
292 281676 518022
293 955566 2421
294 957524 316873
295 349364 422563
296 393213 574386
297 289637 441691
298 324173 488578
299 918623 278815
300 643031 433823
301 371061 631178
302 965278 33456
303 671949 440647
304 276462 435957
305 907663 272533
306 926819 311730
307 945236 81914
308 1044349 296490
309 267323 446137
310 293473 447460
311 286711 619639
312 264123 455420
313 314610 521888
314 385196 576988
315 428277 624709
316 285525 466105
317 991120 89699
318 948304 37689
319 986503 -14246
320 285218 478876
321 970322 41823
322 295246 519749
323 653566 423730
324 313367 388196
325 345294 645817
326 378658 595677
327 321253 631175
328 963435 -21683
329 420068 689471
330 595740 374681
331 895475 -3900
332 333832 501971
333 317957 447594
334 599953 444494
335 933512 289744
336 304758 496281
337 673879 356646
338 284857 535138
339 630297 399947
340 537816 382629
341 664340 389390
342 925311 278964
343 864155 77725
344 989766 298054
345 604844 455385
346 309676 491440
347 691937 405218
348 324531 428317
349 986695 325886
350 421135 637996
351 299007 665689
352 949624 313379
353 1001934 311184
354 984643 -55576
355 636622 393862
356 1057518 322842
357 1001603 238008
358 693181 441273
359 642007 422793
360 660049 505642
361 976413 -33606
362 891942 81599
363 336076 401521
364 338722 491570
365 891465 43507
366 569296 366019
367 935479 326956
368 1012360 314716
369 953722 61685
370 963868 248266
371 373461 483695
372 207783 442091
373 936836 300809
374 963234 -20645
375 971832 18478
376 252020 511875
377 308536 662312
378 330466 629469
379 633767 395324
380 250614 653487
381 975823 223864
382 997054 79694
383 335758 489372
384 255444 476317
385 297260 621750
386 324800 490357
387 583032 404205
388 898467 299592
389 695154 454459
390 874436 23556
391 289440 466364
392 902424 -27867
393 695390 428060
394 402870 632371
395 337932 486767
396 357377 442508
397 932448 9812
398 376474 601250
399 295693 505884
400 998181 338964
401 975662 -25788
402 302941 742340
403 640471 421464
404 672905 459514
405 1015345 291777
406 354229 417526
407 986044 37009
408 352457 506787
409 348031 650013
410 956953 308474
411 372029 651839
412 635693 356752
413 558178 387800
414 252089 465665
415 310528 320564
416 956350 305383
417 621366 386194
418 240209 420026
419 901822 71623
420 977452 22217
421 1011926 -63858
422 975179 -48267
423 576912 408627
424 900719 340648
425 314692 442888
426 595663 468057
427 585988 330960
428 928262 44792
429 198694 402478
430 341788 482956
431 909566 254226
432 248420 400440
433 349111 651671
434 361463 472144
435 312735 436734
436 1016850 300667
437 935550 57500
438 299293 452959
439 639534 437107
440 997584 295006
441 956794 303133
442 409477 662091
443 258895 466844
444 279165 403387
445 892493 57515
446 351248 639032
447 706126 461643
448 944522 313627
449 675299 389147
450 325838 411707
451 657955 416250
452 1010802 10768
453 330795 697574
454 936498 275623
455 197049 459940
456 332478 469421
457 323690 616903
458 549787 429484
459 342485 455476
460 1028985 79178
461 674045 385924
462 977736 51916
463 651576 394079
464 608602 389698
465 376430 487163
466 667283 375995
467 669855 412956
468 617926 438056
469 938298 263127
470 915189 372414
471 914117 30752
472 335881 686602
473 279727 499622
474 649987 416526
475 311922 661975
476 899180 -7395
477 300552 539914
478 283302 468432
479 292638 636046
480 899060 246819
481 335397 641751
482 357835 591157
483 382794 580490
484 289482 527189
485 360489 635847
486 644244 356194
487 883196 24270
488 599002 375209
489 989657 291116
490 924238 300693
491 357370 632840
492 363881 650316
493 934811 279914
494 936724 7329
495 979409 296322
496 896591 322602
497 1007871 86501
498 950656 35639
499 985025 -85495
500 929057 -21352
501 946751 316896
502 594220 537824
503 652396 378873
504 629999 375064
505 985038 258518
506 921577 -16556
507 309637 391045
508 668332 462416
509 949062 -98039
510 978629 -18647
511 987511 18174
512 976622 315543
513 318209 491487
514 973999 299970
515 970815 -23665
516 633136 343769
517 674039 411530
518 680853 390550
519 344182 721647
520 346991 630938
521 391465 552969
522 875994 298179
523 350925 585949
524 997439 81641
525 598233 424154
526 324812 623533
527 931670 21046
528 324564 684875
529 410249 699186
530 1000945 -5534
531 892375 210365
532 657759 370126
533 885360 317362
534 333334 375719
535 894544 106879
536 309742 470309
