NAME : portcgen-446-1682311
COMMENT : portcgen N=446, seed=1682311
TYPE : TSP
DIMENSION : 446
EDGE_WEIGHT_TYPE : EUC_2D
NODE_COORD_SECTION
1 437062 343156
2 421136 360995
3 387371 228442
4 441555 20024
5 1026187 300074
6 966169 382365
7 433421 132016
8 409845 88951
9 310422 266188
10 429956 71464
11 238888 110055
12 982858 341101
13 330836 316667
14 361849 324455
15 908328 304108
16 331003 33733
17 281727 -10691
18 295357 215005
19 450834 99551
20 1046457 411621
21 972506 365473
22 984352 394250
23 1010979 311195
24 454971 302298
25 364795 268143
26 985335 412836
27 1064587 401419
28 389603 69992
29 443021 53638
30 960739 437513
31 198405 1928
32 378687 301940
33 389160 113176
34 521994 107934
35 1047232 441688
36 403436 99189
37 447246 19512
38 464646 33463
39 332759 308985
40 397282 306465
41 411765 19822
42 1007174 381264
43 992622 307236
44 335118 311917
45 319108 -43780
46 360237 51116
47 950676 320379
48 436603 109295
49 957270 346879
50 1044383 338208
51 421662 134839
52 376322 51432
53 385491 81275
54 498333 52675
55 396958 -91246
56 390799 274497
57 386165 60142
58 389245 94317
59 441095 263703
60 976159 334859
61 440024 297439
62 403950 176567
63 272457 9940
64 380661 33595
65 956053 343250
66 358072 84398
67 462452 255192
68 363438 108091
69 421652 125790
70 343689 10972
71 973229 322388
72 324351 100549
73 301030 356865
74 424476 167027
75 304626 -16829
76 312643 49607
77 451507 251389
78 346829 101334
79 959512 367615
80 1000018 377193
81 337837 354380
82 336520 38156
83 295964 105044
84 332935 51560
85 445238 258840
86 293361 40402
87 310576 371976
88 428324 283411
89 253949 36687
90 492747 115132
91 447724 343975
92 371320 97392
93 362594 348828
94 1010508 409698
95 1104424 301650
96 307230 -22087
97 263264 35243
98 337380 4587
99 352325 16619
100 1063662 342931
101 944128 325501
102 334653 291084
103 969925 356736
104 412680 286360
105 983173 321632
106 915092 274571
107 379330 114663
108 349913 288475
109 390504 287791
110 409268 354371
111 1027639 372877
112 1030870 325272
113 440397 103084
114 1030471 462489
115 393666 302777
116 354330 8473
117 451270 310380
118 342787 393453
119 370089 57267
120 495228 50023
121 375259 37808
122 299857 96466
123 325557 -14601
124 962070 298880
125 1047110 369075
126 984052 392107
127 331647 45305
128 1051433 261652
129 988141 425301
130 329951 11072
131 411915 93706
132 366747 13900
133 449262 195465
134 446792 79953
135 339218 370800
136 350901 107376
137 417793 95732
138 310047 310668
139 285807 46371
140 324210 265703
141 984349 358706
142 337281 86684
143 1053997 377082
144 382678 112026
145 357305 252622
146 438945 32239
147 322587 95583
148 391905 279891
149 413049 76903
150 317190 32856
151 348528 319254
152 338123 262621
153 425269 78052
154 973095 475040
155 353172 -34060
156 447782 382985
157 389704 253953
158 394423 135216
159 373091 341654
160 385457 336535
161 432788 253306
162 388062 23488
163 421796 138938
164 324379 14487
165 434588 267469
166 1034508 361269
167 440927 58925
168 310476 46507
169 309698 314056
170 377411 187058
171 418643 285947
172 1031286 356399
173 305550 54626
174 413143 86155
175 399068 261097
176 303035 37290
177 396369 88418
178 507659 135282
179 422161 344058
180 324937 321599
181 377059 -10919
182 437928 47596
183 371099 266744
184 437720 28726
185 377684 253288
186 593050 82369
187 217585 -28766
188 393535 366174
189 485320 125673
190 438411 94439
191 1040191 333254
192 992049 329900
193 1031308 303813
194 351368 88301
195 422385 48166
196 901540 376309
197 960845 326314
198 1041544 356728
199 319038 373969
200 456466 148353
201 460342 323701
202 475819 132594
203 1040020 307898
204 383248 -72960
205 466507 191803
206 436204 285911
207 383019 72095
208 999105 377641
209 967361 350383
210 957892 302897
211 451064 3479
212 465240 284376
213 275055 62134
214 357001 350770
215 1056603 384456
216 1041005 307019
217 935208 201888
218 374054 397274
219 460310 59017
220 1000524 375784
221 388741 260996
222 302240 35492
223 365620 261872
224 313538 39428
225 995155 346698
226 991973 406712
227 430445 331510
228 357696 376865
229 947268 284649
230 513978 105130
231 1012443 284876
232 449796 92837
233 301256 4340
234 455248 241384
235 400867 93411
236 445986 152291
237 422807 163553
238 333981 396255
239 901080 276274
240 505125 87628
241 423325 116818
242 271609 78862
243 365123 26236
244 339686 30292
245 533718 79543
246 396882 74116
247 352112 56208
248 963997 337651
249 327368 131338
250 438437 335704
251 318254 14551
252 462865 184078
253 381542 343682
254 1073498 321072
255 282340 38067
256 1006806 330308
257 951792 338008
258 346505 375082
259 452416 151853
260 429815 102221
261 303803 11749
262 988649 332050
263 963895 308992
264 1055118 319992
265 979181 337078
266 402159 -23190
267 354232 40857
268 1023110 365277
269 337606 278265
270 457432 321711
271 1002240 302214
272 314412 220615
273 303683 -26666
274 490670 351892
275 456247 307972
276 1018114 328811
277 328109 275905
278 997037 367576
279 475847 97980
280 382184 285152
281 432800 321362
282 1138331 278849
283 432522 315442
284 438941 66344
285 375947 284091
286 1003295 317570
287 316544 302881
288 1032633 279513
289 981671 317982
290 371795 268978
291 1011239 310752
292 960775 393673
293 367666 333902
294 929520 331105
295 920454 298726
296 385540 389739
297 996133 283372
298 487370 252322
299 450383 275865
300 935433 315058
301 918033 315974
302 472627 23673
303 388961 109403
304 466062 38221
305 928817 296623
306 397201 125750
307 477877 245147
308 375949 24948
309 447072 320565
310 424924 344256
311 365664 408390
312 372695 354414
313 389955 153495
314 395601 417949
315 373930 74329
316 337532 50655
317 436952 85825
318 338670 69126
319 385135 318634
320 442664 105797
321 424375 281074
322 446379 315569
323 898844 297800
324 393103 337162
325 347899 -23125
326 365334 27233
327 446701 346527
328 421766 149004
329 345466 86064
330 377116 190956
331 322389 -17846
332 1070418 359379
333 386890 335372
334 368721 334056
335 375119 339905
336 1008016 383049
337 315043 34326
338 358954 90729
339 295095 -26495
340 369427 1281
341 340377 323428
342 967813 431277
343 440941 70216
344 936271 374073
345 385142 21301
346 411425 234553
347 345873 105845
348 366340 81711
349 278294 -15606
350 407629 2630
351 448070 78099
352 1031723 319701
353 1008815 372862
354 438580 123976
355 1001693 370662
356 416236 311972
357 299196 422
358 958514 435627
359 1019257 305852
360 454462 71629
361 326177 -79311
362 325231 312378
363 345581 263316
364 306043 47314
365 322835 231356
366 382309 7748
367 448471 68767
368 998152 382847
369 372060 -21250
370 983461 293870
371 304780 73905
372 498709 -24998
373 440290 154144
374 1030830 389340
375 324536 130738
376 411698 112456
377 1003181 344291
378 909224 277868
379 1000806 270198
380 387594 276025
381 414647 101236
382 337754 110506
383 423690 -55840
384 357770 362814
385 1031503 332262
386 365225 -37494
387 514806 95416
388 386593 385534
389 398160 64471
390 295983 -53985
391 365212 -20934
392 458430 337467
393 330075 -39344
394 414721 -16198
395 439317 361155
396 962220 479900
397 959011 323980
398 427927 354827
399 385881 103939
400 996980 365998
401 430720 47080
402 912617 365457
403 448472 29050
404 320277 49556
405 1020590 403777
406 362472 335327
407 318637 -10566
408 310544 50136
409 470797 137016
410 897358 367177
411 962547 233337
412 912194 283764
413 351455 85168
414 433484 97543
415 335209 18654
416 1001515 381182
417 325682 556
418 413017 394969
419 323438 154031
420 449945 398509
421 327517 -3713
422 442536 -8558
423 953171 436498
424 433999 54433
425 1038754 319621
426 917306 318912
427 964403 312165
428 331620 54079
429 376652 126431
430 359201 129408
431 466387 291613
432 333304 30837
433 361433 326375
434 352789 3651
435 1021731 382284
436 472414 70351
437 409040 30362
438 243117 20677
439 997484 398127
440 1042154 374879
441 350138 -92192
442 465952 330513
443 993248 270278
444 435016 140983
445 1027615 323301
446 379306 9667
