NAME : portcgen-486-688766
COMMENT : portcgen N=486, seed=688766
TYPE : TSP
DIMENSION : 486
EDGE_WEIGHT_TYPE : EUC_2D
NODE_COORD_SECTION
1 744522 440670
2 950897 401341
3 1070567 443645
4 823241 504047
5 736224 415778
6 910810 369327
7 1001778 445419
8 815797 474183
9 648905 751250
10 643570 368336
11 678449 726576
12 834070 429560
13 639905 393507
14 736973 867837
15 746204 444895
16 750931 462687
17 790811 621287
18 690630 823625
19 840851 366077
20 969685 382653
21 817307 519829
22 725762 702643
23 638422 738987
24 692804 418966
25 691259 705293
26 707954 405692
27 632659 699747
28 670547 388593
29 833979 485921
30 650276 402515
31 809449 418607
32 1080639 416851
33 666290 752521
34 997121 421226
35 1019008 443740
36 765538 747843
37 924787 422792
38 667190 734227
39 969504 435746
40 809389 410166
41 885064 405673
42 649825 549459
43 781906 443616
44 1016576 412020
45 853591 537606
46 719740 446528
47 680271 733271
48 1052816 353824
49 796686 407151
50 643867 391004
51 703567 746012
52 674856 784546
53 1050848 356910
54 919239 441805
55 730505 775104
56 951898 358328
57 677632 415422
58 996887 431997
59 667057 676089
60 911504 412021
61 696691 379328
62 977580 362540
63 688815 439736
64 986929 418183
65 944743 372047
66 1031773 431292
67 982374 432770
68 795115 476898
69 700695 693843
70 632631 484294
71 622062 447740
72 739533 453366
73 963035 512114
74 980793 440200
75 686976 389761
76 761435 460461
77 729829 463154
78 1067966 417170
79 780930 711823
80 967828 388386
81 979352 520367
82 757576 452356
83 733512 781952
84 1009873 517503
85 781497 391616
86 803874 457501
87 688090 406573
88 1004532 408535
89 798768 468412
90 651498 412559
91 762569 779477
92 836020 521422
93 691667 786363
94 767420 443728
95 734148 826864
96 1007505 479310
97 692731 456200
98 745192 714775
99 685594 746718
100 1022508 445115
101 822682 404750
102 740457 703167
103 663800 393051
104 1042454 447380
105 732976 419110
106 708297 446286
107 707021 693414
108 958074 430349
109 705081 351141
110 777286 448390
111 789505 510215
112 773235 447779
113 699746 433784
114 737615 428572
115 1006664 472002
116 806743 421015
117 610035 747068
118 661852 799195
119 671191 712880
120 966217 330762
121 740549 733237
122 706466 743414
123 680363 372762
124 670162 762324
125 845597 407896
126 976716 532051
127 652406 714087
128 685005 441792
129 842138 486580
130 654971 305598
131 671354 438608
132 775180 781666
133 785007 395734
134 791624 437249
135 702289 408955
136 678917 693638
137 838106 539607
138 706907 485739
139 706368 385104
140 809952 364993
141 763913 693591
142 726204 408768
143 928011 482669
144 948666 470248
145 993458 384392
146 956308 390140
147 909736 479571
148 841992 393672
149 657970 771288
150 878959 436792
151 731053 752010
152 706525 453343
153 704181 450953
154 796415 418430
155 1005927 413626
156 971047 349349
157 805721 394148
158 812222 386530
159 688287 444815
160 834979 353840
161 670935 724034
162 725125 741041
163 1004774 373650
164 888852 418051
165 635418 771187
166 826403 445022
167 800528 494225
168 928956 494679
169 651807 675509
170 787941 421894
171 706705 709436
172 904935 407784
173 950060 407046
174 930382 488079
175 722679 764623
176 736672 454031
177 755346 510870
178 708226 445475
179 660647 796177
180 646345 473569
181 696793 376928
182 867766 415879
183 1099558 467837
184 787809 784460
185 980451 406135
186 813114 432331
187 937265 354643
188 674922 432275
189 709365 708202
190 690788 384891
191 939218 477111
192 652430 689750
193 847504 427984
194 990042 504556
195 691372 750043
196 777683 750704
197 698770 551487
198 1065447 388135
199 684466 734010
200 607978 398671
201 987831 450171
202 697272 427518
203 1054520 490706
204 807891 487761
205 843622 392314
206 1005624 441735
207 816573 404474
208 760337 757124
209 1061741 428830
210 691712 426266
211 654670 776564
212 987429 388276
213 1003553 425623
214 974323 482698
215 835864 418764
216 652396 446721
217 671453 436207
218 826682 493789
219 1007113 347505
220 1083868 369731
221 960352 390074
222 693126 480518
223 620525 409764
224 846078 438766
225 856609 518398
226 707952 499061
227 838232 450481
228 1012945 446858
229 642477 436860
230 991888 409143
231 957026 524102
232 666646 344157
233 1019858 433787
234 1020370 515052
235 934908 375256
236 829474 514109
237 1004778 436867
238 640232 452160
239 623828 431407
240 686532 805310
241 751225 734586
242 822321 447888
243 704226 350684
244 678861 405135
245 795310 480761
246 651011 778593
247 691687 721597
248 956646 483763
249 809121 487131
250 714536 403963
251 678660 458655
252 702421 744252
253 784868 488021
254 842372 427786
255 766307 418296
256 671982 723548
257 834145 437029
258 909332 390531
259 970770 430569
260 648374 828096
261 705054 671455
262 665575 703108
263 886281 461267
264 826792 420115
265 674851 477453
266 886699 409075
267 665760 722033
268 890652 357357
269 891332 344244
270 635664 757011
271 997674 373001
272 689406 467549
273 767719 726879
274 652886 703421
275 931193 447463
276 709281 714851
277 1021919 451624
278 795955 485193
279 677615 401943
280 718397 699933
281 591038 746546
282 692388 668887
283 876579 435703
284 923821 471290
285 813688 736499
286 721175 745572
287 747659 372935
288 828856 430619
289 987561 424197
290 667362 382759
291 806255 443768
292 659220 755219
293 645348 787419
294 667344 736839
295 972204 384197
296 680131 448911
297 1004784 381563
298 694343 781005
299 918877 420978
300 681645 439859
301 738531 443611
302 688526 372001
303 933162 435391
304 690471 458563
305 731891 416197
306 619769 473592
307 715356 713841
308 791510 423313
309 691944 494804
310 698286 758990
311 664005 439189
312 723654 407132
313 812257 436518
314 807892 433406
315 658832 364327
316 702152 483751
317 654914 680506
318 732865 847326
319 974843 469380
320 938796 380770
321 914539 444745
322 798765 484425
323 668250 774747
324 767794 408868
325 792426 379796
326 749811 500552
327 665395 672863
328 827271 489184
329 673252 720822
330 743262 415258
331 1038748 399099
332 703477 470361
333 672401 689886
334 658032 762165
335 815598 488558
336 760723 425193
337 765305 476418
338 709047 368008
339 694674 743448
340 669695 412063
341 774592 776270
342 981608 398569
343 917594 447608
344 740000 691113
345 776337 494349
346 758117 380551
347 994777 551686
348 668285 463559
349 998464 479162
350 974624 402381
351 774433 659978
352 1038215 455277
353 789931 496719
354 673515 452257
355 689032 452589
356 702031 453873
357 661324 477337
358 790411 461777
359 720025 787598
360 681166 478905
361 763657 402155
362 970591 391869
363 790218 480678
364 697428 443408
365 739738 669567
366 718773 742817
367 860867 485626
368 979328 431393
369 694335 351398
370 693718 782794
371 1038508 393815
372 983667 400756
373 656015 447324
374 651759 387191
375 726086 358835
376 729590 507633
377 921893 492116
378 972012 450193
379 809974 463903
380 774138 477463
381 767812 793024
382 783080 517570
383 681302 778116
384 667968 730646
385 624384 476548
386 735234 823651
387 778350 423535
388 993953 536286
389 869053 437006
390 828572 468470
391 681562 433414
392 691932 469867
393 619446 374147
394 797985 363366
395 806770 418854
396 730028 811659
397 745461 367144
398 754877 469927
399 918800 546724
400 856520 427058
401 917892 458654
402 795337 811998
403 928949 508699
404 953930 479744
405 647453 500044
406 815774 473086
407 636113 375165
408 705898 704447
409 1003710 348288
410 773932 428759
411 695518 441023
412 688057 405240
413 905087 395682
414 768532 429604
415 1006485 418478
416 1012539 433117
417 684778 438564
418 759096 822241
419 854373 438534
420 669569 452201
421 707637 446560
422 819425 449552
423 622138 719078
424 977277 346548
425 700671 758416
426 913930 379154
427 811742 455789
428 1055137 439867
429 845312 536831
430 982969 462211
431 663224 394531
432 751608 484363
433 600210 836705
434 686151 455179
435 774906 399538
436 985796 360353
437 738248 722100
438 713326 390216
439 820857 432314
440 869756 443526
441 1020056 426653
442 878625 495337
443 852520 453480
444 979818 497314
445 843044 472703
446 1019878 424745
447 811385 456008
448 777257 576318
449 805269 484242
450 971277 438785
451 983582 453159
452 708405 690267
453 848726 499533
454 638205 708669
455 977387 382447
456 754317 505079
457 668575 385725
458 870844 493223
459 1035802 416444
460 701328 492765
461 1035613 439626
462 748300 483236
463 970929 482708
464 813789 496548
465 821292 461666
466 706564 686520
467 793247 636954
468 855809 466864
469 760216 390542
470 924402 337744
471 775862 783352
472 721630 815393
473 787471 438275
474 694549 506069
475 677061 718895
476 697577 791829
477 771026 715894
478 617588 480462
479 943219 362744
480 673342 789033
481 703039 638351
482 1008861 462541
483 718210 384385
484 915221 513857
485 955351 419826
486 663882 490797
