NAME : portcgen-403-3249794
COMMENT : portcgen N=403, seed=3249794
TYPE : TSP
DIMENSION : 403
EDGE_WEIGHT_TYPE : EUC_2D
NODE_COORD_SECTION
1 -17201 127190
2 303468 816733
3 742004 769820
4 790178 764630
5 -34765 -11951
6 -111110 163168
7 14559 131564
8 427257 812105
9 679703 913975
10 760659 991669
11 26112 172021
12 842188 1006136
13 798940 1043851
14 738147 1017765
15 9143 70538
16 674982 873559
17 770443 794238
18 58119 199205
19 94032 176915
20 3703 169550
21 871923 977403
22 -4535 175352
23 780457 794570
24 785177 953067
25 370918 921568
26 364567 846149
27 399722 834462
28 752934 816337
29 706897 820800
30 809283 1021276
31 755540 872979
32 762047 828584
33 52352 66676
34 60187 219810
35 69649 64928
36 343636 835790
37 782681 1025610
38 743261 1017187
39 321708 992740
40 680065 892755
41 723700 851415
42 -82095 10444
43 360003 797184
44 767843 856425
45 399871 831609
46 833920 985842
47 38147 151143
48 824097 912665
49 466417 865953
50 392764 854757
51 68722 123761
52 738800 830216
53 654526 756453
54 876711 867609
55 791392 854706
56 381267 770142
57 814600 866652
58 874131 976254
59 834621 1050484
60 30838 196755
61 812538 936199
62 370043 812704
63 418899 913368
64 374850 812069
65 774776 784984
66 337131 858644
67 768779 870863
68 365873 785393
69 745217 819659
70 23144 105275
71 370817 847112
72 835210 993545
73 -24388 101024
74 20063 124219
75 848314 911609
76 120549 77879
77 783705 950936
78 724539 869880
79 472124 843039
80 -56932 74694
81 -65186 88740
82 368880 852858
83 19668 58842
84 326116 848215
85 798709 1032161
86 802038 980149
87 783647 874631
88 80773 160575
89 438075 865611
90 878590 994855
91 496284 854278
92 71542 92051
93 -8182 62350
94 793584 861871
95 327930 959569
96 851771 969733
97 805120 957428
98 663329 871414
99 348151 884274
100 396729 845732
101 337394 803543
102 360333 953027
103 369583 820991
104 401994 734328
105 -54862 12435
106 -3481 243773
107 64197 22034
108 794997 943324
109 380767 790442
110 470870 847082
111 57671 49060
112 720788 896330
113 366515 857178
114 344703 806387
115 827301 919748
116 441205 778577
117 815508 954066
118 434472 832691
119 476907 784291
120 789532 1013333
121 -45779 151891
122 361225 835461
123 904556 929604
124 681634 752808
125 666214 789684
126 100573 141300
127 777375 842770
128 388924 848530
129 703967 799049
130 798074 758865
131 842749 910738
132 150833 93642
133 -69575 134048
134 103910 153354
135 24965 192523
136 53857 98461
137 -56134 161924
138 313115 815048
139 793629 979393
140 844661 1030119
141 427673 793047
142 394894 881587
143 35371 50946
144 301555 808738
145 802814 1022874
146 734683 855146
147 -35247 116048
148 878463 928924
149 13363 30073
150 708550 896047
151 280604 845229
152 337997 945199
153 842671 1016971
154 673938 871023
155 386831 895166
156 323787 809475
157 432887 801064
158 669940 910734
159 381914 842321
160 426236 907403
161 845712 1011627
162 872100 924019
163 816659 916712
164 296608 855709
165 45338 74360
166 714059 840932
167 95984 154486
168 717876 830726
169 360457 857242
170 759819 960791
171 719950 810640
172 770490 823665
173 837192 920863
174 -9792 106621
175 57481 134459
176 15757 83469
177 803724 1026407
178 854184 883115
179 -17659 47077
180 48158 159591
181 432670 751240
182 843624 1021284
183 757931 989729
184 805623 904089
185 -55742 108166
186 937978 1034324
187 408282 862223
188 259628 856722
189 -1421 169040
190 876792 936387
191 853739 989618
192 1095 102005
193 736252 854455
194 -15807 188830
195 47430 69931
196 449348 807100
197 -1712 148472
198 380617 915800
199 311760 869360
200 55340 118574
201 789782 807180
202 816503 922896
203 750892 875930
204 842512 1011293
205 724376 890077
206 47869 144246
207 -8670 143905
208 813631 870445
209 799246 963140
210 881956 946394
211 749291 892104
212 788062 911844
213 825748 1032876
214 804256 897720
215 802759 974457
216 50352 140258
217 20220 183668
218 -27637 100149
219 340035 793051
220 863127 968104
221 289908 875168
222 703022 771556
223 787034 909615
224 826168 954968
225 775789 769747
226 462506 866128
227 403389 826659
228 915096 982416
229 755325 932079
230 759886 684147
231 824636 1022751
232 -49915 100908
233 307506 894624
234 686125 812935
235 688477 775100
236 357235 818347
237 -22870 121081
238 748402 950514
239 752469 851358
240 370842 849970
241 95627 82245
242 684925 816073
243 761460 1003755
244 26487 84539
245 767095 819407
246 846512 929173
247 -23358 86278
248 48467 51265
249 762119 894695
250 25478 149374
251 411437 851455
252 744997 878919
253 459427 866425
254 802408 997417
255 770984 839778
256 12309 82573
257 -7003 96797
258 425209 916460
259 106251 138633
260 845872 923819
261 -27963 181076
262 805351 917845
263 418754 831110
264 826775 926002
265 388709 842400
266 738302 888132
267 763159 776593
268 381513 850307
269 701071 795832
270 618474 784231
271 366126 814163
272 846330 900754
273 808821 1047416
274 690293 864420
275 -14198 103989
276 45779 113892
277 894690 1031590
278 295750 847065
279 514877 808587
280 337239 818978
281 67943 83320
282 761195 954913
283 758448 882252
284 25525 113652
285 393036 892405
286 426314 895267
287 698965 828847
288 766828 959305
289 324577 891616
290 377806 877024
291 381471 811244
292 424071 898601
293 669501 827009
294 662998 891856
295 451751 803239
296 47343 113685
297 766490 828993
298 640164 755914
299 34996 154367
300 656371 851994
301 776733 852863
302 674812 748526
303 37057 136145
304 346552 865228
305 359264 909610
306 5572 60569
307 389081 898840
308 376937 854018
309 819203 1045965
310 863339 964738
311 -45665 219555
312 759357 852286
313 787303 998058
314 895534 1061249
315 746093 1023679
316 834648 1058849
317 321160 802605
318 856162 944055
319 745922 938716
320 856322 984138
321 736047 798873
322 713751 1003044
323 347795 879149
324 351167 872664
325 44211 216365
326 796347 971898
327 345254 896040
328 758515 953089
329 790622 963678
330 426326 913817
331 777509 871208
332 384102 852537
333 363640 720705
334 811100 903853
335 -33937 13290
336 101126 120691
337 753551 968308
338 868125 894529
339 93847 98819
340 439026 802267
341 698636 823407
342 827738 960430
343 47069 109822
344 831820 1023208
345 844044 934225
346 87285 53654
347 727019 786253
348 336846 785835
349 6248 70224
350 97731 128372
351 26260 110491
352 379806 782379
353 766228 767301
354 850811 849046
355 2371 22017
356 792899 971190
357 714729 752201
358 789644 952890
359 378549 763425
360 -58264 171082
361 498349 858196
362 737959 834049
363 387552 824793
364 430854 848173
365 28691 50507
366 843921 938047
367 417936 790746
368 789083 918402
369 290115 777381
370 737286 940875
371 847779 974317
372 745938 928453
373 406574 850659
374 740177 818622
375 429724 830275
376 74879 126643
377 65624 142975
378 358209 733350
379 751457 1012950
380 376470 874002
381 397858 873397
382 729063 784785
383 -52900 81317
384 854987 1073714
385 774724 926914
386 42613 65511
387 24327 98434
388 60783 88859
389 805450 1013796
390 770763 903770
391 703201 830673
392 859570 976323
393 27602 36626
394 287073 816131
395 768152 892074
396 663276 716739
397 57699 -20507
398 691982 803132
399 88614 120500
400 711761 840576
401 684932 842861
402 792614 1001572
403 720696 935931
