NAME : portcgen-500-3537257
COMMENT : portcgen N=500, seed=3537257
TYPE : TSP
DIMENSION : 500
EDGE_WEIGHT_TYPE : EUC_2D
NODE_COORD_SECTION
1 146593 648024
2 568538 679794
3 489118 620562
4 26235 838757
5 845827 641925
6 852199 630414
7 572093 662578
8 538902 564443
9 533513 644419
10 55188 704620
11 766242 621358
12 615076 624654
13 152701 639972
14 -1935 880483
15 828568 659803
16 84779 731999
17 503132 624358
18 558736 626479
19 543210 501942
20 -7764 866017
21 23976 808583
22 804415 682793
23 98464 660281
24 52305 618370
25 565908 535646
26 518140 644860
27 88220 580716
28 33622 825403
29 734844 576610
30 559081 670269
31 69388 758703
32 654974 586950
33 -47772 904975
34 775329 638122
35 739867 709435
36 88205 704073
37 532949 564376
38 867754 699900
39 603596 635814
40 39515 794338
41 871526 661658
42 72286 612887
43 433974 596228
44 566990 620009
45 178971 658284
46 161327 682255
47 38944 856301
48 43595 815120
49 520515 612338
50 113448 673663
51 580282 622799
52 447847 566921
53 840254 643749
54 519660 632257
55 533434 644880
56 -21970 906504
57 30801 927355
58 73179 661545
59 113211 816088
60 847076 560157
61 655527 569010
62 50119 634375
63 552325 591280
64 559713 682889
65 802342 637326
66 17217 788735
67 744166 625999
68 817 937209
69 841841 678251
70 610701 707882
71 538635 679665
72 553991 543547
73 41808 827701
74 510571 640671
75 564888 568882
76 52505 643061
77 68876 636144
78 564181 638347
79 535337 673738
80 135823 698952
81 25406 862696
82 64967 684973
83 393713 637126
84 612348 721634
85 768496 666361
86 122022 684166
87 119289 624114
88 740898 651262
89 156126 643698
90 -7137 854507
91 790651 551088
92 -70031 793892
93 808188 718707
94 64890 877693
95 645717 654542
96 515539 586169
97 844830 725083
98 598163 670536
99 93956 630619
100 539024 611935
101 76771 675476
102 -27602 846728
103 514663 726498
104 427290 684478
105 -24565 914159
106 99606 682264
107 476564 640785
108 530979 667281
109 -31106 811634
110 773553 646102
111 27337 751344
112 783885 611357
113 579395 612914
114 784551 713161
115 531622 600583
116 558932 619031
117 853802 822221
118 748198 655262
119 114453 841651
120 537197 722265
121 97901 850482
122 559696 655710
123 553426 588828
124 805182 644280
125 786655 710635
126 175859 776043
127 642904 637355
128 818941 639736
129 747550 683456
130 570856 576981
131 491373 562090
132 88943 845220
133 559571 646273
134 815586 613290
135 750990 622416
136 102097 673395
137 485258 581138
138 -99856 840534
139 78410 677031
140 789949 595424
141 -8944 654028
142 527439 616941
143 22685 852711
144 113775 663673
145 59079 652136
146 518970 643044
147 544503 647623
148 522092 638421
149 563961 618234
150 525599 709340
151 57704 801195
152 22407 887169
153 862685 622473
154 -48966 915012
155 618815 585127
156 48373 864719
157 726040 659822
158 716647 573921
159 -7233 842543
160 121516 642883
161 494439 543583
162 570851 567439
163 536363 580157
164 543939 578343
165 756549 626672
166 583973 552922
167 491064 667645
168 80192 596921
169 498265 639132
170 514407 723567
171 510057 668636
172 517828 704928
173 646242 574781
174 787858 649838
175 -33276 898529
176 747190 613149
177 837746 673061
178 778039 648413
179 555901 734810
180 -40629 855217
181 48421 678856
182 24249 910329
183 25910 609185
184 532595 632257
185 552618 627519
186 473411 641028
187 -941 893681
188 802627 676082
189 11013 823840
190 501556 569974
191 630969 646725
192 436233 647944
193 76763 729300
194 -34331 913046
195 865793 636384
196 571655 699869
197 -10633 842931
198 -4386 615911
199 570976 586291
200 703545 663855
201 520410 590735
202 659884 697241
203 73784 756523
204 613197 635029
205 778746 661637
206 559899 588038
207 584837 576375
208 488749 715175
209 532035 598085
210 473656 618002
211 479844 710900
212 68358 611357
213 18866 838055
214 40630 696037
215 549080 604294
216 71082 678669
217 60422 713499
218 736781 663728
219 486112 662358
220 757572 665247
221 777460 589678
222 102034 669418
223 -22592 844430
224 785991 637975
225 793187 680688
226 583086 602425
227 827004 614861
228 134984 567264
229 524490 627427
230 73166 595072
231 532640 628972
232 563486 631617
233 85024 835818
234 56063 611784
235 83969 598245
236 459492 696317
237 818204 629445
238 803483 714400
239 -52612 869243
240 506638 600847
241 827449 647870
242 779922 631833
243 101023 647711
244 863180 649866
245 565026 700580
246 56136 843097
247 -32434 850424
248 473692 716304
249 543990 581268
250 570345 627828
251 55716 872662
252 63334 808440
253 52301 824536
254 635411 612626
255 505554 696675
256 68199 662999
257 505555 495832
258 -805 821159
259 623045 601092
260 55238 865594
261 513016 646246
262 595839 614805
263 786678 628593
264 93200 671653
265 579504 679866
266 26491 913060
267 13440 868007
268 473999 659437
269 496753 608879
270 479592 570381
271 832092 667724
272 162027 618618
273 853127 602577
274 543681 592445
275 809659 631873
276 843591 543499
277 570333 632318
278 563649 596198
279 554265 607360
280 44934 846557
281 864822 705427
282 529644 675810
283 578294 635440
284 789947 550135
285 -6519 852844
286 114774 652748
287 450763 648884
288 542495 665979
289 86214 745745
290 159794 619275
291 652 803794
292 52045 792332
293 496493 627399
294 562268 624363
295 791201 638599
296 409568 607511
297 510965 592048
298 563592 627632
299 587609 703505
300 48862 790980
301 836843 566826
302 51124 839080
303 555853 498481
304 122238 597257
305 -50068 907754
306 600936 621034
307 790542 717256
308 70334 672528
309 590286 631238
310 54836 669794
311 556893 544018
312 540271 615686
313 177517 699817
314 -28328 721153
315 97480 866524
316 469639 554537
317 -63109 879600
318 42613 854536
319 824337 600872
320 775407 629024
321 766765 690893
322 51332 837932
323 33830 892661
324 490723 644919
325 560852 621689
326 29289 723499
327 816478 606837
328 465901 659783
329 518569 557531
330 744165 670936
331 36010 887489
332 542189 656780
333 602037 606024
334 5669 831743
335 746561 684335
336 -979 778607
337 520044 697150
338 -88651 933155
339 740253 672252
340 21352 868294
341 566324 601276
342 26597 834145
343 857729 597050
344 826264 663309
345 66827 655552
346 882 881524
347 571703 619915
348 135807 558296
349 852426 631121
350 108687 653131
351 843005 690016
352 63894 669494
353 52828 766822
354 58023 742973
355 606782 632319
356 458745 655922
357 18838 642110
358 66019 594555
359 126021 651593
360 747434 648579
361 894956 602115
362 511474 583676
363 781887 591037
364 489001 669708
365 503136 676965
366 487019 658301
367 543731 593139
368 754378 655334
369 585270 577077
370 96332 638116
371 8675 842477
372 101180 638520
373 548482 658274
374 28317 808941
375 616455 649934
376 157062 681157
377 511253 595663
378 799564 668281
379 776096 695383
380 131519 665921
381 594820 688641
382 476855 564802
383 701469 658669
384 554067 632120
385 122828 658253
386 752973 648082
387 545033 600845
388 56199 604774
389 144772 692731
390 782951 621895
391 591832 646473
392 787093 633346
393 501899 634631
394 469517 676830
395 128602 638417
396 15406 853946
397 551385 635725
398 567308 669245
399 568648 595252
400 67993 676900
401 126025 626873
402 624261 619617
403 57638 625886
404 484375 590189
405 727068 664128
406 770917 692719
407 450168 648435
408 532943 691435
409 638832 602972
410 174011 668188
411 607225 661179
412 15281 853354
413 136594 742258
414 800278 699380
415 808710 681119
416 142891 583080
417 823349 566913
418 584513 671277
419 64243 702769
420 595736 706122
421 578160 633590
422 605978 638827
423 556153 646440
424 567273 515016
425 111267 675887
426 147955 655142
427 67654 661518
428 498021 645875
429 841387 676986
430 558595 604529
431 737345 628052
432 66588 857399
433 560071 664184
434 37118 709532
435 92865 759600
436 120320 625795
437 781124 595586
438 783832 683898
439 665950 653321
440 26901 820574
441 822422 732896
442 865403 681983
443 519872 619247
444 498929 671188
445 579097 623873
446 740456 587677
447 573899 647998
448 573565 533478
449 506440 651180
450 31197 795003
451 532633 607169
452 472977 639420
453 -17283 905312
454 42199 568845
455 84112 637113
456 76136 853022
457 488213 586747
458 583895 612851
459 513334 673497
460 510782 662732
461 711163 696598
462 133574 604216
463 557372 552043
464 9260 811388
465 560494 605656
466 557548 659081
467 533318 594843
468 522502 601706
469 553857 672715
470 605888 660577
471 -4049 822233
472 507598 619979
473 67304 611664
474 502330 619674
475 822784 604115
476 596675 678057
477 508320 568644
478 803956 620040
479 61325 877947
480 122844 672717
481 43624 691152
482 844603 618493
483 759406 677047
484 533163 593568
485 578174 570333
486 795704 634881
487 834418 702531
488 460456 644649
489 51796 834072
490 798851 656124
491 35791 657683
492 493929 633266
493 624795 668057
494 159940 643219
495 15368 844543
496 831053 647901
497 541654 579831
498 500273 589082
499 132594 719613
500 779144 683212
