NAME : portcgen-599-4531244
COMMENT : portcgen N=599, seed=4531244
TYPE : TSP
DIMENSION : 599
EDGE_WEIGHT_TYPE : EUC_2D
NODE_COORD_SECTION
1 33996 813172
2 136126 826229
3 807801 164668
4 847127 75439
5 612959 308813
6 605436 263049
7 868591 65897
8 87399 806864
9 700026 187317
10 592924 378500
11 39304 882192
12 121223 800382
13 542353 448163
14 109596 847780
15 784273 137396
16 28438 845650
17 430482 850262
18 791657 159787
19 562388 364221
20 519367 256635
21 803409 130274
22 699153 153081
23 599186 302377
24 646805 356458
25 76249 844347
26 385391 768036
27 379435 909558
28 631781 79352
29 538514 334804
30 631826 108722
31 571622 329005
32 375638 843356
33 424883 790355
34 57316 741376
35 833689 131622
36 688937 87711
37 99340 953159
38 449166 801639
39 783907 87664
40 668466 361549
41 834866 132863
42 141639 852939
43 642425 88888
44 839120 63549
45 802646 64899
46 75132 821754
47 579942 348700
48 867785 82276
49 865873 108800
50 837973 132135
51 810885 180937
52 709189 154734
53 808818 135204
54 573491 308450
55 1248 864752
56 865331 179429
57 810079 96140
58 386727 827902
59 807645 185536
60 10860 757900
61 95041 879691
62 380048 853349
63 680355 78634
64 802095 147365
65 122631 833402
66 679527 101112
67 419248 913315
68 403014 870316
69 381717 806548
70 650938 111781
71 92960 834255
72 582846 359998
73 842887 221091
74 643594 276728
75 716665 126651
76 436360 861655
77 767424 135742
78 384173 786376
79 594621 359054
80 626458 315369
81 382063 857486
82 353906 873982
83 852799 188159
84 583945 348311
85 403589 897519
86 524878 352491
87 84455 690807
88 711397 132734
89 51888 830201
90 572272 351212
91 374715 807667
92 405360 869082
93 30935 860453
94 783500 160560
95 574546 320901
96 58259 798046
97 893539 121617
98 391044 919552
99 771416 104927
100 771794 55851
101 31477 825468
102 406061 841303
103 628369 132392
104 649837 26789
105 33819 780778
106 573678 266140
107 623548 365809
108 605886 348681
109 87514 793409
110 -13108 866812
111 873334 131181
112 617762 297270
113 631999 337148
114 852684 86212
115 -36039 819583
116 66375 832698
117 771455 174590
118 401797 880201
119 348158 854016
120 76534 841924
121 641343 352212
122 107149 781743
123 638838 328229
124 582032 351879
125 576052 402413
126 571474 343303
127 541985 321086
128 62252 811041
129 739833 99868
130 57661 787470
131 827700 108381
132 354864 829421
133 799759 150668
134 671790 291965
135 537248 333743
136 807824 149008
137 75625 802355
138 584562 367955
139 609534 36319
140 577759 333793
141 416711 833304
142 93940 749852
143 810544 222788
144 -12074 838830
145 794335 146660
146 708518 169397
147 849022 128196
148 909670 96294
149 572558 348687
150 588878 118810
151 790350 180388
152 657537 114261
153 793452 69446
154 -34532 840311
155 616600 353916
156 857372 195959
157 580688 302068
158 417145 825163
159 646170 158463
160 341047 839574
161 790322 121783
162 344934 890703
163 611699 93546
164 300811 837903
165 13850 912092
166 352152 840891
167 63288 805033
168 54101 860305
169 774603 98773
170 346294 873022
171 641048 402388
172 412098 869017
173 610315 137947
174 65810 804913
175 822310 158819
176 25487 880163
177 426859 772685
178 631808 132309
179 348798 802789
180 447720 772191
181 401343 848637
182 822226 171832
183 783442 78850
184 607568 341173
185 523180 301983
186 376189 818600
187 599251 312534
188 407562 830094
189 709854 145059
190 101027 762803
191 331436 919275
192 348005 830678
193 342816 933404
194 50853 852847
195 617195 360169
196 546736 345186
197 620551 66807
198 768892 173374
199 53731 837035
200 51720 940605
201 552951 263528
202 670618 145608
203 407048 819039
204 812460 99106
205 324828 877734
206 657624 125538
207 770589 65964
208 55897 802200
209 620089 397054
210 690641 80089
211 351623 822566
212 21758 818403
213 569799 314090
214 42187 780987
215 364250 868100
216 432859 861751
217 364442 872355
218 126521 835026
219 759698 157002
220 47159 824136
221 769298 163664
222 370392 881007
223 637762 363325
224 381123 811486
225 620359 405853
226 722196 88664
227 557741 306787
228 402009 883267
229 42314 809576
230 134322 692813
231 633547 71813
232 841845 120426
233 358161 783934
234 4902 790833
235 614046 362028
236 572019 354678
237 364601 846615
238 456882 828105
239 750136 82562
240 65479 801283
241 22833 853012
242 564019 66037
243 642311 291006
244 631991 410471
245 680079 130687
246 830072 100516
247 891498 149492
248 589041 313756
249 641852 331901
250 577284 380015
251 574182 269941
252 330695 815543
253 642694 257548
254 616650 312962
255 867690 154289
256 675597 143365
257 64158 782595
258 659529 109249
259 853696 116974
260 319476 870081
261 283805 855205
262 749190 127172
263 610404 328244
264 581897 53300
265 351973 815969
266 811652 132473
267 648596 106664
268 804331 119407
269 764688 140398
270 71152 846216
271 429818 877388
272 658267 153155
273 374305 858799
274 40344 778783
275 779841 184108
276 590138 287506
277 847208 144755
278 609473 130642
279 99020 818088
280 533150 399296
281 855521 108275
282 640160 141998
283 880597 106773
284 599956 366080
285 908676 129336
286 417230 830520
287 392764 844450
288 50613 819031
289 726277 157810
290 668035 66211
291 15784 857966
292 663359 153715
293 559396 343561
294 41186 805335
295 845884 178498
296 20760 857838
297 615688 303902
298 803273 125855
299 561051 326949
300 774287 177586
301 -29577 819776
302 760797 112024
303 615611 313365
304 625411 130175
305 396068 808939
306 71898 834947
307 63299 752033
308 553045 387244
309 322441 833291
310 364263 903309
311 364752 880648
312 -3868 811544
313 640514 94535
314 540105 309253
315 85494 841364
316 620533 282585
317 660435 154229
318 574907 422853
319 810697 149820
320 26643 843321
321 690481 311820
322 440358 921334
323 394792 878746
324 558365 343525
325 692360 115705
326 700185 194841
327 749002 116773
328 139428 853351
329 378333 905177
330 634697 150006
331 662249 330222
332 847377 177230
333 604930 353391
334 847258 109699
335 136345 810299
336 415786 860985
337 376104 871349
338 377159 798327
339 661482 150704
340 84879 844408
341 607960 380237
342 671032 107197
343 118518 769853
344 1569 876668
345 663675 120096
346 849882 164959
347 678391 140746
348 72980 835970
349 365736 863502
350 793526 177918
351 676939 396339
352 378504 844984
353 613283 123458
354 713125 190902
355 713782 129793
356 25137 745974
357 10563 857935
358 846375 64812
359 763140 95757
360 794385 139378
361 357715 808459
362 602562 321121
363 662035 54304
364 650219 108542
365 731018 43170
366 607526 297658
367 663972 78490
368 382882 817168
369 524595 270368
370 370643 812611
371 804806 170626
372 692127 138093
373 575595 361381
374 847914 138401
375 45452 898683
376 634369 152983
377 16835 823470
378 638578 398920
379 594660 465809
380 838419 127861
381 665792 147916
382 344372 842868
383 419792 812416
384 513351 291891
385 597104 340071
386 771858 118359
387 53194 801755
388 711420 53241
389 49742 821279
390 412878 829589
391 791328 144023
392 646593 152472
393 -703 852972
394 311537 845606
395 865960 81939
396 441242 879292
397 339942 832160
398 58080 799292
399 807770 172343
400 798480 119791
401 751537 139521
402 660909 166182
403 718751 115689
404 383446 834068
405 409788 856754
406 635176 300826
407 639604 87113
408 90489 820677
409 555708 322635
410 847252 170084
411 417287 896781
412 388863 787328
413 479786 347958
414 769430 117636
415 91398 860555
416 380418 757480
417 99473 820766
418 740249 121853
419 23877 829868
420 340292 827662
421 665216 59932
422 657424 118067
423 384645 826280
424 11906 828224
425 721235 111225
426 639722 199671
427 29354 839914
428 628756 225571
429 801895 153724
430 704300 115230
431 669569 103404
432 372263 811383
433 636143 436595
434 384830 805814
435 811578 181932
436 603652 290646
437 832440 199225
438 629322 105275
439 790240 105997
440 328712 791761
441 942420 184937
442 560545 367348
443 817138 147163
444 15850 800605
445 602713 299175
446 817458 179103
447 26086 828052
448 639853 13024
449 712563 142874
450 656031 170263
451 4244 780346
452 720052 81490
453 855129 120285
454 663087 155235
455 579395 279408
456 603934 134014
457 877200 38206
458 363264 879415
459 4414 842133
460 651713 88791
461 396164 841239
462 655889 102782
463 793465 93060
464 470573 834823
465 693904 343451
466 108918 797263
467 690861 171924
468 663110 81898
469 702964 97276
470 674675 90033
471 428927 808361
472 79716 805927
473 419245 865531
474 649039 164853
475 394983 815642
476 813634 110663
477 73012 849335
478 399741 784529
479 830316 136770
480 365674 814255
481 7171 892325
482 712494 98382
483 110334 820903
484 59791 837337
485 50273 760245
486 549099 325465
487 441020 920495
488 669177 171680
489 41161 779551
490 573133 381283
491 56182 867397
492 576757 281600
493 642472 117920
494 602700 104252
495 723884 110937
496 579184 339574
497 428295 833628
498 871993 138270
499 710732 99232
500 434466 812524
501 581243 388471
502 437222 790077
503 116671 800195
504 102248 896807
505 133655 760812
506 653492 54591
507 100193 849417
508 360083 836009
509 69691 784372
510 397075 874848
511 801164 102602
512 282362 869036
513 602477 328189
514 774642 144595
515 581452 283576
516 650145 133691
517 19968 766387
518 330942 817113
519 422764 851052
520 441915 851105
521 808049 132901
522 658413 106810
523 802224 62617
524 124121 861736
525 315969 834717
526 611716 393959
527 52919 792270
528 562348 307738
529 32978 865320
530 648007 112996
531 872474 169588
532 727801 131437
533 52965 822853
534 304774 847024
535 619625 318944
536 547647 336976
537 317308 844638
538 816557 156991
539 726529 126028
540 354364 812319
541 608473 315371
542 740780 118987
543 383974 871386
544 57083 816761
545 415545 832797
546 447691 867839
547 557194 329154
548 19052 836094
549 543859 352889
550 396862 847552
551 539543 384073
552 5686 728939
553 70338 884608
554 -11306 800904
555 615811 375159
556 815714 197562
557 675643 95683
558 626710 100865
559 615238 332063
560 602740 362147
561 698158 157228
562 86383 882050
563 411270 865286
564 581028 364027
565 632695 299520
566 824210 192073
567 827962 181585
568 810115 83406
569 594638 381149
570 87612 773969
571 799237 129232
572 655085 300285
573 71490 907714
574 628480 89960
575 354875 846904
576 826348 115660
577 670298 85151
578 17626 807931
579 649760 76050
580 674450 165679
581 424813 871760
582 577263 396823
583 597241 104837
584 633588 129590
585 89627 784715
586 574715 354843
587 618266 322031
588 23591 852896
589 611340 368591
590 598125 394456
591 762199 146617
592 669708 38980
593 559257 364370
594 650628 66836
595 79648 798483
596 534313 321814
597 464088 845795
598 797087 181434
599 369805 878959
