NAME : portcgen-412-5666124
COMMENT : portcgen N=412, seed=5666124
TYPE : TSP
DIMENSION : 412
EDGE_WEIGHT_TYPE : EUC_2D
NODE_COORD_SECTION
1 577247 388372
2 555907 213089
3 580149 314183
4 444981 124307
5 690833 330397
6 383832 -1851
7 741974 324014
8 568186 367110
9 397483 48899
10 362231 30258
11 724697 514610
12 698407 630699
13 648793 627374
14 370595 75362
15 660240 299905
16 665220 349651
17 640605 593932
18 389323 4548
19 456658 38803
20 734075 273351
21 658575 327768
22 650355 366384
23 644424 391814
24 389440 5187
25 539599 148824
26 548518 558495
27 730941 527041
28 602760 220384
29 666171 352702
30 637425 449936
31 559622 172946
32 574233 155352
33 612055 370454
34 673589 596496
35 509772 166325
36 648253 303343
37 692080 617129
38 716807 413530
39 696447 517221
40 354888 52632
41 363272 -20431
42 526452 229408
43 389668 37195
44 647767 380961
45 620871 221778
46 674976 367154
47 545748 200103
48 722880 392736
49 642321 314859
50 687762 245381
51 684258 457160
52 481261 209859
53 704218 601650
54 761801 349391
55 394048 -17609
56 414714 -39272
57 541810 272040
58 702865 355028
59 577378 266259
60 682128 397443
61 370491 -19843
62 685047 356036
63 647726 628607
64 364820 128249
65 797876 567990
66 584088 319325
67 590267 388365
68 766434 539126
69 361952 69465
70 559680 145310
71 561655 212452
72 695545 271670
73 540480 202374
74 515870 308815
75 586955 182851
76 629798 383686
77 610087 160034
78 409424 98478
79 717050 418117
80 420523 -1386
81 691033 666779
82 474558 258393
83 402154 72212
84 589066 583743
85 609670 408407
86 356825 -8262
87 836055 606694
88 466375 262588
89 676681 316517
90 650606 515833
91 643385 158299
92 342665 16334
93 532244 196746
94 610981 317886
95 574767 230725
96 660655 318855
97 544577 226027
98 681339 616872
99 496871 109162
100 515829 342858
101 360651 166479
102 604578 240314
103 572242 352998
104 402085 -44505
105 683813 343195
106 680483 539665
107 351808 -31191
108 534415 365691
109 704838 544340
110 559578 379709
111 635629 116941
112 467314 186752
113 326180 12928
114 465150 -66754
115 712182 574055
116 706658 603879
117 300904 -36344
118 601557 400988
119 415510 279539
120 690938 548809
121 631419 610016
122 815236 679203
123 645577 685960
124 621760 212123
125 439414 -41631
126 605121 362898
127 651790 562801
128 560653 181848
129 606902 382086
130 543994 144519
131 748070 617909
132 479561 60583
133 503655 184164
134 664675 427974
135 649095 485971
136 315779 -110657
137 722690 668120
138 415553 33827
139 502300 274496
140 549378 252615
141 685572 577068
142 646243 347920
143 513534 59197
144 632185 661244
145 727739 352199
146 690004 619221
147 626445 362204
148 603830 296329
149 296130 3115
150 550693 208121
151 713146 666897
152 448574 8529
153 388532 29337
154 454688 -119196
155 560007 264995
156 641064 293407
157 679242 262267
158 541629 327982
159 416900 23456
160 572872 342916
161 655560 365470
162 692352 604632
163 326457 -26933
164 677621 588557
165 643431 301892
166 691634 613082
167 304037 4009
168 454970 -12483
169 611200 385554
170 709001 607296
171 662198 389570
172 460498 -94276
173 640971 496527
174 731594 569074
175 416807 -30073
176 384815 -73048
177 663784 705982
178 354087 -21589
179 416835 -43157
180 665524 633170
181 633017 353318
182 693483 621338
183 337301 64210
184 734144 601344
185 638793 663047
186 594516 267674
187 588219 250025
188 695463 357263
189 420096 -56214
190 525741 283796
191 429725 26099
192 642580 334855
193 321088 4242
194 690280 469548
195 802972 609623
196 410738 68015
197 421047 -37940
198 363925 29532
199 403931 117669
200 649451 368601
201 407410 43653
202 733636 511853
203 374796 -4501
204 407210 -6530
205 642969 415489
206 650692 559316
207 498468 197443
208 668062 320722
209 670595 260670
210 679238 277309
211 683704 486336
212 590254 157162
213 422610 -20144
214 380334 93935
215 524159 227262
216 589106 363713
217 360194 75567
218 558130 154680
219 501247 226394
220 597368 266836
221 631210 359382
222 337045 -42546
223 442577 40826
224 660531 636608
225 597684 288180
226 570995 165245
227 621918 480162
228 667201 391434
229 615962 161636
230 615638 323702
231 697030 584137
232 707581 577711
233 437637 61434
234 420856 85670
235 565288 171693
236 682374 392092
237 463989 143731
238 601185 237508
239 727894 614698
240 657853 327740
241 372110 14859
242 376999 25133
243 693804 290913
244 615196 291990
245 406329 32260
246 557511 308766
247 748625 525941
248 407311 41742
249 407126 59618
250 652140 578550
251 389021 -20643
252 683194 608259
253 674585 362511
254 503958 135115
255 511472 236300
256 447589 29588
257 418435 49590
258 722640 509113
259 714550 523542
260 690331 589345
261 558913 249394
262 393570 63055
263 393216 31042
264 629526 342234
265 655807 359961
266 657833 521558
267 365800 -96374
268 678867 279376
269 504533 129408
270 673704 595375
271 614975 442588
272 674082 345963
273 376403 53426
274 693698 467288
275 612434 644531
276 484631 155143
277 632418 312475
278 405643 7232
279 590996 394347
280 460132 -51767
281 546933 233466
282 396042 -16234
283 532396 192265
284 702084 537770
285 525192 225653
286 676738 424836
287 480926 178954
288 724146 572722
289 514424 271038
290 635317 324315
291 696030 638636
292 543067 258489
293 644784 282055
294 683567 575804
295 715240 341173
296 715034 387984
297 502805 148289
298 663036 334481
299 599228 257168
300 504703 241340
301 764644 532554
302 372023 93109
303 709522 527268
304 335465 28257
305 598188 409229
306 713078 599355
307 673940 333737
308 637887 399931
309 568399 570891
310 654983 582062
311 529614 136106
312 645017 591392
313 517946 195671
314 571663 229045
315 604967 396787
316 584643 310963
317 775789 282992
318 493923 336846
319 716583 560084
320 716289 520352
321 659198 563884
322 689274 631181
323 670103 293531
324 520580 296563
325 728415 322181
326 313281 -55818
327 771245 575003
328 624062 393645
329 710110 332386
330 558873 233949
331 628766 570624
332 584693 286587
333 564440 93027
334 664173 417601
335 701576 376067
336 717482 364731
337 774867 376513
338 723459 556334
339 351597 -40013
340 610990 318150
341 647921 584985
342 701768 335861
343 294515 19375
344 370384 39533
345 559564 234934
346 557287 287028
347 635695 391223
348 554490 186961
349 345371 -28532
350 703028 639258
351 614250 375068
352 748777 325806
353 441029 45908
354 559411 193524
355 656098 620807
356 612891 172744
357 728994 618681
358 477137 172284
359 710203 522221
360 666040 372162
361 638125 538769
362 784263 451342
363 718074 564186
364 556343 186515
365 544298 258698
366 655782 516137
367 376510 -25760
368 737605 584204
369 690892 400804
370 330214 -30808
371 591395 206540
372 750724 634256
373 532892 261536
374 663614 215330
375 511276 268022
376 571694 81388
377 643404 431554
378 723588 330591
379 532446 187083
380 700697 592230
381 479745 168150
382 384752 -64331
383 656888 730914
384 783557 621178
385 612125 232104
386 674002 261015
387 728984 568006
388 418418 -52936
389 369984 42651
390 742647 547648
391 782740 660152
392 684412 548199
393 587051 447666
394 574017 354442
395 733706 656692
396 591364 528165
397 548685 305809
398 623742 344825
399 633647 570036
400 744728 532348
401 398467 -117638
402 681270 499273
403 705035 552907
404 532236 256885
405 659080 277351
406 640369 579228
407 626996 361285
408 627667 606983
409 697219 325714
410 427778 -123314
411 461592 -145669
412 490856 188725
