NAME : portcgen-507-9103072
COMMENT : portcgen N=507, seed=9103072
TYPE : TSP
DIMENSION : 507
EDGE_WEIGHT_TYPE : EUC_2D
NODE_COORD_SECTION
1 834143 566274
2 333609 556883
3 182671 127353
4 270093 505158
5 285856 146972
6 101648 390275
7 686822 299679
8 282925 121931
9 740328 582491
10 666256 259459
11 707535 168590
12 748928 516184
13 241963 95020
14 11455 441294
15 312092 548604
16 340983 74601
17 272472 92644
18 115468 425694
19 186309 70294
20 332422 497173
21 592972 244287
22 348995 520733
23 314019 534263
24 250425 49354
25 669806 306814
26 330679 542016
27 751237 526305
28 331830 535123
29 289850 55638
30 112070 454720
31 65907 435193
32 643376 266565
33 732754 540362
34 135289 499272
35 818805 523627
36 102168 423172
37 132534 437933
38 297938 59698
39 239572 112864
40 296382 505773
41 103204 384255
42 728573 537927
43 657622 279668
44 357351 544002
45 317512 627784
46 68293 488255
47 659612 206728
48 46606 449342
49 270869 117664
50 313528 33998
51 298845 550629
52 678368 243835
53 362050 461897
54 662590 252020
55 273666 12427
56 199088 108702
57 361817 534790
58 103320 456971
59 674053 257462
60 316196 146437
61 676963 300965
62 292291 135007
63 853164 419121
64 295830 27559
65 237588 110875
66 81675 517565
67 340217 628592
68 319831 88487
69 689120 203487
70 748468 557031
71 826891 506002
72 364882 508151
73 50981 369318
74 779579 501472
75 810662 513266
76 732639 159775
77 273624 139617
78 642350 223433
79 296097 460360
80 97903 384296
81 274290 473529
82 348909 584243
83 812721 527156
84 307141 72078
85 301881 134755
86 308715 149157
87 204186 91505
88 585905 232055
89 101502 503873
90 788265 473023
91 668028 244463
92 705355 499047
93 237488 95521
94 718710 563611
95 812591 537057
96 766073 545424
97 64635 407113
98 829737 476950
99 701015 231418
100 81362 486263
101 622718 201021
102 73492 425488
103 736634 149073
104 618360 174884
105 261702 149187
106 755348 508428
107 723033 230659
108 78640 414251
109 589987 221857
110 649349 191054
111 760110 533965
112 259258 184507
113 357437 549070
114 707355 256567
115 277791 88825
116 344807 81898
117 753301 490777
118 280866 518710
119 232825 101639
120 655906 253866
121 251449 103298
122 661938 220154
123 315941 14216
124 110269 394270
125 54142 502833
126 727192 538331
127 115651 411143
128 790598 261210
129 778164 496503
130 344088 481658
131 688599 264361
132 86583 436357
133 780567 474478
134 248131 82789
135 259131 479592
136 333849 549003
137 130617 474990
138 320532 556392
139 344995 643818
140 656325 206880
141 274135 630508
142 233070 479537
143 657795 204911
144 215161 50404
145 304406 41045
146 52135 389033
147 615795 242958
148 245290 156640
149 294184 -8823
150 757117 532911
151 359610 135942
152 294705 588176
153 129600 395826
154 375071 67563
155 734305 544434
156 655168 233717
157 49395 418785
158 621186 219492
159 110468 436482
160 691381 539318
161 658300 163887
162 297638 444093
163 250070 59338
164 810783 539746
165 105186 419738
166 308557 104453
167 774496 573433
168 771360 521384
169 33681 332064
170 796309 198869
171 90220 390561
172 401618 523628
173 666599 188409
174 145969 428436
175 164374 393979
176 156011 448187
177 665923 91680
178 613986 254923
179 780921 601986
180 282048 495140
181 240353 73634
182 773168 578229
183 44555 408377
184 777010 543167
185 719731 261607
186 296288 555451
187 265887 39326
188 312482 476239
189 831829 566165
190 327386 136171
191 109308 378880
192 -3150 445279
193 760873 490860
194 91828 409909
195 267814 97058
196 728928 588841
197 732899 450465
198 108626 447696
199 707249 310123
200 310065 464963
201 792918 454338
202 698788 553779
203 95441 363714
204 272416 511603
205 333584 553640
206 755107 523991
207 241280 59729
208 59907 468522
209 688306 262183
210 632324 187347
211 350340 104928
212 258733 65481
213 358651 466431
214 136933 466752
215 11560 501528
216 809482 499192
217 153158 374652
218 208369 151515
219 263059 94192
220 354644 110738
221 398322 102096
222 238079 135997
223 692796 453460
224 274497 127269
225 760236 515899
226 136692 383363
227 821797 491873
228 58019 384627
229 764772 474183
230 822598 533733
231 269767 539780
232 110358 423200
233 581696 201864
234 294238 149240
235 262414 133182
236 414968 534781
237 701909 235395
238 306567 175840
239 325155 139560
240 639117 184170
241 210617 21516
242 177783 381733
243 123812 442375
244 267997 574839
245 719060 234841
246 290611 526549
247 648873 224015
248 673449 183118
249 276829 115599
250 805467 563659
251 315155 119950
252 117532 372894
253 257560 533857
254 290032 75912
255 696461 514796
256 244250 115546
257 118196 465942
258 590130 200870
259 309189 102413
260 759050 483962
261 650409 267927
262 697864 266951
263 57473 396503
264 284732 86254
265 657721 203927
266 183546 461070
267 758632 442973
268 243469 160855
269 235760 67920
270 305528 478808
271 756805 567977
272 305377 511911
273 745032 266572
274 195993 88052
275 178036 165560
276 392674 534050
277 280585 616002
278 683199 179322
279 185197 429309
280 375771 476595
281 319840 495609
282 680489 530953
283 751831 540837
284 301674 174090
285 237091 85875
286 114853 459982
287 770642 482732
288 258369 577913
289 801051 498297
290 98570 401308
291 637217 255906
292 324973 115276
293 631743 237413
294 237653 90439
295 276011 443513
296 695822 244834
297 394174 69001
298 795424 523796
299 252221 519808
300 255195 106962
301 676496 232624
302 245730 532262
303 216915 530095
304 695075 512379
305 685536 184535
306 337520 431076
307 621403 279839
308 321894 463939
309 792080 473939
310 728325 503919
311 802239 530136
312 261848 121314
313 607085 227817
314 709942 519508
315 766741 551430
316 851977 516534
317 766911 477288
318 829402 496626
319 327910 524412
320 569201 261240
321 290534 577069
322 757732 466008
323 784817 482543
324 310845 164078
325 643164 281798
326 55982 491055
327 261701 512850
328 641893 205774
329 659085 242024
330 278211 123771
331 107255 451414
332 337995 93539
333 74580 374396
334 302309 567561
335 113579 413604
336 653215 263836
337 318169 56969
338 316655 123117
339 210846 124123
340 88033 442120
341 314577 496817
342 287810 457144
343 647955 165981
344 817491 580674
345 381465 492379
346 651440 265605
347 720825 217660
348 324252 588379
349 291273 527635
350 137653 378329
351 84593 408192
352 294884 516224
353 309825 445827
354 680684 237985
355 832737 462246
356 147029 409009
357 796891 520261
358 323504 68609
359 109053 381967
360 676451 143797
361 749577 489528
362 293319 110115
363 808391 454353
364 265013 3891
365 700288 187033
366 737156 536017
367 305789 57598
368 736883 595275
369 153466 485341
370 823279 447974
371 833359 500346
372 240876 503948
373 605637 273122
374 338435 181861
375 48507 442857
376 205322 75637
377 91414 472988
378 757295 515972
379 114112 494093
380 321133 564144
381 707691 214906
382 296016 543191
383 138207 445397
384 706159 258043
385 238554 96665
386 710744 257631
387 76040 362405
388 735814 189648
389 675573 169595
390 104139 403525
391 643341 305493
392 261788 107132
393 338964 136721
394 13429 456300
395 351746 539625
396 321816 514318
397 237193 56538
398 245797 97639
399 733720 487965
400 644036 233323
401 249249 116982
402 110227 450456
403 49271 433928
404 349695 548464
405 336276 487400
406 358627 501194
407 86406 369904
408 355952 555518
409 260476 102502
410 391499 455594
411 295554 538537
412 287019 136515
413 235121 74256
414 668319 170605
415 297348 572653
416 249815 586941
417 252192 135694
418 77245 420297
419 868351 454841
420 41906 356517
421 704940 434121
422 785379 483897
423 361400 552441
424 371192 591428
425 786032 541861
426 67222 440558
427 846703 573465
428 670829 200367
429 788808 419332
430 321477 571276
431 169211 120854
432 94991 500481
433 314168 588055
434 71058 505883
435 273674 491856
436 264728 586102
437 661055 182751
438 320275 93914
439 300043 570335
440 647523 233376
441 716479 167997
442 298098 449623
443 316344 113920
444 293748 528519
445 348751 460752
446 63095 431817
447 95976 376818
448 643309 212670
449 748332 541312
450 659475 275292
451 620530 210037
452 663760 243649
453 208197 8968
454 838428 522579
455 632690 237633
456 267163 111689
457 653603 211086
458 654685 228198
459 677142 291531
460 315581 128540
461 790378 484591
462 281535 438335
463 295015 527443
464 297933 130145
465 659776 160517
466 268626 114147
467 326353 580264
468 232596 90394
469 152885 376837
470 694028 211442
471 291164 541270
472 239984 105416
473 326379 130857
474 623938 245588
475 372817 89675
476 19431 409118
477 19497 419168
478 245413 487576
479 242275 156379
480 738754 568854
481 90536 384321
482 301553 557053
483 132241 477538
484 830185 447476
485 318170 90801
486 34031 531929
487 256608 573685
488 612955 234059
489 254632 130449
490 276869 166212
491 345632 590286
492 279571 507785
493 321140 98960
494 789829 473467
495 291842 51841
496 633438 176587
497 805236 283067
498 97568 444868
499 248534 30117
500 340988 163203
501 240701 53559
502 701685 430309
503 624283 126725
504 722249 252409
505 669814 224218
506 744869 264553
507 699365 267933
