NAME : portcgen-455-7819279
COMMENT : portcgen N=455, seed=7819279
TYPE : TSP
DIMENSION : 455
EDGE_WEIGHT_TYPE : EUC_2D
NODE_COORD_SECTION
1 633457 350693
2 805002 406152
3 804380 446513
4 241361 678812
5 875207 429208
6 668508 432667
7 711872 379641
8 318174 650461
9 175876 719583
10 660697 425273
11 731969 384624
12 642429 443588
13 262310 714799
14 784114 439012
15 689544 402692
16 216119 683430
17 790529 634326
18 668733 431835
19 646941 424812
20 272526 775279
21 203566 756796
22 655352 301045
23 238258 702654
24 792527 411652
25 845951 624086
26 307373 735238
27 809047 413302
28 795471 684236
29 279162 757302
30 829903 644380
31 219571 668419
32 232324 638161
33 187557 664041
34 729725 515015
35 811161 445708
36 766806 451610
37 658011 437893
38 954141 479692
39 250434 688280
40 775251 433724
41 903472 411103
42 801794 406281
43 744975 585248
44 732229 650067
45 864108 431646
46 801914 513125
47 246217 701990
48 813350 458162
49 731052 456066
50 666131 384324
51 841605 697337
52 894125 583991
53 704097 345471
54 829156 436104
55 273538 718788
56 969060 592753
57 806798 667962
58 849944 392424
59 680768 419335
60 727359 473370
61 855453 452206
62 782480 470257
63 868250 721721
64 276137 678311
65 795450 454930
66 889743 475780
67 733236 420875
68 687235 457049
69 869650 582233
70 666707 412553
71 798663 483383
72 245148 698671
73 625980 469123
74 656828 458354
75 706681 405677
76 785597 476699
77 820352 448287
78 330026 624547
79 706074 417079
80 756374 623245
81 721193 369075
82 229295 790597
83 240835 592618
84 712314 334006
85 792727 607101
86 207017 696408
87 783322 438303
88 749390 436473
89 848504 494921
90 693801 472457
91 618733 453856
92 744504 488601
93 828433 585177
94 725073 446217
95 683837 385500
96 817764 676081
97 746381 585105
98 821104 607208
99 258318 664776
100 664663 367518
101 886700 653952
102 837163 433993
103 839628 587727
104 712962 368428
105 914138 612976
106 249475 710325
107 637426 357561
108 878774 387813
109 646453 402815
110 937366 693191
111 299787 680503
112 875578 628008
113 872337 484472
114 865374 678189
115 257815 614878
116 676864 421329
117 810606 491784
118 708914 456592
119 759707 655166
120 677973 386292
121 730028 424384
122 801024 689311
123 774329 628490
124 180445 630085
125 791723 628861
126 683366 437228
127 640950 482455
128 828928 483449
129 636961 464228
130 801801 542123
131 756493 656934
132 927573 636710
133 713314 428004
134 715303 367779
135 826583 436495
136 857268 540496
137 753169 398208
138 634728 421660
139 682976 338661
140 759756 527714
141 583055 456498
142 687999 448057
143 271695 665949
144 821237 462173
145 309530 682393
146 695925 383400
147 650827 348540
148 784901 447905
149 802103 653634
150 632098 429300
151 756669 669648
152 872310 603624
153 706960 403849
154 806023 702957
155 335152 647777
156 262360 672288
157 276766 662720
158 703957 384136
159 287539 602494
160 261335 701187
161 281775 687323
162 236820 720112
163 798697 435462
164 770555 482216
165 827144 370788
166 878855 722707
167 821120 635428
168 754263 388795
169 161797 704144
170 913549 658016
171 839040 636131
172 260716 596213
173 754798 400547
174 807505 455919
175 800015 488110
176 685009 417510
177 860690 489389
178 709561 449701
179 887989 481649
180 290844 695454
181 218411 654997
182 795398 403359
183 892392 645228
184 735813 334361
185 801829 554948
186 892421 638380
187 643591 387865
188 682042 406459
189 731151 456108
190 217554 668948
191 824136 715917
192 877412 476914
193 273913 662324
194 810612 432856
195 834803 407493
196 719752 451558
197 830392 595780
198 636863 454713
199 238464 745436
200 785657 518134
201 785917 433659
202 304842 686883
203 824403 537297
204 220517 656982
205 936224 595934
206 765119 436852
207 787437 464581
208 235120 680607
209 836400 507574
210 679556 427772
211 807716 441100
212 795176 411352
213 254906 653380
214 832335 436723
215 841413 632851
216 263618 761861
217 913180 415864
218 179487 648724
219 674178 428086
220 881535 631097
221 788302 700515
222 816568 590621
223 222974 643534
224 883741 654352
225 809749 663572
226 774687 406248
227 859837 629822
228 708131 375604
229 839162 667852
230 221971 695756
231 219464 754334
232 675416 454943
233 868167 601352
234 758979 484146
235 766120 323396
236 199737 667074
237 825474 669829
238 622814 395919
239 254001 677743
240 885996 613378
241 632512 423754
242 764818 616732
243 812164 476059
244 821719 455658
245 709897 453535
246 278778 709836
247 723816 326008
248 832463 431803
249 860998 440643
250 228201 627930
251 748753 699994
252 850068 591486
253 252794 660304
254 645942 414184
255 697981 463644
256 839307 603690
257 678980 377657
258 253621 691822
259 817077 599277
260 768611 374978
261 699151 410376
262 881456 436033
263 338173 721916
264 898754 675965
265 856751 623538
266 213485 617965
267 803045 448267
268 861026 438087
269 836052 532105
270 675280 429784
271 827173 618616
272 178230 699914
273 731587 411139
274 745197 428676
275 669186 428769
276 303247 639434
277 927231 652717
278 232955 699558
279 234695 655369
280 856118 439398
281 824986 695346
282 181163 704837
283 199784 604726
284 609114 546425
285 285708 729790
286 691208 483666
287 896497 674223
288 833377 667961
289 853949 514015
290 847457 424275
291 809254 627986
292 832885 616285
293 854545 686250
294 861759 584235
295 893696 441907
296 672787 430715
297 728663 386913
298 840752 692881
299 787672 487472
300 321421 640596
301 186535 745524
302 855968 581949
303 867372 616391
304 762745 468095
305 720439 402569
306 830488 659430
307 634104 388602
308 238990 703299
309 838746 651756
310 234975 715543
311 802981 639666
312 672772 491371
313 649336 439693
314 872762 699441
315 739321 631529
316 798180 515240
317 825477 729653
318 249341 634195
319 281047 737929
320 701981 597682
321 309173 647940
322 787462 462903
323 731684 460653
324 796839 478842
325 267420 646220
326 257634 638144
327 636708 456864
328 817228 488000
329 675364 397986
330 752638 354466
331 952520 585151
332 281502 698131
333 334868 685112
334 789886 469578
335 627466 376528
336 260999 688277
337 200568 695123
338 288909 684764
339 297946 611300
340 779186 566521
341 613065 382381
342 191805 755329
343 708623 396560
344 259293 723256
345 821803 607036
346 579349 428886
347 675519 446380
348 881590 575867
349 269102 627043
350 252317 608125
351 337417 697353
352 275182 662931
353 855565 575235
354 801049 541587
355 841168 557337
356 865650 643416
357 861473 684772
358 212933 676982
359 742026 348391
360 683066 356008
361 696165 519213
362 859901 450901
363 667276 410094
364 741809 390550
365 761485 618439
366 828226 428252
367 769975 422980
368 758752 378012
369 245170 658585
370 175430 624865
371 673147 414111
372 232800 650090
373 849246 613315
374 773396 571110
375 542003 352603
376 841809 615993
377 205425 736738
378 223283 704435
379 651563 472259
380 808979 496284
381 681039 374634
382 285712 714780
383 810731 705597
384 808834 397522
385 664704 487506
386 641015 430431
387 832040 426174
388 818627 628813
389 831550 704564
390 615282 460547
391 793519 431336
392 914918 588319
393 877103 448375
394 881791 424138
395 893561 626828
396 883318 651770
397 134911 683049
398 779980 540378
399 779310 399527
400 281329 662172
401 286987 628363
402 685697 411815
403 802843 477979
404 264905 656875
405 677509 378084
406 852920 601286
407 280500 672861
408 682696 444085
409 814041 494086
410 661078 428695
411 916602 560078
412 842968 488979
413 770519 444974
414 872232 640785
415 820368 734451
416 824761 675676
417 754134 412173
418 762951 398921
419 856213 717435
420 732207 392031
421 808323 453960
422 654660 426419
423 206941 677437
424 784514 411235
425 730064 340263
426 865053 642757
427 730272 503403
428 850686 594222
429 839095 619772
430 220184 670598
431 186441 671661
432 289493 587968
433 270377 641241
434 760769 433999
435 927964 595630
436 679185 465879
437 254306 777553
438 838639 671903
439 723837 463391
440 855641 644608
441 269172 686841
442 786966 468152
443 756790 443742
444 200065 643413
445 223740 625409
446 258008 709693
447 650340 409149
448 654405 382610
449 192529 723185
450 310355 647004
451 901791 666447
452 817343 479752
453 254654 635981
454 786643 488023
455 832349 585043
