NAME : portcgen-532-7877393
COMMENT : portcgen N=532, seed=7877393
TYPE : TSP
DIMENSION : 532
EDGE_WEIGHT_TYPE : EUC_2D
NODE_COORD_SECTION
1 199305 451013
2 244884 413484
3 559393 480784
4 555132 569897
5 694091 428785
6 181547 472768
7 228005 547877
8 698529 791020
9 718377 592132
10 712633 680773
11 202018 484218
12 559296 613084
13 238600 473244
14 264072 473516
15 739579 690439
16 642013 647588
17 230100 530412
18 601728 537852
19 200194 407645
20 753946 677366
21 777629 573737
22 729198 641481
23 735949 659685
24 675881 656219
25 610476 433411
26 220176 470223
27 646360 686934
28 660170 731351
29 707100 690163
30 611619 738887
31 212898 477140
32 747805 654407
33 674383 746053
34 312609 482568
35 679381 621841
36 603111 535145
37 647064 605417
38 722000 680648
39 688734 817495
40 527139 708619
41 295583 500237
42 737064 694122
43 350484 585797
44 662849 498804
45 227324 381314
46 800036 653434
47 654093 691715
48 238686 425569
49 228003 478586
50 585508 617971
51 599601 456308
52 567120 685740
53 705045 631344
54 640439 591951
55 758626 715641
56 686422 651526
57 730427 603236
58 564637 531275
59 575537 604291
60 555828 440072
61 668492 783381
62 623924 506329
63 642969 646751
64 734481 617104
65 627661 686394
66 575760 497958
67 645074 742260
68 571524 591056
69 637130 694000
70 278563 405809
71 576900 620776
72 764086 682105
73 167790 439708
74 608678 425837
75 621440 671195
76 541757 617496
77 318755 534651
78 221151 447972
79 536273 457406
80 282840 499995
81 566812 613650
82 707268 681172
83 735682 593535
84 234618 442208
85 225235 507591
86 724709 674220
87 749350 618275
88 560713 459064
89 766665 704506
90 210589 544015
91 237948 552368
92 559940 563551
93 675827 687428
94 732517 703982
95 608031 484647
96 660368 692553
97 711832 704155
98 666210 730611
99 621969 730455
100 292825 513435
101 234288 444031
102 291416 473035
103 186747 455796
104 724925 758451
105 608259 717404
106 606730 650123
107 236219 454674
108 620091 718893
109 262731 520498
110 542507 551565
111 612410 418876
112 700739 673793
113 618575 543858
114 275602 441559
115 604643 469525
116 303581 466744
117 576193 411540
118 727749 700271
119 591918 575616
120 256723 481064
121 501806 595520
122 736318 628402
123 746226 573965
124 639224 724089
125 693552 736037
126 673918 637211
127 672821 671129
128 565225 476690
129 223435 542610
130 620782 427181
131 673565 471093
132 641083 551040
133 656801 728486
134 225307 564874
135 222525 425661
136 691553 783086
137 293246 436999
138 586311 615322
139 695782 734601
140 520095 515405
141 704962 713637
142 573935 437010
143 647330 731306
144 576015 494837
145 635028 597495
146 686345 684889
147 627584 546849
148 669851 643138
149 788417 706216
150 630408 708145
151 665611 579438
152 650548 753002
153 282194 421297
154 687615 684150
155 605945 486216
156 620978 671393
157 641593 643223
158 774314 632025
159 261451 520969
160 511290 603882
161 580961 477418
162 222544 419857
163 562329 497452
164 300695 531730
165 656126 494911
166 715060 695108
167 707465 652310
168 662841 748758
169 594676 564998
170 592256 720864
171 550258 478561
172 661149 696952
173 680544 690824
174 682957 621002
175 553532 783225
176 714328 662504
177 665167 730334
178 686431 731256
179 742246 688575
180 650693 668475
181 663190 702579
182 692004 762655
183 270915 514483
184 690930 683581
185 608908 458075
186 590481 550486
187 670146 746781
188 195963 414935
189 663720 551061
190 560251 555400
191 590428 525102
192 556943 586980
193 628095 722614
194 771185 661090
195 608151 728067
196 615428 649654
197 542935 454927
198 278458 471062
199 286694 453697
200 736383 718414
201 283296 470481
202 644623 725699
203 736172 505198
204 650341 685644
205 275272 560996
206 699478 653303
207 280286 476481
208 275553 444462
209 701883 725885
210 311071 520185
211 633635 687792
212 233753 428480
213 654408 711379
214 249577 469976
215 569493 579605
216 648538 469646
217 634944 577947
218 270102 451367
219 581782 630924
220 661529 702661
221 597049 564838
222 239127 539712
223 565115 661257
224 662731 687553
225 233315 467239
226 735726 568479
227 663002 700699
228 722914 720972
229 629052 664232
230 555922 519225
231 241412 514785
232 543107 390135
233 662526 739611
234 226805 438659
235 597999 439927
236 745454 775185
237 582525 527586
238 709651 693682
239 623261 579126
240 308818 455186
241 648151 645835
242 641619 738103
243 636342 651569
244 187246 460631
245 584265 537087
246 234913 544120
247 657649 643052
248 221016 437278
249 784863 624257
250 808879 663848
251 744725 639978
252 793975 680643
253 642440 494220
254 666011 606815
255 716118 728321
256 300655 486742
257 532023 574868
258 546338 537089
259 657083 705864
260 238747 478955
261 541864 563540
262 571257 626928
263 611556 537645
264 181902 491543
265 307257 421846
266 628666 637886
267 644936 738941
268 535424 584594
269 277984 489963
270 240489 568102
271 221058 488866
272 634232 688741
273 642388 487484
274 326138 471452
275 648929 703990
276 698700 653789
277 610902 474091
278 694489 609728
279 509907 393153
280 654735 747748
281 582830 515252
282 682208 749392
283 661221 682409
284 231189 431326
285 543130 470731
286 660060 684793
287 279040 445612
288 553297 556770
289 601390 653512
290 644364 721567
291 190117 435638
292 333565 519182
293 579055 492375
294 598950 706338
295 264878 481021
296 558143 609344
297 607541 445354
298 670372 781364
299 654244 685138
300 331733 470900
301 585723 655470
302 607711 501979
303 590039 632130
304 674280 721092
305 634149 409721
306 615214 524539
307 562661 560620
308 607594 568384
309 673747 763803
310 724761 724231
311 699825 516405
312 647564 622880
313 699543 664248
314 769261 694131
315 629235 452499
316 702278 757370
317 770617 622475
318 672026 578282
319 564543 549478
320 702084 736015
321 626818 765046
322 640994 503724
323 722078 731163
324 609345 527301
325 630298 683514
326 595052 592702
327 697807 556812
328 292822 474593
329 600886 422572
330 654974 673742
331 531990 644000
332 759107 657813
333 683182 765689
334 655242 604972
335 590410 473504
336 568242 675073
337 681190 646839
338 669383 574224
339 713941 754305
340 297963 450111
341 704631 730685
342 265339 514889
343 698830 718811
344 256526 491144
345 262463 459918
346 557038 693913
347 643117 639369
348 582441 519975
349 616092 427212
350 172890 442855
351 655601 512810
352 259829 440333
353 654265 643448
354 659738 638760
355 558157 651696
356 614082 452859
357 244367 467009
358 684797 729518
359 571583 777007
360 750277 718123
361 200179 441491
362 667270 682403
363 511286 651539
364 561187 486494
365 553017 617882
366 633449 509444
367 725674 634753
368 667929 598966
369 637867 537240
370 247592 411371
371 270785 502384
372 656701 506803
373 660335 428718
374 686409 672884
375 603248 432570
376 596115 722182
377 285707 516749
378 273219 503215
379 582085 578195
380 673259 734486
381 645561 717827
382 288001 535881
383 236263 400336
384 729822 737667
385 291958 477611
386 238545 526209
387 638950 578598
388 734773 729826
389 631837 718173
390 645626 661623
391 672120 778503
392 602918 696145
393 632116 649535
394 752683 676768
395 250128 478972
396 554068 733731
397 628787 425115
398 195203 479466
399 594137 497489
400 666457 791387
401 608578 526366
402 684052 653317
403 668004 746591
404 541051 677839
405 260855 563044
406 647627 448225
407 590824 441133
408 281019 439657
409 683931 760026
410 692174 513694
411 573202 661830
412 529358 639636
413 737527 707238
414 681594 763787
415 213521 535120
416 553817 675227
417 266686 508050
418 295052 483575
419 211420 474912
420 743268 711079
421 617487 655303
422 581310 570249
423 570946 485829
424 672446 709496
425 678486 725941
426 602159 582220
427 290708 536480
428 584036 490658
429 629537 545637
430 210550 445478
431 596399 749228
432 254289 458929
433 721009 595605
434 712764 692500
435 671095 596402
436 639718 656091
437 679676 734785
438 662205 478879
439 653625 659359
440 758755 715664
441 254749 487598
442 188110 433381
443 579915 606018
444 252466 453797
445 597833 614582
446 275061 451440
447 240731 505528
448 244601 480744
449 223449 459503
450 625466 643564
451 725485 717473
452 741070 639421
453 506865 697539
454 580927 609015
455 661886 498203
456 703752 742456
457 630757 474882
458 597460 561125
459 464488 590852
460 227584 460552
461 731772 729906
462 727869 721074
463 707568 637612
464 717687 755960
465 270126 397776
466 604377 622256
467 678114 656963
468 561981 462893
469 659684 710491
470 611802 454207
471 647323 529548
472 643604 578060
473 701242 647967
474 676678 497289
475 228216 461209
476 538790 680417
477 571024 627811
478 683133 671634
479 635831 703331
480 652120 797552
481 181384 442496
482 741649 661492
483 588904 674060
484 619199 707463
485 648532 526053
486 213623 378182
487 644274 683088
488 602582 706212
489 665868 725741
490 669171 638792
491 665954 721240
492 626198 550566
493 623741 785120
494 532422 656207
495 601184 629023
496 720601 595616
497 622339 601869
498 726287 725838
499 745408 642290
500 274806 503642
501 653631 626467
502 230491 478933
503 665743 682724
504 703849 730804
505 349362 473319
506 278279 498488
507 296068 497600
508 616757 489784
509 273211 465336
510 724367 586761
511 710013 653096
512 462702 469498
513 537622 598278
514 598868 442741
515 606887 594846
516 642020 457872
517 582167 737595
518 685431 663855
519 757438 708324
520 763591 719735
521 321477 422707
522 515071 520417
523 551692 632710
524 560499 519669
525 730900 624498
526 766207 625051
527 239743 523305
528 742720 593089
529 530399 645011
530 691094 590579
531 638368 459676
532 619910 711393
