NAME : portcgen-428-8334280
COMMENT : portcgen N=428, seed=8334280
TYPE : TSP
DIMENSION : 428
EDGE_WEIGHT_TYPE : EUC_2D
NODE_COORD_SECTION
1 664188 105052
2 310090 865351
3 168634 164129
4 279215 904550
5 280186 852415
6 660803 463420
7 141018 266959
8 342484 902279
9 260879 142492
10 263878 179205
11 705998 491593
12 183437 168108
13 649561 -4006
14 202198 795379
15 659144 385850
16 648991 175685
17 265174 162583
18 182435 181488
19 267611 154039
20 200445 269331
21 188498 156995
22 635943 104004
23 567881 95766
24 204132 248869
25 603347 107218
26 677942 391339
27 666946 25210
28 334132 850619
29 549239 82918
30 248439 247002
31 367632 867342
32 329189 844992
33 757009 366846
34 671085 332565
35 304181 851088
36 668776 380464
37 675840 408866
38 267649 201206
39 266800 144026
40 698591 378687
41 708185 458743
42 202588 189234
43 249412 893982
44 706982 399767
45 707896 397406
46 314200 940485
47 244102 136851
48 704663 463235
49 290597 931150
50 576861 94176
51 669777 480706
52 278148 142176
53 254921 167545
54 250217 110857
55 348295 909296
56 366746 961020
57 532116 114635
58 324132 858411
59 329251 131651
60 352393 841936
61 729589 366386
62 497554 41456
63 217688 151209
64 574823 42040
65 698695 374683
66 166783 123169
67 654114 474986
68 663827 415399
69 629515 96524
70 701243 364214
71 271077 936780
72 272615 153223
73 648266 6080
74 672775 380462
75 306850 217098
76 739089 437708
77 699945 60530
78 560299 411766
79 327340 933247
80 266247 104830
81 335338 129676
82 287137 880962
83 692879 417634
84 562697 102651
85 660074 440121
86 655980 324630
87 220047 175533
88 303280 946978
89 300918 917454
90 290409 199388
91 278722 887948
92 354645 892606
93 568782 54647
94 324161 846613
95 504403 154667
96 616684 86002
97 289449 174982
98 321888 935219
99 278786 782216
100 310723 910368
101 657921 365956
102 619080 431590
103 330284 871776
104 607196 100306
105 366023 160464
106 214604 238581
107 643478 93906
108 187323 176871
109 339597 944577
110 262681 149271
111 196245 975189
112 607925 430177
113 734744 322264
114 218973 202826
115 609610 76631
116 530501 189631
117 248235 193623
118 256358 245020
119 685828 449943
120 229198 163716
121 243068 188498
122 633000 377163
123 670089 462071
124 313093 917182
125 310985 166023
126 250591 942651
127 601939 153173
128 289595 89217
129 250840 269903
130 650536 73538
131 597955 -14375
132 262617 172312
133 676531 108957
134 369915 898903
135 635939 73996
136 544619 94446
137 163670 161710
138 572498 -39659
139 731233 363927
140 653711 101537
141 724781 444255
142 641096 381216
143 322603 892140
144 298269 881174
145 312396 189255
146 236781 957782
147 200951 160945
148 590509 80428
149 570403 162481
150 704284 356757
151 325477 183717
152 668306 411974
153 357237 864610
154 234125 162182
155 680895 422616
156 402609 928794
157 607624 377222
158 381016 838066
159 725373 420446
160 588305 399458
161 387056 939109
162 367254 910192
163 620906 111133
164 326926 1013742
165 396046 880542
166 622354 155914
167 681848 468745
168 238770 130269
169 711260 378367
170 239781 241754
171 256187 278547
172 662608 -17444
173 200781 210915
174 238278 810699
175 168550 68631
176 284401 869741
177 224047 214587
178 276325 174935
179 499931 76021
180 602314 88282
181 345387 852928
182 319768 874865
183 373780 798208
184 587816 59935
185 511601 107217
186 681547 350749
187 633839 -3144
188 268788 276633
189 314556 106227
190 335732 195264
191 631420 340179
192 747034 423078
193 498453 106269
194 354795 875049
195 249507 196929
196 239161 925907
197 599004 85304
198 269739 227011
199 187884 139798
200 556116 365291
201 546161 78147
202 320470 875947
203 241649 849292
204 579321 22706
205 317170 876991
206 234851 169042
207 331450 866831
208 243648 822576
209 672764 419992
210 665482 391457
211 556897 101182
212 726472 417158
213 664396 478187
214 674601 60556
215 253070 951333
216 639531 409702
217 579197 112845
218 577875 8838
219 707251 343628
220 702500 499074
221 205036 294486
222 261956 111923
223 180149 237342
224 510028 89802
225 751258 359285
226 193070 206470
227 633908 133740
228 310264 895961
229 526697 114483
230 621300 17629
231 297350 966746
232 638280 483883
233 646773 41601
234 635946 81494
235 243804 278546
236 551893 21780
237 319095 900053
238 585127 36227
239 587457 46032
240 647653 536965
241 648585 449707
242 352981 875594
243 670181 408402
244 184631 130185
245 594253 121156
246 725664 412245
247 678964 409770
248 593801 172966
249 613477 84625
250 724981 450044
251 184120 241652
252 308335 974684
253 365272 895671
254 315818 967270
255 200844 185042
256 584180 399379
257 635572 123852
258 213669 236665
259 641670 417062
260 238869 146424
261 773533 417623
262 362327 824640
263 403735 863895
264 559438 -786
265 209641 221733
266 661588 51476
267 217521 78751
268 516913 96786
269 281040 111649
270 292955 940328
271 397419 856892
272 243966 137467
273 698632 415356
274 279893 178020
275 259704 187166
276 588341 59918
277 263613 166444
278 618705 39645
279 604693 50124
280 207167 285294
281 698166 407041
282 625914 15882
283 190079 132497
284 319089 943859
285 554363 299591
286 624353 401841
287 641439 75042
288 243404 147220
289 614884 49251
290 265890 206856
291 562259 102487
292 718450 327212
293 593841 429915
294 290170 897031
295 502300 38120
296 599450 37543
297 668069 358676
298 354563 870494
299 651234 437441
300 346104 953353
301 586609 134144
302 220165 138893
303 742459 349788
304 646302 340205
305 234701 159888
306 220481 265792
307 613043 415709
308 391343 882864
309 568815 395613
310 593278 70236
311 655526 429599
312 569582 6345
313 311566 899339
314 298923 848501
315 733645 437006
316 648371 -32917
317 687782 322966
318 615100 27346
319 290388 244468
320 338586 973894
321 551863 143368
322 630235 113185
323 289381 908563
324 272688 224986
325 306822 975739
326 367168 869118
327 420149 878270
328 655634 76730
329 691456 371353
330 591797 467955
331 720313 77208
332 768337 354632
333 262090 208019
334 192807 229244
335 254364 182183
336 346550 880503
337 612634 93999
338 618802 407453
339 609210 422723
340 664144 460858
341 617738 18702
342 658152 428696
343 217447 239142
344 676485 494017
345 675937 498275
346 528963 45005
347 329720 848456
348 170004 50328
349 221930 195548
350 653656 562611
351 598339 15915
352 222666 258200
353 292266 227518
354 166048 216070
355 327148 876869
356 573079 100569
357 199278 172932
358 294609 942362
359 255579 180234
360 293671 202827
361 679053 438625
362 609982 337952
363 299318 912530
364 292216 958802
365 598161 29089
366 402495 824044
367 621718 445736
368 389781 908234
369 528331 69836
370 654713 397875
371 287519 217632
372 677563 459046
373 633807 441418
374 680392 501986
375 284699 299620
376 603180 197820
377 155894 168136
378 632299 415614
379 247430 231484
380 681180 371788
381 237696 206583
382 611816 26164
383 532699 104344
384 271577 245507
385 689801 366401
386 361007 852139
387 654254 433678
388 710011 326941
389 799178 507893
390 293303 868850
391 654332 327602
392 352410 898175
393 248337 170392
394 619953 71862
395 564575 110058
396 280924 1029816
397 363239 794036
398 648652 144473
399 375655 919898
400 296458 892360
401 751367 400667
402 678530 108612
403 599406 128661
404 364624 864332
405 251712 165343
406 188837 240749
407 254420 150073
408 153434 188577
409 622818 87119
410 581549 104788
411 677030 39974
412 661375 116885
413 371742 977423
414 616126 -21191
415 187073 210070
416 386603 963391
417 670100 7463
418 293008 859404
419 245865 183938
420 736790 315776
421 640974 83767
422 642326 433900
423 248346 856668
424 210768 149220
425 683907 412882
426 599951 49219
427 245772 185731
428 612702 424032
