NAME : portcgen-424-1826624
COMMENT : portcgen N=424, seed=1826624
TYPE : TSP
DIMENSION : 424
EDGE_WEIGHT_TYPE : EUC_2D
NODE_COORD_SECTION
1 321621 681895
2 886323 767393
3 292872 558882
4 282372 40590
5 280991 132305
6 175829 40096
7 374660 137146
8 290920 535691
9 829825 784295
10 335812 181544
11 287492 666475
12 199041 149854
13 219568 -3802
14 282570 515890
15 918268 819276
16 252407 626880
17 341916 177906
18 233737 35795
19 903473 870475
20 869685 863568
21 277691 662478
22 901013 855016
23 317019 149761
24 877827 741052
25 326609 205128
26 201767 51573
27 292555 169287
28 333385 575602
29 209506 30940
30 261714 3938
31 304815 711903
32 226368 676509
33 337864 269265
34 358918 154209
35 891728 832545
36 271343 44871
37 373904 169858
38 278425 106042
39 367781 194001
40 210730 609363
41 882263 780682
42 939308 881954
43 340643 141978
44 279127 591251
45 227154 40330
46 232930 38989
47 894176 807668
48 299646 71635
49 201921 43983
50 198271 652298
51 903195 820837
52 922104 831840
53 308887 17039
54 328182 185416
55 1000899 835950
56 279028 726496
57 367104 656872
58 165972 179922
59 203400 114478
60 379254 22795
61 339222 703130
62 408487 164955
63 343223 593922
64 366028 64325
65 257855 624698
66 231090 94218
67 255134 135853
68 174408 8205
69 268401 601382
70 302816 683605
71 349297 187810
72 243214 23679
73 306680 22406
74 260747 620367
75 240604 573624
76 187801 88201
77 940825 799002
78 242505 19612
79 865728 780567
80 410365 114931
81 953256 854386
82 162084 87812
83 238434 41175
84 235117 -32943
85 285655 567601
86 173703 159874
87 951173 876028
88 839602 803971
89 316726 92113
90 233843 614460
91 363565 165617
92 263320 23369
93 944669 778473
94 205158 600596
95 927937 867036
96 344697 608055
97 900239 812037
98 169406 92949
99 902113 825639
100 297073 72608
101 895536 866685
102 286899 705327
103 926989 744486
104 275838 86354
105 258239 -4624
106 281476 577976
107 207962 170461
108 174323 727190
109 925561 765644
110 293189 673257
111 234509 644291
112 159154 37701
113 323239 99461
114 893583 858904
115 284729 156717
116 285468 711301
117 263134 682749
118 197883 65758
119 299878 657947
120 337731 655954
121 268897 -11981
122 166517 -13611
123 243233 142090
124 284872 613354
125 351954 198620
126 280391 108274
127 934068 818681
128 939879 773651
129 206726 74344
130 254887 31784
131 446056 44815
132 293020 645435
133 196654 60804
134 213402 65328
135 365384 629145
136 400915 120540
137 250799 93562
138 937056 797519
139 234834 73331
140 332546 78310
141 1007330 764273
142 352573 162139
143 365191 91560
144 212054 81546
145 410957 82572
146 320123 163718
147 298257 589550
148 214635 87533
149 221471 620969
150 904408 911067
151 896122 925723
152 259868 728038
153 307477 166742
154 220207 176875
155 261640 37637
156 931353 857510
157 938617 769926
158 215124 752722
159 933064 853230
160 254209 146834
161 865967 789295
162 264129 156290
163 390041 191728
164 257367 49481
165 455351 125080
166 942172 859020
167 299126 178032
168 214441 50587
169 223160 585584
170 882775 785308
171 236732 126156
172 304991 166272
173 360823 115689
174 311251 612065
175 898115 759105
176 879202 880777
177 309935 662975
178 333389 764529
179 233538 632985
180 303375 154291
181 859361 803621
182 274773 659456
183 326354 678517
184 920522 880758
185 963817 867206
186 221505 697532
187 222750 585924
188 304626 642697
189 303604 658818
190 313122 183728
191 860011 766000
192 222250 389
193 347466 86126
194 392397 94660
195 179623 70767
196 270674 652201
197 967755 879991
198 224594 15039
199 338848 117952
200 350310 61211
201 337604 175184
202 961522 762422
203 312785 58863
204 160058 56631
205 958878 845660
206 420799 167686
207 169087 117046
208 935751 799284
209 969176 802157
210 200925 34364
211 284796 122660
212 271343 81658
213 237745 39713
214 908620 739375
215 263608 610561
216 902059 758913
217 289150 577765
218 191147 647644
219 207909 63984
220 929382 805328
221 223555 636479
222 336705 584703
223 258215 686285
224 930576 724566
225 972633 837952
226 908629 848195
227 277033 -46345
228 376745 117214
229 198230 154038
230 411876 152181
231 285568 138195
232 384524 73777
233 905304 936649
234 373299 113092
235 308823 587096
236 162258 30687
237 837026 795666
238 256524 571853
239 163169 35755
240 241844 40099
241 325151 102509
242 298217 -17885
243 209607 58590
244 915508 801229
245 354301 158332
246 938772 853042
247 864841 774571
248 423248 170202
249 350077 126704
250 303524 544642
251 202915 67846
252 292558 769561
253 931608 805957
254 201728 580669
255 1013929 822202
256 367686 172215
257 354292 247576
258 191797 689271
259 357627 145408
260 272382 23926
261 236723 648422
262 282958 639692
263 226016 604484
264 267087 138448
265 981624 779085
266 299352 37807
267 265127 -51739
268 960283 768728
269 924713 830756
270 224208 59375
271 238183 650860
272 192722 15046
273 925957 813792
274 222586 -3795
275 346209 692758
276 146627 56664
277 311415 643469
278 408954 144878
279 281189 156452
280 304619 253574
281 201894 -68570
282 144200 71266
283 876177 838713
284 242895 47550
285 343608 151608
286 1014926 917939
287 212770 589407
288 309184 85142
289 380799 79131
290 209221 617038
291 887716 742637
292 939655 813423
293 883747 796639
294 244408 654715
295 904402 767119
296 226948 22354
297 268639 48871
298 285462 584565
299 362961 125901
300 309307 108290
301 267034 644707
302 361900 676936
303 282311 599180
304 260230 -14751
305 298572 26487
306 282342 654956
307 225087 99426
308 230619 617959
309 251624 76369
310 298949 663367
311 1005227 773457
312 262420 570814
313 253122 156925
314 896453 842016
315 325615 -7132
316 354270 68490
317 260413 622990
318 871610 846573
319 946287 779027
320 986799 870692
321 236017 50806
322 374512 161099
323 272173 553912
324 390321 131977
325 244431 676874
326 985066 815707
327 197555 45349
328 227108 649909
329 174242 45043
330 966952 847357
331 279436 103712
332 305962 607554
333 266668 1257
334 358438 134247
335 228459 679488
336 897946 839377
337 885806 770009
338 924572 822860
339 304849 104383
340 291567 161882
341 203711 162651
342 324261 84290
343 893341 943713
344 286142 641847
345 300831 561578
346 412267 185126
347 997535 801580
348 312024 201083
349 208502 52919
350 291219 40217
351 951547 784949
352 319756 177198
353 916152 811130
354 372129 633019
355 345793 207862
356 928763 811966
357 832014 801285
358 317858 122083
359 949844 785515
360 923583 823899
361 329302 140743
362 949590 795826
363 331429 157384
364 240342 -46220
365 228926 582068
366 359574 121632
367 294266 105605
368 314360 101461
369 205599 9564
370 258675 -12220
371 325444 555980
372 210397 609666
373 295734 598047
374 255693 9779
375 302753 598245
376 293453 704614
377 267127 90155
378 975338 737872
379 334587 185952
380 181912 54593
381 259143 75333
382 967730 788281
383 244202 196509
384 233903 513662
385 270533 51538
386 320956 165021
387 303687 113198
388 315966 99697
389 154350 77616
390 198590 100132
391 415228 670229
392 295607 674253
393 240194 482
394 297293 62311
395 287096 80744
396 224070 588983
397 900494 878358
398 391405 42893
399 346019 119158
400 304842 63340
401 912552 803115
402 414293 121496
403 246602 86245
404 268346 150234
405 878908 761379
406 274733 106371
407 127755 -13886
408 999481 795196
409 940825 827475
410 954548 771041
411 248618 690565
412 230672 694952
413 284491 100258
414 938972 892693
415 894460 870070
416 205820 2376
417 298891 47741
418 910635 688410
419 315218 112757
420 976204 828479
421 383750 639700
422 290150 56085
423 218299 519030
424 216874 60142
