NAME : portcgen-479-7960685
COMMENT : portcgen N=479, seed=7960685
TYPE : TSP
DIMENSION : 479
EDGE_WEIGHT_TYPE : EUC_2D
NODE_COORD_SECTION
1 874558 22046
2 399136 -18836
3 266433 835441
4 875684 37793
5 274569 435614
6 298309 846770
7 226033 857844
8 188827 304073
9 817332 29169
10 251977 827512
11 209494 863161
12 418022 -123878
13 223858 821021
14 418641 -61887
15 887081 31292
16 949515 74058
17 242764 397416
18 299732 806197
19 238483 373153
20 297884 837094
21 284991 339111
22 284854 387661
23 416954 8179
24 249225 355684
25 863670 39479
26 378413 -72178
27 295244 805040
28 229866 804525
29 298996 334768
30 871137 108892
31 993904 120003
32 882020 13250
33 184903 456631
34 217446 816259
35 337115 837068
36 402577 909201
37 839236 -4442
38 357398 287832
39 377213 61967
40 305735 847788
41 429889 -32168
42 194533 411682
43 218174 442197
44 191244 282694
45 307519 375921
46 895441 31753
47 896566 46115
48 898911 38832
49 891923 10856
50 868318 -10924
51 381801 15840
52 388964 103849
53 279952 352422
54 386051 71348
55 812539 114423
56 423665 39247
57 369665 883687
58 268176 382769
59 377049 61304
60 418671 -89259
61 218030 911744
62 296476 808937
63 262674 380327
64 472372 79271
65 443489 -59875
66 382208 23545
67 333597 845639
68 220642 319725
69 418488 59290
70 172480 356966
71 330054 -68471
72 281022 876479
73 889963 135044
74 244901 322466
75 215806 400985
76 919713 -5442
77 414096 -10857
78 456176 -19594
79 297369 767782
80 385716 15269
81 251448 922856
82 397012 64191
83 239277 832395
84 261137 311208
85 284414 781295
86 243606 343054
87 228951 380672
88 291467 832370
89 422560 -36422
90 230815 354613
91 278894 311826
92 460023 31323
93 922806 42007
94 404826 5940
95 841300 60630
96 345959 852183
97 375196 21589
98 418540 -95893
99 847222 69207
100 801543 53772
101 275548 352451
102 142512 387017
103 248567 810478
104 326869 859376
105 204292 374479
106 350051 39103
107 865001 71927
108 299657 815225
109 942144 92593
110 944773 21633
111 284375 353117
112 209633 807391
113 892470 28311
114 875271 -73323
115 798625 -8551
116 299395 789204
117 241046 332280
118 175007 386443
119 290559 878465
120 292701 796252
121 891182 36983
122 265990 843137
123 260322 828937
124 899826 29920
125 237175 875969
126 379826 799479
127 423128 -29851
128 219721 346481
129 314586 31691
130 368891 -20076
131 207958 776447
132 419805 -74744
133 335335 -8382
134 904218 101538
135 401703 77258
136 306951 431709
137 184303 390568
138 246668 840026
139 461549 39711
140 372747 832651
141 266482 850274
142 254859 309397
143 259140 846814
144 422124 -23248
145 925513 138781
146 287855 324422
147 350909 880850
148 238692 473861
149 772074 22232
150 371540 92068
151 292037 376741
152 479260 12552
153 263057 858403
154 191928 363507
155 242589 435116
156 173984 406665
157 431340 16102
158 256821 740081
159 248834 447415
160 397245 93147
161 244247 883398
162 401305 -22686
163 473371 31795
164 318288 -15927
165 242038 849088
166 858073 49904
167 174167 488656
168 272729 801577
169 856556 168422
170 259909 347247
171 851958 34264
172 831172 7722
173 337135 839523
174 255694 382121
175 194623 345352
176 315444 736389
177 318032 763613
178 422841 -6304
179 326718 853511
180 251022 470777
181 270478 747079
182 259418 821666
183 338068 813714
184 850115 78924
185 1002267 59374
186 940475 28508
187 231992 810499
188 418358 23552
189 445938 61920
190 220285 412724
191 224123 852448
192 276522 920205
193 206001 359717
194 847542 170282
195 271418 437137
196 325347 884523
197 266248 813289
198 386971 -82751
199 372189 -2547
200 223613 327455
201 368589 392587
202 421289 -36762
203 373150 885265
204 261294 790049
205 346844 17452
206 187266 370361
207 167159 399905
208 341290 17954
209 427642 7718
210 334590 -8361
211 340219 818817
212 485553 9554
213 872199 94139
214 259848 314894
215 457843 -18533
216 148974 348288
217 285007 336367
218 823897 86784
219 168877 833048
220 421864 39112
221 231679 419290
222 366215 765660
223 353655 829380
224 941273 41228
225 422697 57901
226 837182 47752
227 842862 166688
228 898913 3572
229 465245 -8908
230 349427 810890
231 464205 36816
232 509204 -41554
233 194083 425162
234 232852 364390
235 233745 808642
236 811962 27391
237 885910 68713
238 229439 743593
239 945737 98915
240 881366 26782
241 868472 34160
242 893547 24746
243 418258 -16841
244 418903 19760
245 385819 -47959
246 510677 7209
247 303871 840196
248 881977 17471
249 436548 -92982
250 359888 -27072
251 252219 743691
252 850218 40719
253 367231 12398
254 380433 812813
255 236253 872604
256 254786 385088
257 895537 -4785
258 861196 -16869
259 385899 25008
260 268077 428991
261 419310 -52340
262 389216 -44573
263 867595 9721
264 434825 27780
265 815042 101490
266 213707 424245
267 219784 843042
268 302134 438800
269 868127 109883
270 398232 46187
271 470177 5780
272 817186 46614
273 796039 94295
274 237519 896722
275 326855 864249
276 323575 -27524
277 227136 271103
278 313639 822645
279 270709 782836
280 354795 -100420
281 238581 870194
282 792012 82052
283 921475 65714
284 332658 788411
285 252611 385898
286 904113 100543
287 927876 -53063
288 408291 -10294
289 375987 -12454
290 305182 797490
291 360639 64992
292 266777 320353
293 295937 870891
294 833311 29357
295 871716 15806
296 874010 76065
297 384336 -15091
298 400694 -77098
299 285897 756345
300 877801 10614
301 884079 93965
302 302264 801388
303 385545 929647
304 311728 768572
305 363623 36572
306 978839 61797
307 866413 143348
308 450692 -82386
309 386237 33570
310 236235 913046
311 932413 96092
312 860885 15851
313 163253 744697
314 253812 860291
315 936955 67984
316 327430 874957
317 927850 24366
318 491765 -285
319 377149 28377
320 244817 846871
321 458069 15552
322 302175 368698
323 311783 903137
324 251988 342745
325 433085 -4046
326 373387 23661
327 288227 844173
328 318840 414958
329 865418 -2224
330 872989 40405
331 831761 72080
332 955235 90219
333 264612 404982
334 263139 840424
335 932289 -94466
336 280482 826857
337 893721 95360
338 308637 452924
339 907974 136279
340 355321 99772
341 264255 824060
342 898321 28841
343 223090 396914
344 486795 8250
345 862169 41904
346 299823 803586
347 845942 39709
348 409306 49523
349 229678 443453
350 308956 812781
351 818285 -8656
352 925846 61281
353 465128 24799
354 244196 820086
355 215340 857722
356 250177 886815
357 259835 365438
358 912782 95094
359 502811 -31098
360 383933 -11751
361 256766 796185
362 387380 -36218
363 878282 39615
364 813459 22980
365 478544 -43358
366 283926 776934
367 465721 100181
368 422319 42492
369 457276 2565
370 886494 33406
371 881892 75696
372 878479 -31236
373 833299 141277
374 880842 24674
375 251203 344905
376 861193 73864
377 918480 12132
378 886620 16087
379 271371 346139
380 199856 373297
381 387078 10442
382 864493 48422
383 345445 -10512
384 175401 366456
385 370913 812080
386 266695 318901
387 875041 64964
388 273721 412379
389 329080 842928
390 356632 894472
391 207406 867587
392 858949 44982
393 258418 396683
394 903575 7604
395 476633 25111
396 391605 768
397 406814 -60180
398 213097 827477
399 905107 43447
400 421358 24063
401 918307 22038
402 231316 343399
403 293086 890742
404 257895 301482
405 857956 22064
406 387749 -1855
407 486422 55532
408 300272 800937
409 418960 20928
410 848602 42488
411 252662 402547
412 461668 -3751
413 348687 17276
414 835648 135446
415 193309 369827
416 928283 86491
417 879138 19045
418 308578 350779
419 194900 440740
420 348446 105623
421 902167 94734
422 378065 -45744
423 906504 29444
424 211232 377721
425 516991 -54635
426 294509 355188
427 223665 751976
428 904154 -11626
429 873935 21588
430 270209 425252
431 302949 827317
432 861154 36955
433 856841 123140
434 174767 321647
435 413688 -30348
436 810417 64670
437 376395 -19863
438 293297 929993
439 433782 -14763
440 834754 47973
441 227512 772700
442 819714 -43360
443 887282 128033
444 228805 785753
445 338224 844190
446 421506 9545
447 248587 775341
448 232457 388984
449 287282 821978
450 264229 398513
451 301042 769485
452 907989 55066
453 973492 31140
454 358023 801530
455 260258 801606
456 198172 364824
457 231368 810038
458 864250 62092
459 260067 379599
460 337351 -10997
461 279567 803331
462 408482 -35715
463 393221 115642
464 903314 11628
465 929275 69918
466 880240 86844
467 935104 -44815
468 443077 -16703
469 320845 309962
470 473083 5451
471 376575 -380
472 446555 44619
473 444354 -107995
474 279861 773441
475 209336 831686
476 920665 39199
477 890218 20719
478 379874 -11487
479 239263 390879
