NAME : portcgen-435-8402808
COMMENT : portcgen N=435, seed=8402808
TYPE : TSP
DIMENSION : 435
EDGE_WEIGHT_TYPE : EUC_2D
NODE_COORD_SECTION
1 490225 472938
2 50221 361222
3 425696 232990
4 474297 163665
5 70092 418915
6 455950 103125
7 460715 237409
8 -59998 378619
9 573646 407784
10 3974 392484
11 86376 448520
12 551778 156498
13 443851 216330
14 497216 516262
15 562189 908491
16 447480 194570
17 29860 420958
18 636316 983712
19 471927 188741
20 471621 930689
21 670057 974233
22 565025 1019511
23 77704 481954
24 509754 187803
25 489434 185543
26 22772 513405
27 467818 522024
28 576590 1007905
29 -5649 349334
30 -7591 461324
31 511695 145928
32 60570 391544
33 549915 556304
34 468546 370948
35 592099 1012107
36 649543 1048939
37 527529 914161
38 528700 467408
39 -7167 376722
40 -94688 382046
41 7054 398489
42 508879 433565
43 538335 949038
44 569766 1001155
45 59727 419693
46 27280 440195
47 497313 149742
48 503903 477365
49 529082 513024
50 490639 255977
51 32507 521317
52 462530 373045
53 515340 293660
54 624997 997393
55 523702 414958
56 517477 477391
57 468838 966360
58 464416 547779
59 427223 186736
60 507681 86775
61 496926 98764
62 518606 135663
63 572087 468246
64 515444 521764
65 518308 187912
66 12193 430729
67 444722 83672
68 485750 497169
69 429094 139157
70 579421 1096280
71 -41373 460392
72 337953 155891
73 522535 419670
74 479747 448610
75 445884 226766
76 614123 993932
77 463171 149992
78 481996 468403
79 472928 574514
80 521776 98277
81 -22031 406294
82 546387 884795
83 487120 429917
84 409919 182209
85 12359 429088
86 587027 943846
87 5082 396355
88 52491 434377
89 -13822 425975
90 1134 470665
91 476675 96091
92 453651 223327
93 389133 174785
94 524281 429545
95 571403 441373
96 593141 932134
97 509941 962690
98 -26519 364440
99 564684 917008
100 482099 207434
101 -6978 449450
102 542526 997916
103 758 481691
104 -33243 460437
105 593057 878814
106 35176 407662
107 462310 453133
108 398093 173224
109 609085 942882
110 400186 127913
111 562060 198479
112 595118 947336
113 476441 483037
114 559688 439624
115 482033 420727
116 32870 335252
117 559890 939881
118 515511 209350
119 449998 475213
120 570057 423472
121 592159 932712
122 676040 994066
123 477486 209980
124 39173 344068
125 28516 346692
126 541292 362813
127 494856 448991
128 601712 538049
129 593033 887949
130 -40369 302923
131 542957 460120
132 624835 992302
133 68079 452843
134 474452 478599
135 536121 204134
136 510107 128231
137 569243 944341
138 36801 484408
139 447683 434355
140 477909 483668
141 536118 422839
142 14189 401071
143 -13087 403351
144 473365 552892
145 519876 556374
146 13198 518977
147 569391 1008731
148 596036 981351
149 571244 1030108
150 -11972 428252
151 -70998 355213
152 637210 466409
153 518922 415616
154 431559 517840
155 617450 925887
156 474355 438916
157 105144 360013
158 559961 957859
159 -44892 321032
160 591417 423560
161 -31842 453517
162 482957 430771
163 510404 163739
164 756 425391
165 505527 456081
166 406768 121170
167 606648 919864
168 546968 1027004
169 446472 159685
170 90227 399181
171 534662 454647
172 -2850 386313
173 -2079 355404
174 441466 104072
175 595629 935570
176 447546 523111
177 505975 564986
178 482786 397907
179 434322 508978
180 594292 511986
181 595252 1046254
182 490250 195905
183 578371 404638
184 583580 1007038
185 -29433 430508
186 547579 1023129
187 489962 140361
188 442644 491703
189 525146 173215
190 616504 943997
191 517325 118321
192 -60209 354826
193 674829 1033401
194 28412 447695
195 17919 393826
196 -77944 437509
197 467785 189056
198 593959 988844
199 418081 252822
200 48258 405125
201 13304 429485
202 503573 201188
203 500990 192863
204 39145 319495
205 480279 424286
206 433095 414361
207 636208 979709
208 532259 954244
209 683333 997827
210 538101 991252
211 464417 242347
212 517557 103279
213 541649 172344
214 507275 941399
215 498809 387804
216 525171 526958
217 634294 984368
218 547656 168252
219 22380 457878
220 618925 961089
221 523309 457768
222 465537 187362
223 496844 174110
224 37910 418064
225 523497 974008
226 511327 405474
227 421582 146615
228 35007 417459
229 537505 407634
230 -57376 370283
231 672414 1004108
232 550369 457989
233 431163 81046
234 518213 52049
235 -29436 435728
236 58301 444175
237 -11048 408303
238 533759 977947
239 -57236 310697
240 557359 997892
241 447930 542405
242 526351 971762
243 503261 955201
244 452577 232716
245 547476 496816
246 395213 123482
247 583589 483582
248 457599 211637
249 491832 466091
250 427443 511013
251 555505 400235
252 -105972 454625
253 440940 211171
254 471343 551120
255 49822 522703
256 467173 79264
257 457539 44645
258 378671 274873
259 9081 470299
260 11029 353967
261 484123 325441
262 543955 904825
263 512201 938106
264 48239 445943
265 485981 129632
266 616558 962547
267 444123 211131
268 392790 171503
269 466380 190384
270 612254 860025
271 480622 401980
272 547043 457204
273 459548 230782
274 564045 1012507
275 449241 101283
276 449999 502490
277 475890 142946
278 71138 396750
279 600645 926853
280 450639 182762
281 26972 442773
282 -34710 386995
283 603589 985787
284 444247 469572
285 458934 129556
286 597334 908462
287 36182 332711
288 441792 266028
289 405263 139371
290 428688 464880
291 470465 151851
292 89369 430182
293 496735 161689
294 494591 466588
295 503159 541057
296 463029 476684
297 43605 367036
298 569428 434637
299 453833 469827
300 458996 209672
301 626757 965094
302 617301 979000
303 496917 511001
304 445324 426104
305 523302 454071
306 479197 443462
307 108159 406075
308 20072 354757
309 381282 148752
310 399585 188728
311 434533 166429
312 -41000 384525
313 575476 886868
314 507312 227896
315 517657 960972
316 564331 1020333
317 637881 1027664
318 44805 339663
319 42257 381676
320 570669 907815
321 560452 428664
322 472481 432387
323 544174 171195
324 507793 514155
325 433950 85994
326 462627 448284
327 499456 922052
328 409281 90404
329 577350 423792
330 544533 472404
331 522145 914569
332 470238 421987
333 513605 900160
334 77159 432323
335 466967 214278
336 538483 1049590
337 505388 520478
338 601508 897297
339 -10507 503695
340 479106 139552
341 597664 978875
342 -4985 450453
343 697599 899050
344 454922 201590
345 487644 437758
346 -50750 437188
347 425551 83610
348 586892 946095
349 574434 1037680
350 590290 883956
351 -20414 365956
352 534904 155959
353 483981 165896
354 618311 1076833
355 635395 934446
356 4769 439491
357 541507 412421
358 519827 398934
359 614641 957055
360 652260 914351
361 510267 1009439
362 425380 426829
363 488822 498571
364 69796 349493
365 606893 1020990
366 -67812 447125
367 -48776 496924
368 89206 410661
369 -57434 441139
370 624191 939626
371 7390 445442
372 504610 498709
373 545349 489670
374 588423 1012448
375 489877 154013
376 604652 965958
377 412576 451707
378 438018 408947
379 559687 465428
380 1067 367509
381 452939 334955
382 384809 135987
383 13956 356436
384 598747 420378
385 503113 497375
386 364398 187839
387 561637 138127
388 544078 428353
389 482365 538666
390 7494 492740
391 -12964 327809
392 17865 386435
393 481989 200257
394 473589 217197
395 596483 953592
396 385444 175254
397 617352 973590
398 46222 391911
399 459053 460230
400 456965 555748
401 10880 456928
402 446670 472718
403 86290 361598
404 470747 538589
405 589891 975292
406 589955 942915
407 5335 485532
408 61209 403581
409 526368 175867
410 418061 406020
411 450478 531066
412 553505 1012865
413 591442 971803
414 576499 867132
415 491034 157590
416 616008 436978
417 481554 465252
418 573785 892028
419 561292 195716
420 493010 382827
421 605879 958277
422 515912 174578
423 39194 494651
424 -87203 393446
425 36000 341778
426 605778 295272
427 -28357 462646
428 594394 1049676
429 -8342 365574
430 457691 160253
431 582676 895372
432 435673 232860
433 461542 477757
434 555020 196274
435 547397 464140
