NAME : portcgen-586-2442803
COMMENT : portcgen N=586, seed=2442803
TYPE : TSP
DIMENSION : 586
EDGE_WEIGHT_TYPE : EUC_2D
NODE_COORD_SECTION
1 486946 761123
2 439896 764092
3 34566 751492
4 309101 882985
5 364973 896404
6 410437 509999
7 152440 687812
8 535491 818455
9 335831 899664
10 316912 495535
11 527454 779909
12 346313 889175
13 93153 635492
14 18342 680816
15 755075 283309
16 385567 871430
17 351885 864396
18 440976 565011
19 11003 686460
20 359527 863733
21 277335 583352
22 361312 614250
23 368947 857093
24 826691 242921
25 776527 317033
26 353886 475950
27 329160 862788
28 384652 465783
29 342954 494502
30 366492 927634
31 380228 586197
32 368388 865951
33 371328 918693
34 383775 837488
35 133843 633914
36 330385 895908
37 513600 730709
38 806443 317388
39 52249 674943
40 374204 541334
41 -9002 724483
42 385374 882135
43 377425 511676
44 331876 916414
45 455274 754672
46 323686 513125
47 40412 622508
48 711957 314290
49 392485 924940
50 501675 665232
51 421989 491303
52 411298 737349
53 730411 288302
54 294859 965924
55 80162 735618
56 738896 290027
57 327513 900491
58 671664 276038
59 42687 662611
60 449667 788095
61 762436 302056
62 4161 683070
63 451816 740915
64 26484 692396
65 37445 617154
66 800005 372692
67 409989 489647
68 766373 224651
69 328036 509964
70 -21746 671532
71 398256 516219
72 459957 519224
73 759475 298347
74 332390 846336
75 501851 765323
76 334261 496447
77 413509 539748
78 308660 553041
79 441929 866540
80 47446 717273
81 370376 886011
82 3457 698559
83 721697 320908
84 455607 764914
85 348152 514363
86 341544 473208
87 74212 633652
88 543724 749852
89 103934 742606
90 81581 649682
91 756877 331821
92 575100 766223
93 129395 651266
94 548409 738975
95 791084 253235
96 511051 686467
97 480348 704084
98 372817 516648
99 69795 635925
100 342495 880153
101 60055 667140
102 429547 530718
103 490615 807932
104 743106 208859
105 62269 700186
106 514933 779121
107 305831 963671
108 371146 520485
109 530006 718750
110 339097 883760
111 353371 550038
112 294180 831376
113 822652 308664
114 480526 709866
115 103909 655953
116 399960 501810
117 51984 719551
118 405797 452049
119 459746 656642
120 801759 278642
121 334073 567619
122 360701 523841
123 355851 467747
124 319676 502810
125 266465 582797
126 792858 265822
127 413485 447906
128 397811 552267
129 805451 278401
130 362911 582241
131 374999 879877
132 309996 546075
133 779907 292195
134 509179 704715
135 677758 289958
136 416558 895779
137 338595 873886
138 387438 919295
139 451214 489583
140 513699 752488
141 344930 509814
142 399905 509283
143 550372 764306
144 -3461 734415
145 82480 666741
146 268436 858854
147 535175 724519
148 254050 912573
149 276229 929400
150 337702 926410
151 331062 530758
152 337266 546424
153 830651 247349
154 759218 294098
155 554574 737555
156 356314 545435
157 481349 673841
158 377714 503657
159 550956 797893
160 500601 699899
161 702461 264868
162 717078 271764
163 319255 491589
164 737847 302466
165 400473 509767
166 740475 310950
167 37976 686005
168 797608 248820
169 747448 388987
170 43376 662922
171 523140 751874
172 817413 332980
173 343407 484973
174 413083 573598
175 346852 480541
176 75728 617323
177 -2688 677470
178 74056 718650
179 409161 838963
180 409817 547664
181 87954 697188
182 286148 879737
183 767082 288161
184 236538 864847
185 484385 749847
186 768620 324029
187 495286 725154
188 551383 819256
189 10062 650280
190 513623 701030
191 311762 561672
192 734011 252344
193 718917 296879
194 87890 657857
195 789315 263825
196 52364 673889
197 474877 694735
198 392459 534341
199 40477 726197
200 433279 711036
201 408761 881910
202 508406 735595
203 460339 808618
204 65579 791679
205 300167 829215
206 805992 294792
207 104236 694303
208 486175 767856
209 402449 555175
210 743375 330948
211 33766 781004
212 557075 704908
213 791659 234696
214 364302 500064
215 99212 722446
216 691255 350045
217 439380 530792
218 497935 712783
219 339785 902851
220 112317 641093
221 409120 509851
222 779906 261496
223 774003 269078
224 748827 221379
225 109075 676146
226 738783 247465
227 520305 723912
228 60897 753581
229 767003 201742
230 534431 823554
231 28077 695451
232 772839 299569
233 364535 577456
234 76003 639604
235 325606 913672
236 366523 555607
237 20443 711393
238 5255 639577
239 759806 298304
240 27454 727784
241 128390 727644
242 705091 317607
243 14818 680839
244 763653 198261
245 399405 537955
246 388492 551156
247 737066 268256
248 729825 255311
249 66309 719661
250 403899 877788
251 60957 726541
252 744999 351956
253 413012 789786
254 494927 829484
255 119484 672940
256 502729 741819
257 400677 569857
258 350636 540492
259 539217 711878
260 409736 517941
261 503610 681923
262 502353 776683
263 17921 678970
264 689776 290846
265 572449 686547
266 551151 741040
267 457337 759656
268 418095 583257
269 735489 349016
270 18379 647377
271 305680 563957
272 748628 313753
273 405343 862371
274 748853 258865
275 517812 694083
276 89586 727793
277 62148 742972
278 365688 862262
279 84602 643733
280 453548 663938
281 380553 495491
282 775089 324097
283 336744 522839
284 341722 576124
285 673004 342424
286 481872 773167
287 733091 274669
288 393861 559488
289 376528 492535
290 406437 510432
291 784527 238871
292 712571 345712
293 136657 771422
294 375897 570569
295 366076 910092
296 365636 588124
297 811213 293624
298 70323 728080
299 90986 651735
300 344218 557707
301 291003 585716
302 693298 288713
303 304713 869276
304 758663 187432
305 337848 875382
306 48945 649009
307 56848 647161
308 364569 906711
309 514568 702995
310 26000 751791
311 550685 761840
312 400630 560830
313 758669 306201
314 368618 902655
315 331362 892883
316 782615 330792
317 442294 872382
318 315156 966916
319 402330 443253
320 494794 767019
321 399113 895027
322 112000 669441
323 420182 878869
324 308715 532849
325 741736 266401
326 579268 794058
327 55433 722388
328 785089 324518
329 341529 549152
330 63244 641344
331 73233 672643
332 344618 541764
333 751567 317859
334 774239 355140
335 526878 743258
336 377442 570848
337 331047 476583
338 777346 268601
339 434137 676113
340 372659 852832
341 533839 735834
342 680708 297604
343 372135 915920
344 468391 668726
345 506457 726814
346 817930 258829
347 358466 886730
348 54059 653859
349 96456 600441
350 357018 893557
351 282534 887688
352 50278 652434
353 23853 704077
354 48570 651493
355 365459 535563
356 287245 893000
357 32841 717345
358 400190 760612
359 337344 740338
360 294462 920032
361 327453 574032
362 400289 713122
363 756933 282997
364 744989 325588
365 666317 326742
366 542518 710741
367 -12330 666613
368 345925 954389
369 813901 266879
370 513189 705641
371 905132 216996
372 764559 289636
373 310636 903326
374 392595 479576
375 738254 227036
376 729808 336592
377 371601 514056
378 67001 704310
379 804313 279484
380 348151 812496
381 320375 544479
382 347329 885379
383 767616 299907
384 565546 763224
385 762898 258098
386 700003 276784
387 389778 501646
388 382433 450494
389 478336 764949
390 409762 525766
391 512013 793872
392 327502 871256
393 352635 506548
394 356198 546259
395 407768 778575
396 47374 712334
397 365192 842392
398 334013 499910
399 400672 553635
400 724766 229360
401 19314 733082
402 534777 716695
403 308119 875247
404 72372 672382
405 338478 521883
406 704910 297456
407 362299 855594
408 332318 564012
409 -99259 678707
410 649661 311416
411 462672 783997
412 525903 716432
413 35860 709813
414 356331 844961
415 60876 645573
416 -33528 663145
417 378958 549626
418 721128 204053
419 815381 304274
420 51340 662995
421 439751 763407
422 474304 733056
423 571544 776903
424 402563 532571
425 -6138 683843
426 338303 853796
427 674327 302399
428 361857 846965
429 717182 340909
430 72720 622727
431 717910 267732
432 317212 933169
433 804854 294661
434 505001 725561
435 475619 701308
436 493519 739601
437 347418 521059
438 302659 817983
439 108851 687233
440 783048 283187
441 229936 908589
442 91435 698810
443 366603 492479
444 749395 281166
445 87962 735597
446 328396 893479
447 90581 764359
448 33228 733157
449 37786 627833
450 -63159 698917
451 757391 268391
452 450468 706288
453 746419 239317
454 284618 885326
455 285552 916071
456 362584 949186
457 510574 763625
458 801850 319572
459 319052 500841
460 821976 304441
461 58512 761391
462 391452 535892
463 415750 603788
464 734687 354634
465 772384 258394
466 590402 727345
467 55176 689972
468 425158 466894
469 339012 529224
470 777639 288161
471 762604 311934
472 75455 660520
473 738307 239882
474 734227 259272
475 749063 268796
476 398147 903461
477 737821 271289
478 147396 625955
479 66117 724216
480 476987 687601
481 323312 908753
482 365955 904803
483 338632 872975
484 359480 858109
485 458446 730906
486 401245 872693
487 715663 347864
488 10840 725171
489 332872 470629
490 795229 223925
491 372054 893816
492 347672 841508
493 433615 751375
494 498746 785302
495 537454 752484
496 433348 561169
497 492311 729085
498 348073 457173
499 18480 661987
500 760327 184401
501 382321 539975
502 353082 926085
503 721014 311947
504 350475 510563
505 340957 491522
506 758058 281418
507 494092 781282
508 695305 229990
509 330616 522142
510 517308 660985
511 314353 836512
512 730919 340243
513 555624 706595
514 329311 818979
515 395446 898051
516 543309 766274
517 357673 810479
518 363682 585074
519 485005 772651
520 -82467 641165
521 21643 697282
522 413362 521533
523 812668 300195
524 585445 795428
525 62648 688546
526 752282 297441
527 34425 690458
528 794542 243494
529 123340 745273
530 450695 519432
531 336195 564202
532 494207 729336
533 391160 493249
534 717363 294108
535 762366 344110
536 515028 772646
537 310827 518724
538 367096 502599
539 712835 246604
540 134670 632566
541 796453 318846
542 359774 585964
543 528967 728771
544 96531 673658
545 515081 735089
546 714744 225075
547 436814 745632
548 325099 877868
549 429970 661034
550 7114 665238
551 4377 666331
552 587452 730485
553 88164 717855
554 757489 318796
555 346214 956837
556 87816 715425
557 443711 732803
558 127609 625782
559 457427 704457
560 413878 869906
561 527757 749901
562 374418 539293
563 361576 553136
564 141077 742295
565 139455 737265
566 15336 724481
567 334240 623318
568 361106 535648
569 359212 889214
570 58911 706879
571 387768 541159
572 785726 295955
573 119293 672218
574 35172 646085
575 296843 556904
576 825517 338848
577 319661 525721
578 112611 647345
579 349106 533819
580 4690 651751
581 734898 255861
582 341467 898264
583 547849 721449
584 498146 775256
585 90308 666393
586 -4155 717340
