NAME : portcgen-509-6492429
COMMENT : portcgen N=509, seed=6492429
TYPE : TSP
DIMENSION : 509
EDGE_WEIGHT_TYPE : EUC_2D
NODE_COORD_SECTION
1 220541 1050886
2 279989 998599
3 719600 364498
4 259588 907052
5 282384 1008400
6 344682 871588
7 769546 417194
8 811896 383362
9 290678 1002740
10 351377 988731
11 726512 440572
12 253265 917927
13 397847 207431
14 664779 315430
15 347059 942981
16 260401 972068
17 774868 382986
18 408113 234958
19 911458 601444
20 452319 255888
21 395530 238028
22 787070 357080
23 331729 891926
24 333817 989299
25 774029 357370
26 707421 384113
27 303640 1022455
28 249666 964198
29 271501 993895
30 252207 973946
31 899386 640936
32 396011 225064
33 280952 1020233
34 369275 916079
35 405464 231907
36 411975 965003
37 853910 602581
38 480395 133498
39 353154 954837
40 856027 582416
41 799520 375518
42 239771 926122
43 267807 1044225
44 309940 983104
45 766403 356713
46 378889 258780
47 338547 979299
48 867787 594597
49 810399 392807
50 427642 198649
51 244130 904979
52 301158 210419
53 726899 319045
54 711377 393134
55 405414 313975
56 390743 216646
57 922061 565192
58 497924 234347
59 716732 379841
60 785866 393903
61 669613 335842
62 913448 581680
63 376615 999702
64 825791 560418
65 801323 593569
66 379643 997909
67 389238 931494
68 400360 253651
69 797175 429750
70 741538 434038
71 422852 256484
72 258948 923869
73 261996 978621
74 221879 998104
75 879156 700178
76 350664 311501
77 285488 926899
78 770667 446796
79 473846 265032
80 261566 964078
81 346255 957785
82 339481 1005620
83 833515 397950
84 284020 962964
85 870356 518030
86 216950 1041507
87 320633 279872
88 455187 285517
89 842352 430196
90 401461 202882
91 426925 225293
92 767998 447847
93 787801 359024
94 750512 361692
95 907213 559956
96 422295 269326
97 424737 1008596
98 882172 590606
99 299865 905064
100 756723 387769
101 289785 911039
102 831165 594508
103 694964 390687
104 729334 342655
105 279559 1014374
106 128934 931371
107 437014 214773
108 867126 617756
109 434840 244977
110 426665 224274
111 926900 581871
112 867581 574557
113 400102 973180
114 694070 302497
115 307164 887801
116 452652 226496
117 875880 608578
118 807732 336539
119 729622 388076
120 475961 301315
121 283322 1013131
122 289500 945438
123 440677 278482
124 219989 944074
125 293270 939849
126 376796 938368
127 251732 983938
128 259189 951825
129 741554 385835
130 298408 921589
131 782628 360115
132 233208 973749
133 260411 931688
134 502037 242982
135 895762 552765
136 214283 1028973
137 462866 235784
138 236056 1014626
139 858572 379603
140 293174 903692
141 487310 235402
142 372211 195508
143 230790 966149
144 313480 1033839
145 814775 421818
146 251088 972325
147 234920 890389
148 722153 312683
149 766703 308918
150 314757 1000787
151 398092 253049
152 394210 245064
153 897678 612077
154 454201 180656
155 297319 992969
156 871041 562937
157 381272 225092
158 402739 177160
159 431681 296088
160 255836 973285
161 314149 978693
162 309487 947035
163 313781 962835
164 285996 967744
165 336132 903575
166 743122 392670
167 257636 1041246
168 831518 606962
169 910688 652395
170 221408 1033328
171 316872 967712
172 781198 419257
173 885916 624247
174 857163 531196
175 771055 407037
176 263320 1006621
177 384813 202322
178 232076 1033627
179 313866 1029911
180 377968 1092776
181 324889 984037
182 834939 564967
183 186862 902642
184 444552 226926
185 303540 960629
186 445666 248232
187 728878 473666
188 333704 924787
189 452155 226771
190 699961 469860
191 411758 956000
192 859123 614751
193 276300 1066608
194 736947 382738
195 451571 202665
196 283345 984839
197 835719 377798
198 286937 928765
199 728720 328228
200 353730 926134
201 242405 965872
202 836887 416420
203 673859 341412
204 697766 317503
205 869762 556350
206 367946 306547
207 174451 941095
208 784222 368100
209 837658 423172
210 297833 993982
211 333538 954155
212 351776 1021681
213 879712 582582
214 332850 958412
215 268956 913207
216 337962 892583
217 329624 908392
218 390296 966771
219 495186 260986
220 482399 180006
221 257798 989316
222 394847 310035
223 724077 353915
224 796704 333108
225 811398 522379
226 447807 239021
227 413143 224721
228 844134 372134
229 409383 225749
230 997102 601138
231 887067 583656
232 867495 597697
233 776052 347373
234 444470 257955
235 267916 1007524
236 416092 255444
237 396262 953968
238 862405 573940
239 671000 402114
240 418152 273126
241 905070 587439
242 856134 323244
243 718734 324511
244 325770 898107
245 713889 390816
246 444311 186121
247 357206 948452
248 226761 1015094
249 807363 556151
250 716576 396693
251 533630 223530
252 397147 278454
253 216421 1028465
254 319560 930848
255 940027 604357
256 230432 1045654
257 298941 979842
258 251366 953280
259 388337 268159
260 855438 565910
261 272546 967770
262 215786 846862
263 357579 280330
264 277419 942932
265 710529 293123
266 764953 398938
267 265775 984680
268 294272 994883
269 766801 396389
270 858421 605358
271 220260 993805
272 334957 935640
273 304239 878250
274 184980 1008157
275 379146 290672
276 298664 920207
277 791801 579089
278 302789 940043
279 864049 622789
280 285034 1043331
281 785640 379946
282 290391 920649
283 826309 671343
284 707628 312340
285 712377 263190
286 824657 354277
287 234705 1059519
288 873924 649284
289 913762 632307
290 224938 988521
291 451928 282307
292 419956 258142
293 791097 335377
294 517834 198065
295 751644 378607
296 847039 333086
297 897618 589525
298 499047 252079
299 240694 1017540
300 397385 268588
301 301303 980145
302 375934 1041100
303 338669 219834
304 340583 932764
305 878772 558522
306 343484 919395
307 322270 316718
308 1002647 609254
309 325385 863248
310 293986 942533
311 315570 974326
312 216498 969617
313 769578 564185
314 288975 903401
315 297371 1001008
316 907401 602643
317 217210 997608
318 781728 590388
319 212746 1004274
320 357194 1023064
321 925739 585335
322 948620 541677
323 381151 257835
324 711038 330131
325 198486 1060524
326 272517 957492
327 779261 346377
328 783319 317253
329 224432 1003196
330 438790 221063
331 349805 1014003
332 389559 290385
333 317080 903668
334 364436 915388
335 788354 446583
336 360128 906165
337 253281 1002829
338 426204 260274
339 704181 303266
340 235376 977963
341 794654 309603
342 392525 243179
343 298866 936227
344 736006 334950
345 937254 602814
346 356703 185447
347 382022 954250
348 881515 679461
349 442347 239832
350 731709 385848
351 361058 951987
352 279403 957580
353 760103 336894
354 415274 281177
355 496104 203730
356 713660 358967
357 261661 954173
358 916814 581808
359 241995 938834
360 799557 445939
361 266274 966016
362 746633 342872
363 384395 233574
364 942526 581644
365 716782 405369
366 814469 390535
367 898119 671024
368 696797 351008
369 281159 981283
370 287355 1001410
371 755255 352966
372 900894 633524
373 738196 300715
374 364926 192656
375 430374 300765
376 890915 559966
377 232413 910290
378 428417 277016
379 381177 215908
380 274877 919783
381 221456 910183
382 754839 330339
383 713235 385051
384 305838 1028579
385 244534 1040781
386 271111 1013405
387 428389 926906
388 371195 283253
389 793364 590362
390 749408 421957
391 451395 185606
392 195356 950730
393 394262 311233
394 935299 633513
395 222692 993669
396 251903 948249
397 388149 994799
398 323194 986287
399 308186 974760
400 795277 308796
401 222768 1009563
402 731698 354092
403 947123 534600
404 316618 950515
405 413317 203497
406 291903 940107
407 809196 402699
408 325860 952922
409 255417 1039502
410 317282 934374
411 290047 1013287
412 363658 928317
413 844218 516961
414 780368 314290
415 352704 920027
416 875610 637671
417 876188 576280
418 732136 449070
419 366461 957047
420 468315 182477
421 850974 557528
422 413930 288764
423 295935 1015109
424 264430 1002750
425 880284 734610
426 806595 532202
427 906347 582763
428 886910 572221
429 246441 1040977
430 951647 584511
431 423130 272703
432 162655 980045
433 811009 317765
434 899182 712918
435 912310 603516
436 197193 1019374
437 401280 244861
438 354126 240035
439 365801 1025179
440 371990 327916
441 895539 563907
442 687796 373466
443 900811 611767
444 761663 325882
445 342804 218830
446 358565 922168
447 259833 975697
448 781202 575674
449 416577 1024241
450 805394 389131
451 435004 285213
452 397169 238853
453 810075 360064
454 893307 598345
455 376998 967759
456 457665 236911
457 327770 913554
458 842581 568651
459 808667 352390
460 350570 905955
461 857050 493069
462 276298 942473
463 700675 348306
464 820534 576172
465 904392 595856
466 306743 965090
467 785701 369943
468 367579 216729
469 198910 988101
470 430465 233507
471 848857 315261
472 253196 920291
473 829620 589318
474 895392 471237
475 378730 930415
476 229368 997759
477 310496 913205
478 701667 477956
479 938639 578425
480 435597 235216
481 782741 545946
482 344708 926081
483 713342 383859
484 276796 959203
485 835689 618489
486 330343 920978
487 235843 958017
488 907498 543990
489 855559 597892
490 265738 975851
491 351005 950397
492 896657 531761
493 274435 997022
494 780034 387697
495 720808 432838
496 390056 265308
497 726501 367513
498 323819 947442
499 706771 292770
500 868090 604261
501 902673 548310
502 434243 193203
503 434129 216802
504 414637 217236
505 309777 1032569
506 743328 402219
507 902110 528783
508 772917 355827
509 354096 902063
