NAME : portcgen-469-7415335
COMMENT : portcgen N=469, seed=7415335
TYPE : TSP
DIMENSION : 469
EDGE_WEIGHT_TYPE : EUC_2D
NODE_COORD_SECTION
1 466821 326591
2 695104 958333
3 286116 127798
4 597702 973080
5 71327 422816
6 223196 85196
7 264800 76925
8 647158 1002961
9 685373 935922
10 666738 905510
11 280831 129203
12 301564 136475
13 612917 962246
14 -11641 289325
15 661316 901266
16 248842 149804
17 340496 92162
18 34512 344015
19 470248 262356
20 313885 90532
21 694849 961703
22 158777 321134
23 139434 321586
24 658818 991596
25 139404 367974
26 455303 278807
27 470264 287841
28 701096 899964
29 652843 942475
30 650367 883449
31 674530 901918
32 658327 860201
33 273995 110476
34 453383 369978
35 459472 239693
36 750833 945960
37 40399 327633
38 82967 309145
39 137469 318883
40 677175 929958
41 303496 237287
42 252245 91369
43 242565 175624
44 27963 261802
45 675434 966707
46 283651 156701
47 302645 135072
48 42042 411992
49 455223 363354
50 494223 302470
51 -5312 306163
52 223581 135345
53 132268 327441
54 314508 138271
55 212172 110742
56 143191 365488
57 713742 861887
58 170080 337806
59 252805 165926
60 449736 281701
61 60122 374590
62 592494 954828
63 749290 858984
64 230591 127200
65 240123 87526
66 138466 353802
67 309433 142111
68 71276 286217
69 -4554 328594
70 234873 162750
71 95758 449795
72 654264 888922
73 343182 106584
74 114162 361553
75 71462 375077
76 446040 290915
77 674208 913344
78 243255 64200
79 407798 289381
80 450431 287147
81 492051 268831
82 455731 156707
83 489373 351624
84 225188 139579
85 416515 256772
86 409023 288806
87 767744 952802
88 428581 315437
89 660705 959728
90 123901 377834
91 101187 307284
92 334346 183628
93 342245 200810
94 463818 329326
95 758494 933095
96 48382 354818
97 242300 145384
98 126423 363741
99 299699 168459
100 647286 943190
101 337772 139663
102 462137 196296
103 674735 973775
104 33 300676
105 666108 971859
106 181621 414212
107 691628 994597
108 272791 243820
109 499252 353773
110 88549 386777
111 634205 857386
112 150383 401786
113 294793 114352
114 254538 83815
115 205071 159087
116 267503 111107
117 132641 325210
118 465728 250053
119 271552 146353
120 346115 140675
121 -3332 378779
122 205172 155459
123 302920 121062
124 294305 184979
125 182758 319762
126 490624 235625
127 664579 835176
128 110974 299212
129 339448 157387
130 294202 111914
131 150727 361623
132 143844 395287
133 687692 926939
134 115407 396080
135 402744 321553
136 473064 238150
137 -7208 280260
138 172512 316991
139 63482 299367
140 98743 344673
141 346605 153762
142 286768 102202
143 123637 346237
144 649822 924500
145 93694 373212
146 306364 143050
147 304345 238020
148 -6698 290786
149 59066 330541
150 701958 959320
151 261581 106806
152 661499 919996
153 413376 278974
154 99001 293021
155 100797 362827
156 71877 286340
157 298185 34832
158 113520 303922
159 602819 981531
160 461500 323069
161 101695 317608
162 112811 415145
163 243594 145524
164 60788 357291
165 5595 298405
166 599439 966957
167 725163 905789
168 92780 357887
169 239017 105974
170 445885 256223
171 484188 280681
172 556518 286125
173 626842 880431
174 648929 975565
175 195492 63153
176 413033 269776
177 121143 297511
178 284815 128180
179 208875 101653
180 653189 912610
181 464342 314484
182 258014 123427
183 291464 184427
184 490546 260930
185 677500 1003441
186 393637 327121
187 569580 330121
188 523442 227407
189 602052 957166
190 92728 398544
191 146716 366049
192 661198 992886
193 287566 91519
194 463334 321287
195 425940 306321
196 54817 299549
197 202485 93910
198 137045 246070
199 287879 81147
200 698919 953728
201 654923 947499
202 584202 940330
203 277717 124220
204 690847 885916
205 608004 995002
206 382776 138958
207 -2169 311923
208 399681 260349
209 104612 359618
210 131388 319502
211 265092 73285
212 123719 319801
213 450763 301825
214 207012 242991
215 698375 976549
216 353007 138987
217 606681 1006145
218 649799 975037
219 482668 307273
220 46731 275845
221 50303 242278
222 544898 260040
223 91976 326878
224 629193 1008063
225 438463 226308
226 290730 194722
227 89044 381820
228 659911 920303
229 635812 1014819
230 647044 920138
231 519183 242981
232 468731 310793
233 492418 236349
234 300180 166891
235 125424 367655
236 309381 215701
237 402304 299597
238 275775 150916
239 338629 165393
240 584007 1026034
241 97828 308557
242 184483 130610
243 710775 932753
244 479611 298965
245 156406 162345
246 450655 279642
247 726130 976802
248 301322 123176
249 544915 311920
250 255088 73394
251 446303 263690
252 647366 921645
253 724255 907583
254 504616 266395
255 777983 888348
256 648662 927239
257 654592 985925
258 62834 335071
259 319725 170346
260 512263 337422
261 31485 241231
262 113321 377761
263 625844 947787
264 642019 956517
265 631928 907673
266 658208 938195
267 312910 180802
268 47108 264643
269 279982 134868
270 640597 869677
271 255600 100748
272 632561 988890
273 267873 115594
274 294453 213452
275 60862 280597
276 551764 242520
277 243131 156911
278 688158 971477
279 294400 151158
280 443680 261671
281 446380 310285
282 292920 55449
283 500760 292348
284 458696 231397
285 480592 215091
286 31192 387981
287 650015 904541
288 463941 298135
289 534612 300033
290 426926 266498
291 59209 354607
292 448312 303727
293 646044 1005503
294 441018 288332
295 641058 1018337
296 81116 407703
297 607792 1022313
298 615389 965286
299 583144 999586
300 323514 172908
301 85645 290686
302 372353 148629
303 521060 240892
304 294235 116299
305 642761 918238
306 283889 94927
307 23482 343734
308 84788 326729
309 33836 308429
310 476277 281877
311 661280 983795
312 747841 973183
313 214747 186823
314 42075 380009
315 321612 118673
316 499060 397170
317 230169 187544
318 674685 873120
319 425922 286424
320 261396 176039
321 678774 896244
322 687115 911622
323 310336 172672
324 110810 340579
325 497958 263185
326 309809 185177
327 611923 957161
328 606607 972393
329 682911 890620
330 487670 325394
331 194231 59770
332 588893 241713
333 703465 905739
334 123288 382324
335 430009 395029
336 351060 299128
337 489681 248288
338 304311 117231
339 118668 342544
340 412208 280249
341 307172 167105
342 280788 137329
343 504950 235822
344 709180 935888
345 326190 93072
346 559497 260958
347 430295 291078
348 468398 313911
349 36660 387182
350 103778 285897
351 209486 131677
352 79612 338665
353 86824 309063
354 126991 373262
355 8429 311009
356 128016 305270
357 258478 103025
358 368563 279383
359 691031 918693
360 251193 83858
361 519700 280169
362 243706 65745
363 92929 314687
364 498711 238280
365 364363 190958
366 685935 969954
367 286634 89718
368 621951 908015
369 434982 253152
370 399601 220449
371 657402 1031864
372 489336 222007
373 234682 156504
374 297419 65486
375 335330 104860
376 474467 327053
377 288022 163887
378 453615 246453
379 651898 963971
380 183059 381044
381 623754 976304
382 240238 67744
383 435474 369952
384 287138 92019
385 724038 908193
386 68935 331426
387 424092 197504
388 30837 253710
389 414092 272489
390 440147 269299
391 273189 100165
392 325845 130793
393 448024 299060
394 442215 284521
395 60834 431141
396 126495 270660
397 683100 941748
398 54296 326276
399 53358 377089
400 453642 335188
401 96465 282101
402 277759 119734
403 457568 240840
404 77326 375018
405 251631 165127
406 254038 82859
407 663874 992706
408 645927 945439
409 138670 321006
410 728589 957839
411 630566 894585
412 80013 348448
413 262306 252014
414 214562 200249
415 639453 913609
416 194276 219007
417 327067 134184
418 628212 898973
419 111029 337650
420 522181 242246
421 132448 340629
422 484517 231824
423 167328 95109
424 674445 964090
425 289100 124188
426 285845 74531
427 233783 204499
428 251545 99591
429 263788 152037
430 54137 330807
431 652347 952195
432 200384 315807
433 620998 983395
434 170275 371636
435 505172 346569
436 449853 193232
437 136771 227209
438 379579 322626
439 400612 273787
440 390301 277729
441 50490 331709
442 644520 1023867
443 650156 959807
444 256505 93748
445 257755 134455
446 676552 900640
447 136284 416818
448 609938 937600
449 492789 362216
450 199820 105458
451 669141 940202
452 258694 162715
453 410273 213876
454 263308 169529
455 575793 267541
456 168575 195193
457 675155 959356
458 634176 929140
459 104391 308476
460 141566 370964
461 -16929 332913
462 48591 208285
463 688774 883835
464 279077 91680
465 246985 196950
466 235004 226614
467 667359 915555
468 306218 128590
469 137665 325986
