NAME : portcgen-406-5706670
COMMENT : portcgen N=406, seed=5706670
TYPE : TSP
DIMENSION : 406
EDGE_WEIGHT_TYPE : EUC_2D
NODE_COORD_SECTION
1 375519 496102
2 625092 137509
3 260596 329880
4 651633 58292
5 660044 51616
6 513922 799110
7 542926 646732
8 476663 600761
9 163209 349521
10 216828 346037
11 169857 344275
12 473814 568500
13 653686 177689
14 345708 523124
15 385296 609005
16 497536 500235
17 430678 817780
18 487065 705557
19 158758 454130
20 706955 73393
21 770047 107780
22 718989 109954
23 425614 535529
24 721916 85677
25 417354 552162
26 452270 706051
27 468458 613030
28 195589 369345
29 378513 774846
30 462904 563988
31 420473 718287
32 251662 446087
33 232147 372503
34 360925 580862
35 771395 35224
36 506365 698442
37 230105 345035
38 405654 930988
39 701906 48515
40 220893 314078
41 118421 422884
42 685926 69490
43 702598 47439
44 494194 619914
45 437133 611097
46 210961 365707
47 624426 82147
48 198316 302996
49 708241 211011
50 99280 391714
51 194954 387264
52 401243 777265
53 473298 826074
54 220940 299832
55 417269 606730
56 474208 549466
57 391124 787916
58 449272 515319
59 699423 81308
60 406308 751245
61 428902 589861
62 468296 765746
63 659435 217622
64 659863 117763
65 527643 636802
66 603866 53983
67 637757 97624
68 439549 543000
69 538954 517636
70 404768 717913
71 639606 79934
72 197668 344680
73 388690 661975
74 721358 78074
75 426686 749437
76 374920 717569
77 163584 399352
78 430133 834988
79 394899 580548
80 492540 714667
81 424087 791423
82 439227 772720
83 344310 729292
84 395989 605496
85 439423 560162
86 408553 538846
87 476831 720922
88 357518 715887
89 257695 341675
90 367208 755548
91 707477 123948
92 418296 567742
93 371444 741050
94 464463 815553
95 413286 796753
96 735591 95557
97 702886 69586
98 405131 762514
99 437952 527065
100 633004 98064
101 319830 511537
102 173338 360996
103 532643 555692
104 485528 708737
105 148097 376391
106 157859 458481
107 256031 436656
108 164542 394442
109 697897 178791
110 101340 284393
111 370956 720797
112 515491 734876
113 377155 608099
114 459746 496653
115 706221 97844
116 726763 40764
117 493138 721402
118 203797 274228
119 682218 92507
120 433124 461128
121 439460 529559
122 418664 843604
123 448338 737663
124 497100 613031
125 390719 809392
126 459948 540804
127 465886 769054
128 387397 628105
129 491860 542403
130 682706 118325
131 483076 507684
132 593424 143144
133 470369 744131
134 701190 91818
135 665233 100983
136 203590 503267
137 391989 575730
138 219409 306693
139 428004 812622
140 670029 152787
141 146052 286954
142 196004 439589
143 466867 551691
144 397117 559913
145 465082 723716
146 411136 770825
147 532332 777986
148 394184 508050
149 449292 584962
150 194616 423218
151 390244 778039
152 121440 318756
153 238496 358823
154 509298 765345
155 764323 173785
156 494965 791430
157 642472 49138
158 657626 97522
159 431072 744478
160 387449 596810
161 692210 83930
162 357651 585338
163 492091 522317
164 715025 101466
165 429834 631664
166 503727 553830
167 476364 781058
168 658922 141200
169 383602 766494
170 745302 123702
171 144307 391772
172 375692 719107
173 369027 623560
174 748528 80787
175 167045 322751
176 400863 749232
177 708848 95641
178 445707 439745
179 674882 8594
180 689970 48748
181 694809 81450
182 211237 410142
183 113749 344002
184 212500 466149
185 734044 146635
186 427120 551754
187 150220 401335
188 687822 155291
189 435631 858605
190 455056 835590
191 420987 562848
192 482206 691620
193 353878 735340
194 180496 455616
195 110958 341554
196 734115 65837
197 664313 108138
198 722311 31993
199 520242 535718
200 466657 817687
201 394092 520650
202 457828 800947
203 205160 367539
204 186515 391901
205 243074 339931
206 454900 588782
207 386520 731970
208 399454 748757
209 412215 829698
210 421971 652966
211 183409 356551
212 721246 109223
213 478548 691990
214 645614 107706
215 394597 524143
216 686723 151096
217 439934 799364
218 460789 567815
219 167985 390712
220 712245 133961
221 449603 796626
222 195022 415484
223 437931 526418
224 693571 83432
225 160915 425877
226 485094 590077
227 452665 573082
228 709412 44491
229 304518 780423
230 160152 448251
231 276141 362616
232 493879 794827
233 477944 586047
234 739567 188197
235 747645 149578
236 140286 374378
237 182812 393999
238 755119 148155
239 460184 685020
240 675516 59377
241 641590 77234
242 418548 561379
243 399162 721648
244 699024 122364
245 158710 324753
246 433874 685031
247 312363 372708
248 199759 430385
249 141156 460904
250 595945 124012
251 454860 569567
252 389400 591806
253 481971 735273
254 373638 741523
255 514745 788835
256 428676 790412
257 206504 255210
258 188911 466713
259 675739 -15321
260 368526 783743
261 653972 126197
262 669906 93663
263 436295 526225
264 117154 382236
265 654776 93067
266 679272 124756
267 242579 354690
268 419279 617138
269 483620 574188
270 637000 99355
271 433746 636320
272 733493 231400
273 783555 64912
274 177712 402783
275 424026 728168
276 435025 646551
277 81870 512486
278 370850 652163
279 116693 389084
280 412258 762010
281 440683 844769
282 520002 606343
283 604477 84560
284 410959 575991
285 167107 400325
286 464131 608752
287 637276 56551
288 735190 86316
289 486566 802077
290 471799 538202
291 198460 253618
292 485721 586530
293 456389 719581
294 617767 104354
295 395459 750660
296 233089 335404
297 154828 365516
298 399314 813841
299 450434 744439
300 608872 129587
301 78344 280623
302 805505 62845
303 424895 874755
304 404636 768155
305 588413 158601
306 560243 811603
307 220255 410671
308 464665 544042
309 135429 451373
310 697746 64547
311 454671 632747
312 358758 763229
313 142047 436340
314 451219 644717
315 444523 536690
316 177905 447807
317 442314 546198
318 138552 329521
319 370657 861123
320 400918 514616
321 421391 647520
322 454099 718062
323 463934 623651
324 410749 763885
325 183707 337232
326 185971 408876
327 724098 66739
328 749131 184622
329 389006 834401
330 648941 162889
331 233303 336843
332 475370 635919
333 168002 435045
334 422350 756340
335 725090 101228
336 197048 354729
337 371350 766521
338 628193 -4863
339 225726 400901
340 283516 367289
341 129102 352793
342 506649 663328
343 209046 376035
344 209732 321264
345 752048 34766
346 389401 526362
347 427625 769232
348 419448 831094
349 804555 110145
350 501026 712164
351 88754 440259
352 761317 119283
353 637603 81375
354 207242 414476
355 495620 542170
356 508192 720052
357 379491 495269
358 594919 52495
359 427131 562481
360 429837 750456
361 429034 736987
362 136280 405254
363 207453 408520
364 799245 63292
365 390303 746277
366 337391 635391
367 330283 883934
368 431990 557699
369 669412 111509
370 494673 573555
371 214692 455229
372 404976 746176
373 409406 568037
374 721765 76741
375 100642 359613
376 466553 562671
377 293740 362758
378 215649 378032
379 161381 327606
380 423331 713433
381 402500 515200
382 455975 510885
383 250132 363285
384 708485 103287
385 482533 788938
386 769751 75817
387 497654 761194
388 732648 69637
389 249034 371576
390 525037 569917
391 379614 725932
392 458048 789032
393 213967 361255
394 168628 390454
395 202454 480567
396 225635 413824
397 171487 422073
398 182469 411738
399 483163 791670
400 225842 371880
401 472092 759318
402 606671 137495
403 482433 824158
404 212267 362906
405 125051 415992
406 444304 755988
