NAME : portcgen-550-3718635
COMMENT : portcgen N=550, seed=3718635
TYPE : TSP
DIMENSION : 550
EDGE_WEIGHT_TYPE : EUC_2D
NODE_COORD_SECTION
1 641539 717702
2 198440 768504
3 545876 732886
4 178444 938822
5 639641 828164
6 622908 742743
7 687372 792159
8 1030859 781798
9 565770 801520
10 567346 663469
11 103948 875171
12 157299 933136
13 53772 12708
14 1014764 727539
15 1004210 778129
16 71203 -41505
17 44347 -17805
18 981693 828371
19 693317 777129
20 108460 13612
21 124340 869025
22 1016206 890405
23 16936 30985
24 648176 706645
25 728757 802546
26 522228 666116
27 696944 681231
28 231367 883093
29 60841 103636
30 711850 639892
31 624669 749271
32 50678 33137
33 680982 800940
34 594971 675647
35 548857 656524
36 111839 -22853
37 203433 929148
38 72268 9709
39 -8304 2576
40 607681 639209
41 568692 670723
42 43130 -13463
43 958911 855601
44 646367 646075
45 595492 682126
46 664917 657633
47 738467 656529
48 571622 739082
49 149663 880886
50 593585 626182
51 1010466 735939
52 616626 684729
53 1000836 727839
54 1001781 823397
55 645766 650760
56 177366 838129
57 162323 908072
58 66115 23668
59 78592 15714
60 212351 919475
61 996601 816823
62 108117 35323
63 690496 671415
64 204765 850628
65 674681 666294
66 665612 743230
67 161580 831183
68 527453 643807
69 586479 622696
70 556048 720908
71 991325 782183
72 605618 751664
73 16039 -7706
74 574703 708810
75 71947 39209
76 148183 848106
77 994831 788116
78 76603 41754
79 630658 715487
80 185765 905400
81 575471 722447
82 709989 730798
83 159515 971104
84 632374 676015
85 6672 -13834
86 22039 -92461
87 590940 768607
88 669685 786252
89 696850 730718
90 980174 852294
91 1010214 830492
92 614117 780873
93 30416 34206
94 611147 673922
95 198683 817557
96 10141 -654
97 142807 940270
98 608068 617395
99 568587 642451
100 968319 735043
101 13446 -14055
102 1003165 809471
103 638734 633135
104 70174 -49375
105 960229 804591
106 908047 844289
107 999863 815274
108 55454 859931
109 999488 819588
110 620492 680034
111 552543 665081
112 698687 698984
113 651025 803982
114 65855 861965
115 760879 753341
116 80958 122951
117 660331 602587
118 545932 638661
119 563521 701563
120 113762 847951
121 145505 906881
122 1020375 804653
123 691927 743063
124 971240 763036
125 627123 602572
126 614404 781514
127 567839 691715
128 86389 885601
129 634717 768574
130 1025176 789692
131 917652 837924
132 183949 900231
133 712865 791993
134 987817 844608
135 76536 -10982
136 673493 806187
137 662420 771202
138 974543 757274
139 712850 731968
140 -40675 40808
141 926260 697257
142 85533 -81876
143 587678 753450
144 943782 745017
145 562805 659255
146 92986 -30018
147 565012 740304
148 627589 660093
149 1103359 849677
150 25841 -21229
151 539309 693439
152 637970 644512
153 970596 686325
154 948476 838061
155 95638 902279
156 1007927 914457
157 54220 -11307
158 611502 736522
159 914375 801545
160 636589 683055
161 650307 761388
162 543388 684589
163 630053 691454
164 880262 812252
165 77424 870883
166 920095 841205
167 552512 741034
168 621003 542494
169 634894 800423
170 267458 813818
171 116589 894156
172 940934 749413
173 615616 851805
174 171875 892716
175 179808 844110
176 587097 728086
177 15478 -27071
178 923644 702485
179 172106 930177
180 72994 56600
181 640614 678723
182 620968 700158
183 592932 633137
184 206353 890725
185 977438 812178
186 1046648 709914
187 8072 86583
188 1015596 761874
189 554656 657626
190 672314 769551
191 698010 809389
192 -24917 26142
193 170335 864210
194 134852 882064
195 898883 830054
196 56907 21344
197 621758 702517
198 711051 711730
199 640897 751836
200 632590 784408
201 37499 34957
202 609620 660028
203 76628 50936
204 607236 626003
205 102348 25050
206 24661 25233
207 512187 774487
208 635913 775799
209 639401 702474
210 691123 870329
211 643907 728358
212 636824 631172
213 646879 729394
214 976520 869627
215 664403 805367
216 613277 717375
217 962334 756763
218 178028 900759
219 18437 -26487
220 701391 759254
221 192023 817997
222 512962 727291
223 951690 738163
224 136271 910906
225 959903 832765
226 598655 645140
227 991426 841310
228 613583 735183
229 604475 600119
230 616888 825460
231 90557 889580
232 599574 685048
233 1020429 780505
234 1044455 767887
235 1009828 802435
236 123144 893324
237 21339 -27281
238 680190 725561
239 575333 638393
240 162814 900536
241 535299 572402
242 122701 921534
243 75993 928860
244 46227 41563
245 97256 63561
246 639118 738674
247 55325 32124
248 199483 865957
249 38870 74842
250 188286 858749
251 18496 -37192
252 639736 671216
253 670557 648308
254 98064 22383
255 555437 729348
256 115827 868496
257 612438 788688
258 1000892 706037
259 44563 14653
260 77740 -18535
261 114672 923958
262 -13982 43988
263 40006 67956
264 942199 701472
265 598245 731967
266 577431 702240
267 12744 18626
268 914382 759353
269 120027 892984
270 555309 775826
271 84524 919600
272 932766 774648
273 139003 892028
274 212823 871355
275 675904 808290
276 613650 688917
277 160124 875129
278 151870 885379
279 108803 48264
280 1005103 822804
281 126785 969987
282 9786 54384
283 1031480 715099
284 573028 765106
285 51292 -63575
286 -11139 -45078
287 171460 817121
288 611620 706084
289 574459 571339
290 989069 802615
291 47507 24745
292 910335 834851
293 659628 769639
294 713864 707293
295 591950 749768
296 62358 50339
297 197833 863032
298 722800 837232
299 682572 632973
300 615561 684723
301 661368 669438
302 85259 40210
303 993655 830120
304 946740 789186
305 83428 -73793
306 81456 18468
307 126842 894096
308 954513 773783
309 606897 742199
310 611523 597700
311 115763 -2530
312 154706 905376
313 984973 744111
314 662441 723135
315 652568 886319
316 588989 735455
317 642934 764056
318 122608 933256
319 990601 730926
320 580927 613141
321 162853 916596
322 547149 658321
323 609177 633282
324 668051 698912
325 945955 783927
326 629205 653766
327 577695 797530
328 186392 911690
329 124201 945540
330 55409 -34670
331 20999 46757
332 66691 21561
333 -14815 30450
334 24252 45843
335 746499 638685
336 137299 857817
337 670945 701565
338 998304 808149
339 104692 51421
340 -11823 -2022
341 116089 949223
342 143373 919287
343 119298 904030
344 27335 -56823
345 641991 779257
346 596603 713831
347 21658 10307
348 926087 815016
349 682267 717494
350 8511 61955
351 637298 758458
352 617709 734719
353 686706 740000
354 601836 611969
355 16432 59298
356 30744 47854
357 -23842 1747
358 686456 830658
359 974335 742935
360 8487 18883
361 99458 -11384
362 546739 647621
363 626962 747705
364 571421 658923
365 15055 4061
366 648268 624355
367 986802 837534
368 550716 718613
369 973779 820755
370 167140 862709
371 1060431 748220
372 613440 750512
373 652508 671825
374 623522 676753
375 608149 636372
376 147350 959497
377 581062 691792
378 954355 883334
379 667443 789728
380 714672 616544
381 601678 684940
382 971001 718194
383 78428 -41905
384 1017621 813643
385 627454 758486
386 94029 -18285
387 585005 794710
388 684857 795494
389 697363 825255
390 671983 731208
391 107105 981621
392 44325 -11710
393 151185 932073
394 88393 -23224
395 33988 -71086
396 158563 952783
397 717053 738644
398 29339 6608
399 605542 712367
400 666858 747579
401 167160 894750
402 610045 693487
403 218295 919012
404 985790 822749
405 42684 -11034
406 181857 871884
407 15584 17499
408 598283 664794
409 652475 745104
410 652334 708376
411 84935 926140
412 597426 641828
413 636072 591667
414 233126 900620
415 167408 925424
416 639251 663474
417 655526 714260
418 1085675 752030
419 608182 678930
420 155420 822720
421 889200 794610
422 937825 708488
423 558080 605287
424 -16411 85050
425 929509 782304
426 682839 758683
427 898013 714198
428 549706 656991
429 999803 851588
430 604713 687332
431 621310 716153
432 969705 753335
433 687394 730544
434 38681 6761
435 682911 735357
436 534814 678354
437 975015 756869
438 166590 911879
439 83888 111695
440 992328 855999
441 627382 655959
442 941654 803502
443 26862 38653
444 644766 741173
445 723111 820436
446 661798 679399
447 152870 921706
448 733203 696509
449 104586 898823
450 -2714 -37394
451 990161 759903
452 665280 675331
453 30276 47805
454 918569 741813
455 1016204 868359
456 1006090 722422
457 118606 37648
458 670300 759567
459 107860 82147
460 949329 853598
461 989645 792193
462 -18251 -36647
463 650271 716562
464 108061 -9169
465 650696 706161
466 -1110 -21075
467 101541 878133
468 942790 788958
469 976166 820279
470 83382 936621
471 950294 841035
472 537603 761192
473 571986 692611
474 1036481 747172
475 686105 702991
476 141700 880854
477 994704 721924
478 654752 720241
479 623891 699983
480 690123 753882
481 666994 687742
482 975538 718410
483 946265 818007
484 998297 841656
485 670493 764755
486 634700 800288
487 596826 658057
488 602947 726317
489 908266 740840
490 675067 828519
491 648056 674918
492 140856 826855
493 99287 -8666
494 116149 923692
495 1013372 738082
496 638151 813236
497 707568 826655
498 173919 897765
499 173856 851674
500 949780 781776
501 628032 643932
502 155272 938217
503 120885 819803
504 150828 908296
505 60329 942143
506 63597 -101822
507 622153 618964
508 -16438 -24431
509 707397 640709
510 674945 840398
511 966748 760029
512 614745 767456
513 63136 75655
514 969131 776636
515 161263 922662
516 875262 812141
517 1010516 739339
518 540982 618410
519 601993 751321
520 981623 798819
521 16981 29707
522 781953 700726
523 64443 898300
524 693350 699290
525 703523 787482
526 -26644 3858
527 623237 597884
528 127226 -33214
529 599546 640470
530 128740 894475
531 169985 871550
532 32174 5306
533 179159 890893
534 593495 600778
535 1003122 751826
536 175200 883854
537 925153 785992
538 39200 40458
539 109622 906447
540 977166 787853
541 118 -63122
542 58172 -68815
543 90947 -62669
544 70295 44065
545 608633 710102
546 629595 695231
547 992325 861653
548 986692 737137
549 126736 -9519
550 959847 798666
