NAME : portcgen-473-2985036
COMMENT : portcgen N=473, seed=2985036
TYPE : TSP
DIMENSION : 473
EDGE_WEIGHT_TYPE : EUC_2D
NODE_COORD_SECTION
1 812743 877107
2 792026 401097
3 870334 72735
4 210543 356528
5 943983 53383
6 776888 413566
7 762766 315239
8 725354 838509
9 692639 800819
10 155578 309127
11 871907 57498
12 952442 141225
13 832657 422308
14 825973 743441
15 702695 715015
16 744431 418925
17 828118 456011
18 765299 25752
19 280823 331887
20 853770 385751
21 203316 251650
22 789344 796320
23 837508 813485
24 248219 414055
25 962168 123758
26 691173 792080
27 756199 905160
28 812149 367728
29 743438 751151
30 808091 823024
31 789774 860968
32 786213 830805
33 795871 -32475
34 821093 440757
35 752864 836602
36 776515 414824
37 694444 814027
38 218210 381109
39 216698 319944
40 863720 101982
41 915621 20479
42 825904 856717
43 917872 98750
44 949134 35468
45 774545 470080
46 803572 404535
47 807586 89823
48 845248 394306
49 827540 445081
50 740632 442695
51 782645 716682
52 881893 49508
53 813027 800632
54 848458 103861
55 174868 309027
56 873738 131633
57 812002 393888
58 198285 412853
59 187198 309825
60 218941 393546
61 882946 39126
62 725354 764568
63 841940 389537
64 805624 844215
65 849807 142058
66 775016 318105
67 925819 121354
68 765850 763690
69 179016 442494
70 771689 399977
71 185859 263969
72 864751 142755
73 311332 376574
74 807863 425430
75 806421 440950
76 189481 383226
77 925081 15644
78 202431 261342
79 833856 302400
80 778772 390975
81 740473 776677
82 130332 307228
83 707964 809050
84 807180 460265
85 765593 464536
86 260680 280120
87 197020 373714
88 854721 266
89 722297 500069
90 858977 435192
91 955690 103297
92 240384 290435
93 844063 91945
94 827808 412201
95 842577 456906
96 290170 423147
97 947479 58526
98 820217 805265
99 780471 446865
100 785123 68119
101 911561 75335
102 295157 379519
103 823724 816338
104 886890 80347
105 793410 399562
106 277252 357259
107 238206 318919
108 709716 811487
109 858299 804971
110 745154 403991
111 300161 385482
112 219610 272842
113 867833 62344
114 775016 410572
115 702743 831788
116 294963 403500
117 912314 125452
118 240615 392484
119 859769 53710
120 765473 399912
121 760851 730188
122 722077 791807
123 880976 8929
124 824090 434879
125 894061 105967
126 306981 287447
127 800946 470702
128 864381 -5805
129 834063 458763
130 846770 66842
131 760671 823225
132 753792 839379
133 748418 408702
134 284635 324628
135 908443 69622
136 843544 367283
137 310233 289774
138 887682 93318
139 918894 544835
140 786494 362213
141 866431 166455
142 746503 774814
143 806582 400751
144 877564 89938
145 762082 126058
146 756978 371828
147 803679 454079
148 896513 122936
149 804478 417233
150 221029 331467
151 859012 87396
152 797082 41860
153 831425 110019
154 862737 51046
155 807887 461772
156 801637 836661
157 214974 323196
158 844033 144843
159 752745 904749
160 240452 371140
161 785115 438954
162 868082 149706
163 855992 385861
164 793148 836246
165 822441 146170
166 741784 797501
167 770829 787669
168 884111 111683
169 745956 822743
170 731152 763810
171 694270 745492
172 848541 809588
173 918194 23343
174 689922 407299
175 875464 90679
176 844393 418807
177 815355 89946
178 894195 27213
179 796599 804144
180 884613 49502
181 871084 91838
182 819012 812874
183 769217 447439
184 215148 295309
185 814982 77059
186 211044 298332
187 914520 97631
188 870583 25534
189 816357 830234
190 766502 388626
191 845521 409234
192 834770 793242
193 936571 56935
194 763072 783519
195 201116 358586
196 155950 371893
197 738080 852525
198 256778 311536
199 879693 140411
200 211302 344728
201 834878 504656
202 860311 138332
203 228212 286499
204 745108 821741
205 774446 456871
206 716175 317344
207 841601 22717
208 723292 778187
209 272403 340149
210 757865 822917
211 760346 783477
212 796262 444606
213 726099 803806
214 208462 408180
215 807304 722562
216 819433 442150
217 836076 448197
218 893021 132498
219 886833 72127
220 773470 435863
221 677770 795407
222 815952 61736
223 774788 512154
224 960991 51561
225 716962 828431
226 189517 332985
227 855824 158252
228 847113 95537
229 202323 345091
230 742046 858353
231 830437 435645
232 291282 356144
233 913276 403426
234 723288 762578
235 778681 735733
236 777823 819920
237 766374 467579
238 823007 396448
239 289433 334518
240 838799 449773
241 781910 861030
242 929061 14743
243 847307 73921
244 726680 865438
245 842604 453785
246 249642 310763
247 814115 822297
248 909410 470575
249 811053 54160
250 756562 776927
251 836292 47167
252 828824 488117
253 736455 893021
254 897926 176645
255 828705 490900
256 171987 348626
257 290408 267568
258 807135 817238
259 162102 318326
260 971773 68288
261 822680 366713
262 832117 76681
263 787377 831432
264 822373 804353
265 814262 455698
266 805225 90591
267 281754 351485
268 751794 827730
269 269005 375442
270 911712 106873
271 117006 320797
272 911622 86863
273 903909 84423
274 162032 336889
275 777552 825959
276 948824 62679
277 834114 60599
278 756677 745404
279 907122 68536
280 726221 885089
281 899123 5009
282 190257 348244
283 287345 239694
284 848789 872040
285 712206 842299
286 194587 307611
287 194405 360591
288 296264 378436
289 183398 337110
290 894950 42876
291 944258 73797
292 738823 747279
293 120520 336056
294 237003 194681
295 234161 340819
296 814795 443130
297 857669 420823
298 692870 810596
299 260342 360214
300 270331 279043
301 268192 372302
302 809029 405764
303 927462 180940
304 890646 92389
305 233111 338253
306 897085 81812
307 803610 765213
308 964439 35753
309 867073 407471
310 204195 354850
311 183689 317138
312 850686 426735
313 305646 260461
314 650399 884353
315 833020 408968
316 750145 795565
317 766437 853050
318 862024 394518
319 804328 841763
320 780343 837580
321 157911 349777
322 799728 371942
323 832288 79232
324 740607 725410
325 780469 434506
326 793054 422675
327 940886 78097
328 796602 847506
329 228940 343440
330 263640 395506
331 208539 378337
332 853117 479129
333 732385 803421
334 775201 824142
335 686379 794900
336 191540 323595
337 844863 460887
338 781024 456348
339 837311 114883
340 771479 415987
341 879614 13819
342 778050 398998
343 288235 403242
344 758408 754047
345 895758 387514
346 281750 373450
347 840228 404664
348 863310 23548
349 801542 66179
350 845100 753938
351 780855 843641
352 765858 770526
353 801321 813597
354 908343 -9955
355 860356 78946
356 228834 342401
357 879936 413932
358 928226 111781
359 274833 336515
360 248783 351151
361 893457 140876
362 810235 385748
363 869539 797726
364 263532 365070
365 206682 377373
366 295715 385281
367 731416 852526
368 131657 366598
369 735918 437083
370 802349 392806
371 892577 122583
372 860071 471449
373 732981 780217
374 703676 885675
375 764620 799431
376 853167 826194
377 861647 39640
378 839677 113411
379 830384 23458
380 228667 307144
381 853001 53365
382 801815 742768
383 207554 307521
384 915342 79957
385 923843 13209
386 755817 800749
387 700884 770804
388 828429 403760
389 796467 418486
390 201570 348414
391 763288 873828
392 850068 32523
393 756443 747372
394 813349 181623
395 844333 366974
396 822744 372909
397 751464 883571
398 761900 425306
399 183898 333970
400 790113 480887
401 868705 95255
402 262170 386861
403 913365 17193
404 794597 427845
405 709890 832501
406 847722 5626
407 726610 450788
408 194378 342271
409 793308 32102
410 712823 799028
411 779489 865804
412 804667 776743
413 731685 838829
414 938337 46598
415 728303 787729
416 842559 415554
417 885958 721214
418 849951 72831
419 849412 60082
420 786871 874299
421 777841 365370
422 888525 80537
423 907484 36707
424 847401 -5905
425 834826 53623
426 218453 336096
427 767154 404948
428 228411 327551
429 866500 100823
430 266730 375651
431 892050 366530
432 867369 509751
433 790828 862464
434 797868 122348
435 226155 270438
436 847091 417271
437 796470 832183
438 932189 152684
439 801268 106661
440 149325 247094
441 828529 411314
442 729280 837460
443 751360 374208
444 834711 536331
445 776580 492377
446 152970 330487
447 832316 826698
448 880185 -40831
449 782926 85301
450 713819 832598
451 794136 437264
452 867014 18437
453 885567 65614
454 888002 2386
455 224454 382172
456 799498 766360
457 809894 849780
458 713436 820936
459 146861 394421
460 807794 796036
461 191752 281278
462 760722 831248
463 224841 322499
464 830336 395675
465 880968 155160
466 757011 773123
467 261243 206458
468 705652 795784
469 722624 866427
470 733222 389188
471 185836 374112
472 733170 460933
473 820198 18057
