NAME : portcgen-599-3275474
COMMENT : portcgen N=599, seed=3275474
TYPE : TSP
DIMENSION : 599
EDGE_WEIGHT_TYPE : EUC_2D
NODE_COORD_SECTION
1 268011 395126
2 916895 346748
3 595564 669368
4 552126 479266
5 863046 271459
6 979066 262603
7 682451 720952
8 223106 390938
9 587459 724330
10 510894 501373
11 485963 538714
12 716785 685719
13 677075 672631
14 575784 810476
15 562630 516667
16 503850 427272
17 190221 338837
18 195259 430048
19 650993 659708
20 430005 670636
21 280791 362078
22 269437 285807
23 559343 693311
24 943137 375952
25 185487 320730
26 864501 357074
27 637512 687283
28 652372 708957
29 959432 319979
30 679481 701309
31 598505 509088
32 620122 756391
33 438224 586122
34 222055 376907
35 941757 256336
36 501669 630916
37 643882 728756
38 254923 419537
39 504311 666259
40 298930 370537
41 426381 647711
42 403256 659229
43 532413 621529
44 644951 736020
45 695199 712038
46 469942 628509
47 452359 512901
48 590194 546115
49 673130 745490
50 249649 456365
51 181508 359781
52 422975 640881
53 396715 699982
54 937235 236123
55 623171 718644
56 574254 569504
57 971391 290850
58 266350 358804
59 870865 248778
60 257109 389908
61 935642 315128
62 508274 645340
63 649556 795852
64 452245 661033
65 386050 663153
66 235821 419040
67 705321 691793
68 234184 418096
69 503475 668341
70 857460 326439
71 569751 505926
72 610403 489920
73 143020 361011
74 940344 256150
75 671612 727582
76 874313 262518
77 665263 665346
78 791585 270589
79 163502 332860
80 514755 503756
81 214051 424649
82 516512 507685
83 497719 575576
84 581051 461865
85 638717 710862
86 967351 368197
87 668572 524188
88 630407 498563
89 956977 268403
90 942560 252879
91 233984 449339
92 853067 314961
93 247790 354084
94 480577 667025
95 543051 496964
96 331077 281590
97 659415 704598
98 533595 637508
99 970992 279992
100 890627 362496
101 304760 386131
102 661333 705328
103 222364 346819
104 552064 567427
105 423615 618931
106 550642 435797
107 855485 318179
108 681443 697207
109 902587 329227
110 837651 391362
111 463853 716176
112 611638 489994
113 441635 672298
114 592771 542327
115 247163 425462
116 283099 332548
117 972899 220556
118 233868 331648
119 554653 411571
120 462364 450519
121 523803 516726
122 245776 321262
123 950298 301624
124 593690 538080
125 892823 342044
126 526674 501235
127 239716 361795
128 519024 498989
129 968146 279782
130 887766 387347
131 639047 526820
132 975951 282568
133 516584 525087
134 859449 355853
135 710859 683967
136 479760 510773
137 670556 729476
138 461427 616596
139 896706 268012
140 868288 300661
141 931184 249942
142 264339 467679
143 396464 616490
144 714113 806494
145 907290 302737
146 549887 512561
147 615771 719543
148 452978 620451
149 168936 360474
150 581737 440747
151 278668 304056
152 723522 754441
153 722950 723992
154 573897 443184
155 493201 699671
156 449404 670365
157 686047 671588
158 235022 342775
159 519396 528102
160 286646 369020
161 490800 443998
162 436697 629142
163 504590 541111
164 223748 367735
165 297229 437491
166 486668 678515
167 460644 638065
168 258368 317365
169 116782 344235
170 696337 706243
171 438227 586657
172 212382 359488
173 553826 532572
174 666151 721142
175 508697 507650
176 541009 557796
177 926256 326105
178 587182 704479
179 413709 625076
180 567275 388608
181 485140 523816
182 426404 642088
183 166212 373972
184 390025 613604
185 613847 777821
186 252526 394346
187 912689 331503
188 404213 581961
189 908249 336794
190 430277 711830
191 427052 702728
192 884831 394953
193 457677 651091
194 287328 393705
195 592710 496914
196 229552 348050
197 490737 623917
198 463585 660055
199 701013 701007
200 390249 673211
201 919536 225887
202 193503 398663
203 476215 623962
204 631029 733429
205 934827 274554
206 955283 245842
207 664262 720550
208 556030 432483
209 495590 450072
210 906774 249484
211 626833 676867
212 256004 392381
213 907468 278080
214 188699 314319
215 945181 211513
216 933395 278514
217 196761 314204
218 733933 689373
219 960469 324931
220 668558 661809
221 366462 697991
222 497327 733626
223 435525 547140
224 610448 667115
225 708952 713541
226 243756 385396
227 557669 479655
228 655314 654259
229 243118 400932
230 514482 676553
231 424754 706730
232 868545 263357
233 258036 332155
234 207342 347870
235 585661 501862
236 480194 628742
237 655568 678506
238 200674 317634
239 687542 706545
240 224621 458891
241 698582 736961
242 226621 362138
243 625071 683822
244 452091 706551
245 264535 455102
246 552372 520998
247 924869 307653
248 896773 251689
249 618537 513208
250 607787 710604
251 603591 481179
252 827361 305136
253 995572 249861
254 695585 707605
255 186493 339624
256 468049 646508
257 909374 293133
258 267272 338527
259 460360 629313
260 567928 459509
261 195523 359595
262 573791 458126
263 527990 448687
264 417667 678069
265 560548 646981
266 636503 688313
267 154597 353410
268 656823 698581
269 984866 313281
270 682228 629308
271 648460 665550
272 620821 674837
273 902681 279231
274 428772 621559
275 258320 336085
276 870748 273191
277 377433 754037
278 610610 725557
279 675552 710867
280 465324 727820
281 666441 752085
282 452171 452300
283 897893 300060
284 445529 725589
285 485469 649895
286 549510 494975
287 210896 415528
288 701778 674330
289 621182 465922
290 175978 373478
291 423309 569202
292 658599 654976
293 698943 765303
294 245920 355547
295 930737 260003
296 896924 309368
297 670343 594656
298 170575 344164
299 897515 320556
300 830911 326073
301 216855 332742
302 454199 592740
303 446283 676135
304 214194 366097
305 696308 645529
306 173555 408458
307 616353 436600
308 522030 554805
309 276131 361494
310 632928 625843
311 241408 402678
312 202061 379998
313 166195 358161
314 628683 724781
315 905149 312719
316 199170 376360
317 201540 372082
318 454799 574537
319 463532 669294
320 479898 679200
321 433181 658350
322 555020 525681
323 293972 363505
324 535583 513325
325 873383 302364
326 904793 330112
327 204742 381360
328 268266 418701
329 225691 322082
330 636193 601317
331 877796 241496
332 965365 320752
333 203616 337416
334 904873 317254
335 515977 676910
336 560751 468980
337 554594 522805
338 667952 686848
339 386135 676654
340 562315 490872
341 636795 537478
342 502814 550039
343 544221 672173
344 711008 726206
345 652519 710939
346 670017 704873
347 931106 245858
348 634546 632193
349 697150 675598
350 883502 320131
351 243974 371448
352 478014 529260
353 246903 371110
354 192487 347346
355 673308 704040
356 695546 743014
357 684905 621250
358 654218 746142
359 424647 670293
360 583373 522226
361 471163 416987
362 618827 663048
363 514172 481328
364 444846 646151
365 581180 538746
366 578182 508562
367 296767 401294
368 529702 506655
369 162501 349322
370 533855 445368
371 174570 419158
372 630840 777055
373 697001 711337
374 882198 278406
375 443284 622791
376 675406 791146
377 185753 360881
378 234865 399767
379 195609 393844
380 503138 448644
381 275223 423226
382 657206 387641
383 582485 518930
384 246834 425805
385 457054 636942
386 232780 401591
387 884410 247241
388 435936 710588
389 514704 619853
390 212872 302619
391 937582 287961
392 499812 656230
393 198057 331556
394 684365 690204
395 940716 299620
396 683962 699412
397 230953 386832
398 826797 332688
399 223468 351593
400 691981 761368
401 570665 431966
402 885772 343734
403 942026 209346
404 524730 538386
405 642789 686028
406 524188 500102
407 437002 693173
408 944118 306191
409 456594 684502
410 647083 677221
411 508545 486743
412 1034077 376783
413 425468 668765
414 978005 352271
415 894049 302051
416 209201 337688
417 179180 340538
418 402625 624953
419 616174 581854
420 898024 256447
421 457936 660954
422 624365 666501
423 190261 378465
424 533154 571451
425 570993 523705
426 470477 673556
427 862870 318127
428 931740 345481
429 225884 335951
430 719172 693272
431 410643 683007
432 972951 279133
433 591909 487354
434 229764 354070
435 238329 386221
436 458246 657155
437 519501 470698
438 513348 637085
439 615394 668591
440 963557 306285
441 172590 352826
442 631947 682453
443 248336 320185
444 613844 533359
445 271310 398114
446 227704 341268
447 234814 356475
448 255279 329588
449 655429 698715
450 715644 762684
451 878412 327874
452 888458 161774
453 410604 667899
454 681090 733829
455 436121 651904
456 857568 219950
457 167566 311038
458 207194 380188
459 586388 594398
460 187487 377826
461 569669 447046
462 624527 707811
463 224360 383613
464 476201 563463
465 421813 660043
466 231765 304960
467 929812 279846
468 587036 677623
469 481347 661087
470 961716 254351
471 511118 700853
472 239660 371505
473 898684 311124
474 574391 456203
475 488435 613607
476 517513 450351
477 674007 723527
478 249735 352985
479 929194 345810
480 943583 247981
481 400675 700775
482 568950 499793
483 634667 705610
484 439406 514364
485 839722 175434
486 971614 321773
487 559262 446166
488 600713 686727
489 422454 587843
490 281980 438159
491 231117 364798
492 873783 236152
493 882405 288937
494 491793 510319
495 936437 299527
496 500802 675870
497 959067 319490
498 667891 638950
499 623794 741152
500 248381 361766
501 536288 512146
502 529650 549729
503 930604 289890
504 630023 472567
505 905844 312645
506 225434 415539
507 450916 683514
508 410087 676118
509 617667 709695
510 800814 302837
511 446518 626779
512 586554 477161
513 638072 516375
514 162562 370883
515 202095 316656
516 914134 280392
517 897702 356078
518 861274 252484
519 963935 215739
520 909177 315797
521 704462 737194
522 510143 492156
523 505451 688889
524 621434 429171
525 284414 417508
526 919729 340527
527 949265 325473
528 555043 635054
529 946064 311213
530 184501 282361
531 511711 427463
532 676213 707630
533 541316 463909
534 591666 420528
535 474993 648208
536 241851 340775
537 536355 499443
538 616483 772599
539 324007 592200
540 463913 637741
541 464187 636842
542 882974 278352
543 497695 514688
544 588608 734246
545 527828 631675
546 654477 707565
547 615777 684023
548 565380 568362
549 937252 260271
550 891442 284781
551 475530 718349
552 527856 677915
553 612330 669534
554 231298 385019
555 170038 419763
556 533988 517125
557 534045 530405
558 209220 363866
559 542723 419129
560 927841 322564
561 602752 645609
562 881560 334698
563 460668 713498
564 958565 282349
565 588417 709834
566 652770 651612
567 432085 779884
568 187826 425267
569 591962 504453
570 204330 346921
571 431426 700080
572 599346 765300
573 676757 689069
574 254766 389281
575 165067 367241
576 996128 281613
577 406623 676984
578 1002902 290935
579 196997 387533
580 932663 292525
581 697816 687179
582 556100 511362
583 478764 697088
584 446835 609515
585 222584 339934
586 274000 361559
587 511327 661393
588 492460 471851
589 580415 729599
590 879322 255343
591 223118 425846
592 211038 427553
593 914297 300295
594 535794 689050
595 559151 455751
596 195490 324759
597 917439 367997
598 605619 782426
599 942353 300082
