NAME : portcgen-511-5836324
COMMENT : portcgen N=511, seed=5836324
TYPE : TSP
DIMENSION : 511
EDGE_WEIGHT_TYPE : EUC_2D
NODE_COORD_SECTION
1 420276 832717
2 948268 48526
3 972461 71269
4 485622 844348
5 819871 285930
6 239768 1013
7 312253 91174
8 177250 103811
9 482788 815661
10 364577 683079
11 334615 625143
12 931987 168238
13 945854 34078
14 215115 143751
15 696652 242203
16 301529 95699
17 473764 857990
18 294153 117597
19 379397 778551
20 381920 739241
21 340640 616939
22 852665 271288
23 730268 300298
24 781735 277940
25 964808 173450
26 900447 196163
27 908806 95793
28 847928 243452
29 361615 755209
30 417280 718123
31 932995 126318
32 955811 105334
33 982811 161405
34 953203 127409
35 352264 823214
36 309048 133161
37 944595 158637
38 927458 92607
39 321679 68869
40 418222 812392
41 337123 60243
42 348447 751928
43 891294 93210
44 360060 50011
45 358215 38722
46 910284 166159
47 834708 249724
48 969275 148656
49 963620 210676
50 344262 -17931
51 394176 714994
52 901554 154542
53 788999 284478
54 292950 101413
55 954275 104169
56 390632 731203
57 382587 735355
58 811748 217113
59 457695 856276
60 394677 683066
61 429128 829957
62 490200 738441
63 946506 46136
64 877281 192594
65 397840 848919
66 867983 248093
67 319907 36963
68 839502 231170
69 250705 94656
70 281471 73991
71 995966 203867
72 303800 -18829
73 447858 731535
74 867672 284968
75 339484 689791
76 491748 802843
77 400033 651220
78 348143 759616
79 915912 171236
80 156695 68535
81 374065 810627
82 432125 772980
83 943552 183672
84 447492 846536
85 381922 745191
86 236212 97526
87 790837 252823
88 930083 240854
89 834344 192043
90 290409 -13229
91 316719 751083
92 405830 717462
93 905031 99536
94 975417 94583
95 285590 78942
96 793174 306361
97 326008 31765
98 959133 117964
99 394095 777966
100 252838 45384
101 462820 815786
102 492227 856818
103 317055 70217
104 358851 3142
105 380510 841633
106 812271 230854
107 351605 784081
108 806067 233139
109 288715 138399
110 352416 787400
111 798855 247330
112 796341 324231
113 251569 54821
114 764949 223416
115 870641 180747
116 415900 723132
117 296470 102417
118 924259 97626
119 952509 117616
120 498299 869796
121 384663 747709
122 338534 699851
123 471510 895813
124 290233 59619
125 860862 298525
126 796269 172760
127 871938 235529
128 390852 796006
129 895161 203859
130 192481 -14291
131 443437 851069
132 447301 789471
133 436633 818094
134 819620 281756
135 298510 76394
136 813411 275508
137 378517 816840
138 427898 796019
139 294786 75080
140 805628 261621
141 884750 207150
142 287774 176857
143 730847 216373
144 303705 107773
145 958802 105350
146 425419 817129
147 396251 655909
148 326512 689747
149 308406 26239
150 807537 243997
151 866820 217526
152 250416 103383
153 275467 81920
154 958667 136438
155 380748 702988
156 975012 145681
157 432758 851976
158 924609 41822
159 422079 784486
160 341409 -46885
161 277874 32611
162 158958 9677
163 948572 74078
164 378141 -8261
165 331652 -43762
166 268182 42207
167 415090 744060
168 317363 66569
169 437900 796398
170 324480 672300
171 294059 -16736
172 782160 245956
173 816879 170391
174 478395 620186
175 269752 75866
176 478392 887722
177 421420 838142
178 376956 738973
179 765574 189010
180 447781 787731
181 385855 867317
182 502577 806082
183 345125 130850
184 310739 12046
185 299062 60005
186 430911 761102
187 296484 54041
188 371900 760154
189 316244 83517
190 381290 830417
191 950212 95083
192 900224 177201
193 417289 719006
194 390410 695767
195 928232 116167
196 423320 19637
197 768049 248942
198 393920 764918
199 185192 42885
200 411464 879036
201 337503 71157
202 798795 219302
203 266664 34118
204 359249 753401
205 913676 133067
206 962120 148840
207 445700 781498
208 229305 18360
209 425406 763542
210 848134 295975
211 402662 710472
212 795251 300625
213 430429 820023
214 353629 741212
215 249429 82469
216 304280 74022
217 405633 735685
218 809153 227147
219 876675 244762
220 878714 332624
221 969635 123826
222 266541 53299
223 921404 147356
224 944440 96011
225 1030417 102504
226 942842 148493
227 909860 102500
228 811319 202279
229 922777 56118
230 321523 -4624
231 433849 831284
232 795550 201369
233 356249 734418
234 891474 81566
235 787343 234668
236 885855 143155
237 856320 243121
238 302237 83617
239 313530 105812
240 406242 728773
241 392228 845727
242 375334 799633
243 390462 633363
244 820340 259175
245 793087 249305
246 876576 240671
247 336006 756109
248 306697 32531
249 342074 28937
250 869676 206306
251 293011 687770
252 467892 771685
253 226409 30204
254 846921 236648
255 302280 -16048
256 481490 746513
257 285744 -4111
258 435119 825165
259 300588 -10641
260 426300 764712
261 997681 103996
262 814047 235939
263 911091 126930
264 419009 728877
265 797823 187816
266 834125 183031
267 880679 189592
268 373941 730209
269 423716 798262
270 873907 219934
271 264420 8029
272 986536 123753
273 994091 145816
274 307605 713392
275 252429 49607
276 809998 257066
277 776168 209505
278 845896 187498
279 988882 143368
280 366379 60882
281 850995 236938
282 957528 124437
283 371221 812452
284 460313 689383
285 865377 329847
286 516079 808078
287 356362 797095
288 425165 840665
289 385901 725153
290 941063 74226
291 279376 7007
292 887435 120315
293 397533 628591
294 922510 119143
295 285933 58538
296 823135 266446
297 338564 710404
298 409706 811893
299 482743 760749
300 287071 47219
301 927942 116566
302 957169 81112
303 906831 187323
304 362469 -1305
305 318029 97852
306 279924 101011
307 306176 740396
308 919342 44984
309 908890 146606
310 771828 221383
311 980625 186881
312 874143 252765
313 410574 679559
314 413865 657339
315 735057 284087
316 367072 730307
317 295851 71276
318 887234 291591
319 399515 738372
320 816568 258862
321 960812 111346
322 336931 86553
323 906281 55813
324 399694 653430
325 459847 799846
326 403555 752732
327 779646 255641
328 794779 267826
329 354927 855023
330 283777 108705
331 358055 709867
332 383956 817367
333 914036 105438
334 392613 769379
335 865696 247091
336 803999 250842
337 313721 -70600
338 933345 123619
339 442909 858566
340 289729 670490
341 358452 774612
342 337910 701244
343 996207 72227
344 369698 730456
345 737968 288779
346 885555 175674
347 851471 223837
348 335787 706505
349 391372 813042
350 887449 141489
351 918229 136736
352 924223 160554
353 858448 234946
354 259269 97735
355 852462 175924
356 368339 707982
357 415160 681984
358 908402 254451
359 250330 92350
360 354464 894407
361 418539 672085
362 829394 258776
363 443485 633011
364 797047 250953
365 234887 80120
366 451165 758706
367 870589 316711
368 841751 281716
369 919568 172544
370 451532 877202
371 359580 647717
372 741445 233354
373 231510 39856
374 399381 697689
375 449198 792750
376 282824 -2983
377 897454 161193
378 439482 692845
379 890832 102089
380 960941 122014
381 330174 5706
382 339243 -15362
383 464953 704237
384 933105 146702
385 394859 798838
386 333227 57597
387 832613 262439
388 268788 65335
389 981023 123837
390 369771 645292
391 402289 731648
392 231330 6249
393 1022681 142740
394 335797 821321
395 339577 22986
396 831982 209036
397 840402 152170
398 930879 149748
399 389765 833179
400 379743 793348
401 231030 75657
402 348489 95470
403 267701 34238
404 473145 727520
405 1029275 111618
406 957166 69287
407 311256 136647
408 442800 687606
409 433260 752383
410 350960 69507
411 447482 811186
412 493701 730650
413 247890 63716
414 314950 48399
415 372570 653911
416 533601 690464
417 925535 84900
418 410573 801463
419 342036 653179
420 948617 87876
421 793085 251041
422 397931 779668
423 410710 766437
424 375088 852370
425 878215 156228
426 352946 841350
427 930459 177713
428 354363 43826
429 929396 42532
430 351723 58935
431 429100 721073
432 429807 738689
433 853178 189887
434 947288 58035
435 1003148 119473
436 814143 210079
437 445932 689552
438 276832 83224
439 846543 272608
440 385937 662218
441 413408 844442
442 305877 823145
443 328673 19545
444 788987 240236
445 910535 122076
446 828471 317863
447 238255 47415
448 325332 22072
449 430364 646191
450 375419 838674
451 432696 822641
452 311022 794299
453 832472 268030
454 337031 808022
455 289536 -20562
456 885013 167833
457 360258 783090
458 946784 109275
459 226822 31122
460 365600 47653
461 959299 77794
462 287023 16469
463 342409 41836
464 342758 67294
465 401595 735268
466 222075 18793
467 388737 782362
468 361716 724120
469 297121 30131
470 809684 239819
471 845360 184120
472 433416 786365
473 439702 844815
474 926009 124807
475 310543 40274
476 979590 179565
477 247497 -11290
478 809439 228599
479 300841 50740
480 458234 747327
481 194743 40473
482 386260 819530
483 474387 702342
484 945502 118250
485 444837 852927
486 779925 222075
487 407152 593487
488 828322 308205
489 475319 794359
490 417038 704028
491 867759 102319
492 450578 699313
493 316436 740270
494 417394 686364
495 350631 769341
496 862027 124742
497 253280 21763
498 1029400 17027
499 420174 742299
500 930493 133056
501 356886 689406
502 392568 742713
503 365624 619360
504 392371 -4788
505 755912 153922
506 304786 -28273
507 940036 106338
508 513528 804041
509 306683 61565
510 326490 774917
511 906345 79014
