NAME : portcgen-424-7598456
COMMENT : portcgen N=424, seed=7598456
TYPE : TSP
DIMENSION : 424
EDGE_WEIGHT_TYPE : EUC_2D
NODE_COORD_SECTION
1 558635 147945
2 473925 72366
3 627829 120037
4 361913 742224
5 551704 113303
6 421421 685557
7 571662 14583
8 350607 734329
9 448637 199674
10 425111 105887
11 418300 785165
12 272005 475787
13 353331 760146
14 270389 516618
15 211446 557105
16 318579 751057
17 585661 77366
18 203320 548532
19 256812 534313
20 194156 571658
21 345303 834211
22 399735 144455
23 362516 731056
24 393409 732092
25 203999 554868
26 314284 576774
27 393881 254531
28 254633 566890
29 273421 584199
30 390050 130944
31 349784 714323
32 538103 145062
33 352270 744619
34 638120 52932
35 338901 154050
36 552009 47263
37 234552 503456
38 238594 577127
39 238877 799796
40 441072 136827
41 616844 29767
42 369834 228485
43 616272 55000
44 338839 818836
45 388332 62463
46 484648 103094
47 448852 733990
48 239116 524475
49 387656 139406
50 485127 50505
51 249460 603630
52 300146 795024
53 330954 287640
54 604802 158228
55 344474 690224
56 330723 754268
57 277037 763512
58 402807 155831
59 294638 556481
60 234271 538827
61 405189 162721
62 598660 68238
63 616558 42527
64 407393 799643
65 400214 159948
66 604009 43792
67 339554 822232
68 628185 56830
69 395976 808823
70 283221 633811
71 358334 242174
72 214274 595056
73 586930 113405
74 179311 521543
75 285287 166057
76 521198 136233
77 435443 181410
78 331511 742700
79 552707 89167
80 446115 741762
81 534020 114263
82 336198 183205
83 517239 204406
84 526919 80445
85 581639 99974
86 539365 54992
87 324804 144104
88 372807 818689
89 421600 86544
90 279873 804471
91 335295 760182
92 396725 178377
93 279824 711243
94 343726 737158
95 396732 73382
96 398504 166194
97 613600 4385
98 363403 505125
99 277814 757952
100 348153 182983
101 309213 788703
102 290165 757113
103 362979 784987
104 483083 101295
105 310269 539857
106 333236 762300
107 156584 448097
108 206805 596114
109 238007 524457
110 487701 196511
111 233372 414795
112 641764 107002
113 302651 541507
114 220606 524542
115 436691 146385
116 540849 42873
117 256237 591776
118 668969 110345
119 574958 44847
120 420504 879484
121 555956 -6996
122 340211 866568
123 294136 570791
124 358626 701114
125 482844 138316
126 532533 106300
127 647255 129783
128 353733 802513
129 311177 200117
130 192236 491937
131 370679 749808
132 613417 58339
133 593316 89157
134 331510 844300
135 196641 632270
136 213770 526920
137 437262 793820
138 307379 141592
139 311741 578749
140 279022 815102
141 212203 591167
142 629574 77297
143 426751 212120
144 580147 111226
145 247605 818305
146 597709 96950
147 269170 498518
148 308200 751380
149 392366 833649
150 213753 610678
151 339961 793982
152 406132 138841
153 285244 786223
154 288861 431706
155 253298 562708
156 481229 52205
157 421561 786542
158 460984 168858
159 324551 766917
160 386717 712095
161 212851 451664
162 632280 132384
163 216281 586493
164 257730 503292
165 335959 148484
166 603787 38288
167 619295 115607
168 449500 207554
169 634081 48600
170 399787 138899
171 594862 18136
172 676838 -34153
173 728173 92877
174 358206 162047
175 328222 140594
176 276804 633795
177 608444 139073
178 578278 29856
179 369474 170944
180 452919 111648
181 379789 170041
182 405483 791318
183 335673 846029
184 331329 756374
185 409758 184912
186 474859 65039
187 511989 102552
188 261835 517958
189 409673 805250
190 269417 126422
191 454365 246056
192 428913 152494
193 366989 148274
194 562693 18426
195 641565 39416
196 405433 117591
197 586258 14823
198 220045 578125
199 332084 522726
200 336599 762496
201 460875 167731
202 354249 625350
203 286239 161393
204 426573 728220
205 339851 498566
206 521861 76329
207 385086 764584
208 215887 516467
209 264786 516326
210 337677 130191
211 231033 601111
212 241474 544205
213 226583 576288
214 396089 93152
215 330503 206083
216 359224 750334
217 567053 61799
218 547482 229199
219 405316 59819
220 427830 773057
221 297840 758806
222 656997 160407
223 331309 774968
224 291371 738814
225 244628 605023
226 347116 202065
227 582338 59256
228 381564 124745
229 365563 846579
230 552521 21263
231 314195 113863
232 307002 141727
233 292324 777806
234 396622 733548
235 404629 776383
236 242360 560790
237 372312 765067
238 387837 126978
239 390857 143431
240 168955 513127
241 439551 122823
242 410186 797289
243 626222 10465
244 209671 577407
245 263943 676177
246 646362 91653
247 562110 89312
248 624710 97779
249 351397 748712
250 492569 171486
251 249746 535301
252 604238 26526
253 504544 -15768
254 434129 265548
255 213420 513024
256 362129 181955
257 609582 52030
258 361713 215046
259 355737 754956
260 611928 137396
261 277165 432976
262 337060 738192
263 399536 743589
264 542058 248322
265 327859 804368
266 613177 117407
267 303503 841758
268 270851 531976
269 157969 477218
270 349261 773813
271 348586 229563
272 306667 567562
273 575794 43496
274 336061 703541
275 272653 568140
276 257006 749918
277 236273 530137
278 361850 138780
279 347323 758439
280 563791 55922
281 525321 152352
282 377639 722556
283 433522 124772
284 442660 186332
285 325071 78628
286 310997 850741
287 250526 800453
288 400599 157505
289 535656 22503
290 673609 79722
291 187519 522249
292 430359 200571
293 454618 141873
294 464470 -37916
295 289213 491114
296 232895 559242
297 323227 746599
298 179065 545418
299 426621 177295
300 255927 825933
301 339409 97426
302 237070 496379
303 282269 811652
304 444719 213738
305 379573 107490
306 324442 770782
307 341226 263122
308 362949 738244
309 382090 181541
310 326916 202756
311 502161 67773
312 372162 814679
313 336310 882498
314 234703 637353
315 262527 616619
316 275734 743232
317 278300 539568
318 374047 86845
319 530748 84528
320 252584 619278
321 266790 878991
322 355383 837345
323 546053 100928
324 302054 581176
325 354453 751107
326 337111 761990
327 522386 70341
328 437863 111899
329 548986 36936
330 396033 203761
331 331949 770915
332 408334 111667
333 329610 753142
334 430402 121285
335 493319 112265
336 580548 178679
337 455230 789535
338 353328 715066
339 586051 75994
340 404268 90179
341 391725 207044
342 401041 862395
343 617458 53413
344 409644 192538
345 335236 516067
346 548695 91368
347 200350 497184
348 529341 100632
349 245283 490216
350 423067 145765
351 419650 815809
352 298099 76674
353 626423 19534
354 312187 111443
355 300961 182767
356 544915 66454
357 275192 561692
358 319459 505718
359 363082 850813
360 261827 570828
361 357489 138242
362 364014 745489
363 233223 539668
364 489476 64445
365 410978 127772
366 426625 127489
367 484531 168460
368 418270 227483
369 453556 124184
370 425336 693818
371 266328 545702
372 428615 54229
373 312249 555493
374 644526 -12877
375 259141 706805
376 391276 123318
377 307551 572887
378 462220 94820
379 500460 165544
380 339668 164822
381 422746 852635
382 222575 515385
383 353726 538214
384 207151 547831
385 344660 165093
386 313203 551815
387 233096 513142
388 537761 72982
389 339310 803792
390 543051 104446
391 267641 584463
392 384101 790616
393 550307 55571
394 287184 783210
395 275949 729742
396 215181 511929
397 584263 62950
398 512649 74860
399 382992 835444
400 437455 114745
401 264788 506575
402 610240 99795
403 309777 757099
404 348923 719552
405 584042 -868
406 418106 867364
407 293760 736829
408 340559 716281
409 425273 198351
410 338581 772049
411 278187 608886
412 213250 612585
413 178833 471968
414 434689 175327
415 279266 721443
416 315696 562282
417 181553 494278
418 365861 744946
419 452739 186815
420 423923 852745
421 210793 512338
422 451473 159006
423 364955 773697
424 540053 161036
