NAME : portcgen-566-3955718
COMMENT : portcgen N=566, seed=3955718
TYPE : TSP
DIMENSION : 566
EDGE_WEIGHT_TYPE : EUC_2D
NODE_COORD_SECTION
1 607997 159387
2 627427 223343
3 234714 720381
4 249968 790775
5 917051 598112
6 363988 766051
7 1009392 545042
8 751995 384217
9 674625 171736
10 -9444 927890
11 612569 191929
12 721463 437538
13 1013591 481924
14 1067384 651384
15 298810 734451
16 689365 330251
17 616623 186055
18 46653 857967
19 737454 326745
20 1021281 573038
21 708743 339334
22 654753 238026
23 1059276 550256
24 83289 971038
25 768865 318752
26 597575 172488
27 29135 927317
28 1004284 506437
29 242475 756646
30 1056446 537686
31 -85847 965801
32 244044 726608
33 42096 927281
34 974864 661943
35 49521 946646
36 45493 979076
37 1108422 549048
38 325927 729128
39 301068 800012
40 344209 793989
41 1011847 537869
42 808006 356918
43 298649 697314
44 945275 544230
45 981101 608779
46 641102 251925
47 348458 772624
48 793571 296751
49 776259 320378
50 751366 398129
51 328142 719543
52 936655 633309
53 -50004 959039
54 117443 1020746
55 687625 139980
56 60289 999628
57 954169 554389
58 742151 351743
59 536874 172660
60 26344 818386
61 657220 208686
62 625470 239547
63 35202 873772
64 19526 992287
65 859955 407733
66 750084 271232
67 664072 233021
68 802465 369433
69 689279 164810
70 20786 961342
71 620534 197135
72 785112 311856
73 337615 781665
74 601936 201001
75 783970 353246
76 979041 613081
77 960817 607757
78 1343 919176
79 6536 913120
80 799632 340058
81 374442 796902
82 50362 916438
83 1014754 555645
84 728457 373240
85 1026093 619431
86 628317 249514
87 759036 344647
88 637652 185766
89 793654 282410
90 915421 614322
91 43301 949496
92 804118 435503
93 2551 929789
94 -11901 917875
95 668576 343890
96 7240 907033
97 302053 783206
98 740287 380435
99 626219 246813
100 777931 407915
101 -24105 961681
102 390605 715433
103 22204 905028
104 45174 950206
105 259443 742916
106 919852 487133
107 310049 783245
108 636256 182137
109 12915 932408
110 728174 395531
111 317952 785934
112 978902 581023
113 689066 214804
114 24794 933307
115 789376 368909
116 942550 581133
117 642247 135969
118 674577 271017
119 -2400 1008462
120 603792 204686
121 1046922 549915
122 955946 512976
123 733053 347846
124 679126 252758
125 694681 193280
126 591038 207394
127 769497 345724
128 277541 667411
129 811942 333357
130 965041 562003
131 984383 567316
132 962759 560609
133 802060 331299
134 657164 271559
135 246057 755799
136 838431 355816
137 975796 573413
138 678553 175997
139 650329 248707
140 754907 416864
141 741240 339259
142 596148 165166
143 37804 913515
144 703809 316375
145 965344 565644
146 942860 596973
147 274576 772191
148 111140 917839
149 357325 840528
150 689857 238192
151 747300 467856
152 65170 1060093
153 972523 501732
154 344547 733889
155 763822 213708
156 -14315 909544
157 37309 874789
158 272079 778794
159 763066 261769
160 666210 163729
161 49730 982764
162 801126 373882
163 1032772 526397
164 277097 769891
165 604353 220569
166 284411 802235
167 -36963 903480
168 1054891 556038
169 35370 947857
170 279263 721655
171 1021539 537132
172 990355 544084
173 1013111 603063
174 1006228 488776
175 620325 183401
176 20070 929916
177 299238 794740
178 1032868 562387
179 703747 239137
180 264541 797106
181 673818 158942
182 914797 600150
183 -46512 934786
184 962995 606036
185 770410 399755
186 3338 934720
187 1015394 609408
188 -33715 869006
189 887064 520513
190 619742 192735
191 1018492 601586
192 278837 724116
193 554298 196072
194 814172 363454
195 771458 296964
196 613845 227411
197 -57719 927565
198 1024112 637746
199 611207 176010
200 693654 220789
201 326796 768263
202 769361 159292
203 959947 573774
204 77106 865747
205 766789 415195
206 -37124 970933
207 389016 725699
208 799537 295514
209 33742 1015743
210 969509 595946
211 720414 347884
212 980542 574885
213 -81372 901075
214 -54098 960493
215 103871 948074
216 314099 704240
217 980237 629272
218 1026487 571164
219 1056900 623007
220 642358 182462
221 58368 957032
222 1016848 581367
223 307074 736485
224 1007430 502035
225 747110 365005
226 747721 290173
227 717752 356323
228 970041 535423
229 733637 326936
230 784743 329239
231 7487 933502
232 759799 359177
233 654248 212205
234 1007966 621827
235 -62752 872170
236 338666 749880
237 611952 209522
238 284195 685903
239 598833 151055
240 785663 395586
241 601157 184487
242 689019 377692
243 782366 357307
244 960529 641221
245 23206 990561
246 325328 720113
247 272236 718477
248 796193 346332
249 665832 231341
250 1067544 486670
251 754958 268634
252 289366 760618
253 982307 653614
254 -8058 957026
255 295922 755322
256 639864 263830
257 1005209 590503
258 301434 729957
259 297702 751533
260 981671 480242
261 1006472 593570
262 1062056 529785
263 1494 946800
264 294633 731095
265 5487 954737
266 761001 311244
267 58844 841897
268 981707 504812
269 738983 407411
270 -79329 899319
271 608185 193719
272 -17937 935393
273 991709 631368
274 324396 706651
275 308595 774119
276 655657 140182
277 296577 776972
278 320925 740362
279 379669 755224
280 942783 547500
281 635921 201260
282 306755 768058
283 964991 630062
284 1062997 645604
285 999792 549362
286 834858 320568
287 626286 264331
288 618482 228273
289 922852 559284
290 471636 179083
291 668040 205442
292 694966 359271
293 673486 212723
294 671884 136351
295 974518 519600
296 1004847 541730
297 918025 599325
298 631496 252330
299 601922 176118
300 59316 880485
301 988944 552414
302 588913 162325
303 767334 336255
304 -4622 900512
305 652967 271652
306 1015427 572357
307 248605 773715
308 60093 922765
309 287564 733177
310 1042340 510706
311 29040 907637
312 282527 713084
313 272387 725351
314 598403 223394
315 1006877 547308
316 1033431 495870
317 991508 542579
318 736279 319264
319 718030 185757
320 791316 350717
321 303985 732123
322 -24324 957285
323 794606 349103
324 1006203 553995
325 235499 858888
326 302343 725972
327 23325 919146
328 -12081 907191
329 998013 636823
330 -27279 917371
331 301961 684075
332 655213 209406
333 297583 739495
334 59907 965231
335 316930 748643
336 624445 208447
337 27689 944073
338 254565 735121
339 288672 767018
340 972545 519581
341 35674 941770
342 1067995 673904
343 972382 541943
344 285738 711354
345 278452 830134
346 411059 699016
347 -8795 883361
348 625009 127228
349 989809 578354
350 1043807 573057
351 601547 343616
352 1006579 612246
353 -5965 916100
354 234016 788396
355 33482 936460
356 21783 985093
357 34070 1000972
358 245768 812714
359 304164 775677
360 40024 948934
361 683007 235462
362 692558 102659
363 703265 340086
364 788955 399297
365 222254 759033
366 100097 878391
367 298252 689961
368 563397 258790
369 629599 186302
370 -2965 937796
371 1062590 628205
372 987481 606990
373 679347 197967
374 736327 334384
375 361069 673476
376 686391 102834
377 313087 751325
378 53717 963458
379 645934 190157
380 37028 925910
381 829643 365169
382 16355 918876
383 756597 323005
384 986587 563053
385 587082 127446
386 718183 343963
387 632770 176900
388 -66229 898691
389 624554 194258
390 298099 736029
391 294236 751377
392 7677 950165
393 648261 278958
394 747522 396646
395 764197 447121
396 917549 568337
397 681994 199798
398 768736 324766
399 327591 751150
400 980221 648139
401 782708 427771
402 948789 648908
403 690117 279078
404 788934 337887
405 934046 616100
406 48294 952450
407 579009 140907
408 81611 861093
409 986009 555016
410 368247 775533
411 711782 364313
412 -17023 936780
413 58920 921580
414 619005 227461
415 751292 310646
416 563488 165232
417 312486 786147
418 95948 907625
419 686827 234897
420 800166 277779
421 569195 156794
422 911488 545113
423 749324 316858
424 717788 298436
425 593906 196009
426 609245 237438
427 26987 972519
428 698671 362772
429 751908 341227
430 961317 584589
431 717213 407861
432 1010188 573012
433 510013 185931
434 786815 365354
435 962487 526511
436 972425 607962
437 8762 974185
438 676771 248187
439 34990 988039
440 974301 581024
441 1031361 614557
442 342149 721938
443 283337 840198
444 767674 349506
445 634126 160926
446 615146 408473
447 988995 572113
448 730424 315344
449 -2927 917554
450 757215 347547
451 46212 925809
452 369328 790854
453 18463 927190
454 758076 338758
455 567761 201834
456 213533 777861
457 328943 746647
458 381164 736418
459 306801 762452
460 1007114 594717
461 22090 868252
462 98114 932793
463 284919 738571
464 821173 325814
465 1043371 583570
466 959693 565010
467 708345 356866
468 932508 575045
469 598450 183175
470 -22341 940706
471 231639 759280
472 -64073 922122
473 27330 988609
474 -85165 931702
475 347644 846728
476 798371 360023
477 278012 797091
478 32229 895286
479 763402 360558
480 330659 769773
481 708006 366197
482 299829 725687
483 778316 409656
484 990108 592556
485 791865 362397
486 641822 131157
487 1066585 620832
488 970118 551205
489 918914 593954
490 955191 599680
491 302643 755744
492 352984 799702
493 760625 316575
494 1038596 624885
495 1031615 542549
496 -48022 943625
497 685685 305180
498 776798 289163
499 252687 784738
500 14259 893009
501 655156 256864
502 1086118 586245
503 778405 344206
504 14424 932902
505 782875 352000
506 666324 151652
507 746043 361272
508 814213 411252
509 995286 564974
510 1021932 548148
511 766173 386896
512 240502 791238
513 520896 148776
514 745310 330542
515 842486 298792
516 795026 286256
517 911668 575468
518 -32355 1016293
519 959327 575384
520 677431 291876
521 628843 237150
522 621809 226511
523 -2279 963421
524 993887 514285
525 -22167 925834
526 54523 842416
527 657408 197486
528 919588 557287
529 -4026 911954
530 229013 814683
531 -56165 901113
532 1030580 556835
533 1059489 572567
534 761638 322305
535 60126 998540
536 799727 281135
537 1017920 592746
538 334118 731331
539 619299 191350
540 578237 197759
541 37839 851928
542 833630 322230
543 591584 222119
544 335975 746326
545 75135 887722
546 782158 295255
547 209327 774655
548 2395 1021915
549 982400 567586
550 -9024 935057
551 319579 742685
552 593242 250431
553 50276 858808
554 579526 252924
555 690404 394944
556 725512 380620
557 1018242 603767
558 592521 212517
559 222 957397
560 960947 508398
561 621479 259813
562 287365 767073
563 790767 385255
564 797391 367601
565 688588 230920
566 997581 610037
