NAME : portcgen-509-9502254
COMMENT : portcgen N=509, seed=9502254
TYPE : TSP
DIMENSION : 509
EDGE_WEIGHT_TYPE : EUC_2D
NODE_COORD_SECTION
1 42265 773972
2 -17760 521141
3 156718 739653
4 -8492 646912
5 105323 733177
6 -15365 624288
7 91288 698414
8 580920 950637
9 584332 887942
10 -2323 516394
11 104836 668376
12 -40784 755786
13 62144 814568
14 547912 999589
15 579015 901216
16 146363 690792
17 130571 651593
18 134564 593457
19 -20580 730697
20 48469 770626
21 107169 648224
22 89267 692417
23 -18900 661597
24 149629 558303
25 55089 573274
26 131748 681690
27 576994 979916
28 -28911 614268
29 102069 558003
30 63981 637692
31 120759 557153
32 -9947 766185
33 564087 997462
34 -37186 538497
35 -8561 521676
36 -29551 530740
37 114886 666765
38 65530 580833
39 56072 777551
40 59772 696472
41 121799 572606
42 91840 627786
43 -5682 613642
44 556249 968986
45 547024 955127
46 109490 524752
47 556885 855450
48 507928 811801
49 23681 634568
50 32443 786213
51 57264 524414
52 28693 695489
53 575441 940588
54 92055 601283
55 -12950 556383
56 595375 863742
57 -14522 728770
58 99947 702184
59 -5392 726543
60 638883 856853
61 32888 754528
62 70903 718250
63 574921 951138
64 93901 695365
65 20723 731828
66 608917 938913
67 -30567 743451
68 564741 939251
69 47535 607725
70 -8832 514615
71 517844 921378
72 109399 789761
73 40397 737493
74 620572 842234
75 64236 774562
76 17595 814928
77 89800 686635
78 627755 945061
79 63372 612945
80 35054 571695
81 84266 749074
82 55185 785729
83 52341 537426
84 619249 907495
85 47738 540208
86 -47494 563746
87 51656 774881
88 37627 622156
89 627354 908925
90 559884 889364
91 93084 529270
92 32505 537813
93 201907 694252
94 120647 656709
95 151161 771632
96 102132 753122
97 -40785 597221
98 65429 596074
99 29561 720818
100 33341 525669
101 33359 609568
102 67265 613487
103 546237 929241
104 -6582 665523
105 578085 934313
106 107940 744347
107 36696 705278
108 5034 782043
109 152700 727688
110 157109 722135
111 21335 601871
112 38091 505312
113 15511 616811
114 24400 617025
115 521027 935441
116 110264 674552
117 -19119 736110
118 156408 756846
119 635112 941890
120 49125 610571
121 176639 730940
122 528787 953320
123 57238 548809
124 18142 749038
125 38524 631817
126 606446 977560
127 93720 713681
128 5916 570124
129 122608 723574
130 585909 930612
131 575211 981580
132 95887 735909
133 136437 735536
134 -2659 539321
135 97138 631247
136 -27 571958
137 104856 761817
138 562300 942891
139 -9475 519390
140 199833 694206
141 -13668 539901
142 6700 523728
143 -27852 722086
144 83100 621581
145 118094 741783
146 127472 735229
147 157882 684818
148 563211 914271
149 58459 619142
150 -8388 584400
151 152048 669092
152 70314 726069
153 36789 694773
154 171336 642313
155 106828 628915
156 142774 744342
157 -54261 644247
158 538794 974473
159 -69874 552975
160 5002 549168
161 -7533 505640
162 -10838 664924
163 176266 744407
164 13372 795956
165 540641 858643
166 577917 1001487
167 122133 776544
168 -885 634354
169 59709 630143
170 205762 775783
171 27608 530802
172 211684 844700
173 26165 607273
174 56776 762165
175 9199 632759
176 92873 497786
177 77913 691514
178 -22233 467749
179 29320 559486
180 115626 561720
181 147889 729928
182 55066 521847
183 7905 667020
184 582660 955801
185 550120 951616
186 20313 599097
187 2069 760571
188 511896 991267
189 165378 724762
190 19471 534620
191 -89 662612
192 26345 665589
193 596079 908578
194 20445 784355
195 42534 564340
196 129985 772363
197 35432 742614
198 76402 634360
199 15669 486376
200 531963 904277
201 54942 756717
202 29890 679979
203 504731 902579
204 120188 756196
205 180593 757787
206 27782 759499
207 -857 719007
208 9556 711225
209 8698 730617
210 -44163 644734
211 590626 949289
212 47308 674893
213 6546 597568
214 570536 973228
215 124519 666593
216 103611 604050
217 126775 708661
218 630937 963935
219 1513 582478
220 -8214 616060
221 29016 812882
222 105681 784147
223 74532 506821
224 -4413 573988
225 80499 663969
226 -5916 630716
227 3289 659324
228 49134 759338
229 514888 984965
230 113209 570817
231 559534 897565
232 601916 934937
233 566896 907832
234 2366 682281
235 627386 927803
236 109963 765637
237 -38877 564108
238 -26283 573214
239 138085 815020
240 162075 740201
241 546513 888567
242 -34764 707619
243 30359 528569
244 53812 609260
245 566716 879845
246 109004 642061
247 96920 703788
248 -35595 566925
249 206010 674183
250 74230 776373
251 561820 972801
252 -12528 563156
253 19726 606498
254 -14188 764258
255 628600 973472
256 666591 827837
257 77170 563667
258 543911 979380
259 191746 686928
260 580183 926616
261 610068 944031
262 83742 615258
263 65643 684592
264 -29209 746136
265 556358 944542
266 558444 956154
267 47627 571333
268 112558 615742
269 8660 711613
270 168550 722800
271 554456 868770
272 101105 700961
273 532490 820254
274 -42313 731580
275 482871 1006143
276 154205 705864
277 629089 996602
278 565712 834767
279 205390 726738
280 170130 724475
281 1737 524072
282 -9305 608895
283 -36217 506646
284 28204 550524
285 76232 760891
286 154558 675094
287 16724 718661
288 593253 1021997
289 10469 577677
290 13016 827393
291 -38494 691511
292 127148 572376
293 -27127 756720
294 48262 556635
295 537799 899355
296 43031 617342
297 96698 820689
298 169704 709656
299 110319 714840
300 60747 644866
301 83793 570155
302 492570 905267
303 135490 660950
304 54491 655133
305 80817 624763
306 104403 783997
307 13988 552446
308 76128 619709
309 4452 710754
310 45966 692651
311 82472 798130
312 -12678 625047
313 116956 561771
314 -35705 545162
315 595394 901476
316 73609 700727
317 74854 519997
318 40780 745640
319 579071 928968
320 15574 591655
321 -9203 535377
322 34923 503265
323 67960 644893
324 -16057 634457
325 -48201 755175
326 24690 777229
327 140701 728065
328 134094 695944
329 47827 707959
330 43055 759055
331 123420 702670
332 554568 935007
333 21349 576772
334 157289 701746
335 74238 547807
336 9476 512542
337 129003 674686
338 514784 968327
339 646218 945730
340 34860 715059
341 510068 896315
342 507943 917745
343 29798 753911
344 60881 652904
345 22955 748806
346 67517 681312
347 -2047 543544
348 64920 749345
349 55597 737168
350 210986 625408
351 957 580326
352 549851 973143
353 33700 670594
354 113452 727626
355 533531 906454
356 3922 672314
357 667209 952402
358 30636 733914
359 575940 908282
360 545864 923090
361 -16307 611262
362 111873 773470
363 574745 843534
364 37222 772690
365 75805 713726
366 539002 947828
367 100313 623968
368 545226 928901
369 537177 890927
370 50420 559336
371 565063 927513
372 583637 916233
373 7196 738990
374 598981 885030
375 24777 724674
376 26008 658587
377 112873 753698
378 101121 705767
379 574869 924285
380 33004 611850
381 5443 681682
382 -72105 610297
383 64777 607407
384 513290 874112
385 50060 675930
386 -12717 678366
387 512408 937675
388 9826 637313
389 557853 868186
390 22855 759842
391 642116 1037598
392 90341 784971
393 577039 935001
394 187443 696181
395 37890 747988
396 213677 758912
397 100211 716123
398 -53345 555935
399 116425 632146
400 100477 539699
401 -34228 539469
402 16548 498126
403 6310 736747
404 632636 896727
405 163273 760657
406 64298 755163
407 561384 908407
408 557467 903283
409 114420 571263
410 594602 899783
411 522297 983440
412 30118 700816
413 9302 733241
414 87010 734893
415 16811 832716
416 109358 590785
417 556001 862090
418 24053 716840
419 45894 586155
420 602043 918740
421 578606 898425
422 31275 687908
423 10643 568701
424 31518 655760
425 2919 602766
426 24359 592844
427 126666 737268
428 515519 881182
429 134101 637848
430 -5676 704742
431 498846 919464
432 585578 950840
433 127024 607465
434 113411 695021
435 -31088 621998
436 -23713 505379
437 -5610 743307
438 75816 677540
439 146533 747066
440 517853 950428
441 38113 628327
442 150931 750749
443 60590 690079
444 119778 600157
445 -1631 583338
446 76244 720399
447 152033 695741
448 507875 923674
449 72169 805046
450 521247 955625
451 64685 667575
452 554798 968371
453 264500 711823
454 579764 894228
455 202231 653802
456 583866 932706
457 -67270 609112
458 -41270 487265
459 8837 590565
460 20070 586778
461 54762 666088
462 472258 993508
463 -16344 640937
464 61359 786357
465 602334 936242
466 564049 859763
467 89921 574930
468 21321 820450
469 119469 726499
470 70446 607939
471 -20372 598177
472 65678 692338
473 54437 783023
474 19871 637998
475 127481 692039
476 26221 723801
477 192253 712869
478 99418 753631
479 -1892 483833
480 -9205 586928
481 170279 775875
482 129261 779264
483 49658 644746
484 142418 721357
485 161534 743199
486 33090 687753
487 501809 886424
488 16641 710178
489 53751 585485
490 32342 595614
491 488039 906630
492 22763 551300
493 541538 900869
494 124260 601032
495 519275 925365
496 36625 673451
497 93004 727000
498 174184 800165
499 147978 773145
500 16228 654317
501 517217 1006583
502 65662 573774
503 -8281 601887
504 62852 542619
505 41138 596758
506 -3799 750616
507 43807 588457
508 584258 965711
509 540120 975688
