NAME : portcgen-468-9346559
COMMENT : portcgen N=468, seed=9346559
TYPE : TSP
DIMENSION : 468
EDGE_WEIGHT_TYPE : EUC_2D
NODE_COORD_SECTION
1 914556 150364
2 959305 117138
3 434725 219451
4 425126 188088
5 986021 18153
6 951900 160783
7 1051023 203614
8 82339 728770
9 455607 175935
10 107340 776834
11 895833 37633
12 183607 736389
13 941779 7048
14 133026 735630
15 422321 98435
16 139369 716012
17 912110 5997
18 430083 156165
19 849767 194524
20 942109 180595
21 388815 130801
22 428342 247483
23 841575 100639
24 407137 155784
25 71145 698877
26 22671 672911
27 886094 121136
28 910259 99091
29 862842 207261
30 171614 671082
31 923863 98973
32 884949 162950
33 954278 -37746
34 1004404 -5032
35 439155 148788
36 952903 47796
37 882865 110820
38 951845 195886
39 966342 143124
40 408697 123277
41 970306 229385
42 953837 4552
43 950467 177876
44 942030 277459
45 995436 12091
46 942813 31427
47 899252 160836
48 111037 701855
49 855817 155469
50 877625 171646
51 378059 202190
52 919120 49775
53 206929 689160
54 876564 153877
55 502431 159468
56 436476 187899
57 919045 43982
58 438392 120133
59 887023 -47596
60 971465 51396
61 963125 19586
62 910379 156808
63 1027670 5878
64 173047 712454
65 92347 709510
66 950522 242084
67 57716 648516
68 118755 709708
69 146585 657233
70 993986 -18498
71 172581 758124
72 945515 -2768
73 971207 214794
74 412914 152071
75 955831 139513
76 931593 159920
77 873350 144117
78 979037 132796
79 929665 142990
80 920382 208424
81 900087 193258
82 950061 125537
83 877580 217655
84 135827 793171
85 944250 168359
86 445662 226884
87 902368 85900
88 976339 73894
89 54553 665731
90 530434 199016
91 77774 727874
92 1018317 -16817
93 980394 205115
94 128840 654943
95 383837 227588
96 138282 738636
97 939057 86880
98 856286 127064
99 127982 725776
100 387982 220063
101 906727 209116
102 906273 151599
103 161154 663727
104 911937 169829
105 58096 739146
106 1021033 -29493
107 322570 177790
108 489977 174857
109 116807 733784
110 398681 157704
111 898980 146070
112 160702 631424
113 931040 -2378
114 116651 625370
115 439486 137480
116 978640 30893
117 124859 716965
118 932654 20506
119 940730 134640
120 1005770 -6194
121 413886 169962
122 181723 664145
123 433529 163354
124 961582 60123
125 883424 166862
126 523931 140259
127 925444 -27002
128 941352 20332
129 364768 175464
130 85578 678812
131 500357 196638
132 402124 109805
133 158813 630155
134 863033 271666
135 74698 743948
136 973443 39341
137 156577 704702
138 413161 186108
139 449739 164027
140 137768 742885
141 94578 767310
142 420961 67851
143 965476 190060
144 88124 707659
145 894598 146455
146 433900 247272
147 907426 9219
148 936508 125392
149 831700 248265
150 466115 175195
151 972367 198471
152 99642 779707
153 932256 164497
154 420412 187113
155 959060 3199
156 998004 48785
157 466282 188786
158 158826 646149
159 961443 23609
160 927620 81587
161 938525 -3773
162 103922 670519
163 73191 741568
164 876587 7566
165 892969 122234
166 984272 197484
167 889015 255398
168 113331 711989
169 1076278 19817
170 955427 81539
171 76657 703185
172 904709 113639
173 59695 720558
174 872438 227897
175 456635 199965
176 966998 130497
177 937261 100907
178 921389 27062
179 971853 93019
180 133910 675566
181 475375 266924
182 405462 146351
183 1015017 -24526
184 1015091 -44744
185 55721 649036
186 134255 711987
187 39185 769981
188 193818 784502
189 872176 48998
190 850626 130683
191 190168 739849
192 102783 633485
193 498829 112102
194 357544 159332
195 533369 191924
196 881218 216036
197 836444 126008
198 149166 731930
199 890180 -21726
200 981332 144470
201 842799 14442
202 951727 37705
203 984729 41288
204 464681 145572
205 898477 92958
206 87139 666383
207 858497 227275
208 912844 99490
209 1034223 179160
210 875788 157091
211 87798 777846
212 436181 182483
213 428416 195626
214 467868 201582
215 969324 -15299
216 970184 34406
217 195986 600484
218 965926 -3598
219 480457 115851
220 385634 109313
221 925174 33196
222 428336 140306
223 969564 9247
224 948963 166010
225 913705 181727
226 863163 136622
227 909533 -9943
228 926456 60328
229 961148 23217
230 146442 741965
231 93292 671476
232 489816 212166
233 968148 166874
234 37933 609697
235 414809 116189
236 888147 95574
237 1026635 70648
238 460117 176903
239 153752 614789
240 866804 146789
241 922780 214994
242 940545 23636
243 153009 706973
244 412002 156778
245 61269 686186
246 430745 140072
247 390570 214780
248 970835 36030
249 531587 131978
250 911354 21680
251 403485 156347
252 897457 117158
253 905683 258412
254 114678 642234
255 114514 710919
256 430283 199181
257 349503 154013
258 435875 212317
259 874317 98450
260 442137 237048
261 504060 164295
262 956232 133933
263 921255 -62357
264 427842 181329
265 422094 236663
266 361280 193301
267 1031318 187978
268 930679 205369
269 984527 -40674
270 921436 -48109
271 912324 216682
272 944505 158997
273 161057 759105
274 487763 148058
275 999235 3888
276 330864 129335
277 60349 706586
278 931425 -28991
279 957950 19096
280 59810 719600
281 120744 753766
282 157126 779603
283 116467 703641
284 843876 97673
285 929757 7379
286 179349 739215
287 852545 179823
288 192584 634889
289 412928 163953
290 903600 54016
291 101237 664504
292 911931 223091
293 79938 719334
294 910515 131490
295 1032558 6771
296 428983 176333
297 430054 94977
298 944892 52898
299 128110 723977
300 931865 -17951
301 939984 -64447
302 503449 187605
303 973255 97170
304 157723 719522
305 92992 750561
306 445883 124003
307 430126 188204
308 120736 718536
309 450505 172590
310 935065 240811
311 922393 168235
312 852050 168698
313 436985 227033
314 941084 -1047
315 895528 113303
316 983983 118633
317 117525 739196
318 936479 71482
319 123168 697704
320 399709 216092
321 855345 126948
322 88517 664321
323 72671 783160
324 912160 199237
325 963086 213270
326 171974 675898
327 124173 762112
328 434545 158467
329 911411 82282
330 923269 41028
331 976994 212020
332 957840 44260
333 414567 249447
334 175876 758273
335 413865 170023
336 960222 105976
337 898972 154971
338 906826 142602
339 868533 123961
340 386940 149407
341 909401 162503
342 983410 -99692
343 70349 638116
344 969799 49705
345 854081 133248
346 106263 707936
347 421185 118213
348 469950 130051
349 121235 680533
350 154393 665000
351 168579 711008
352 114650 743346
353 201909 677848
354 951471 18941
355 92914 717007
356 1043033 22134
357 858087 137609
358 102188 724196
359 391550 174428
360 987825 86540
361 164172 672320
362 834935 167118
363 64043 648036
364 430522 188269
365 960777 157119
366 493122 211589
367 176033 671053
368 915083 195863
369 982185 243882
370 119160 737448
371 147101 730355
372 139033 797290
373 964660 3301
374 128278 780473
375 319061 151430
376 470366 124503
377 190378 692148
378 444158 207117
379 1003222 -80583
380 112813 609452
381 136609 702368
382 110490 686321
383 133362 708062
384 70242 703606
385 543576 148550
386 828284 186868
387 941964 -5570
388 475596 206059
389 899396 55653
390 116817 643280
391 933802 -70817
392 445306 248277
393 1012488 1933
394 908702 92164
395 384920 180960
396 34073 698550
397 1003407 -14771
398 118524 712992
399 957919 30940
400 178524 765199
401 890332 177061
402 908915 142163
403 972457 69198
404 956242 27532
405 1009924 -17387
406 451446 253545
407 123364 647071
408 145143 746411
409 1009908 6682
410 6571 687527
411 942476 183006
412 462061 297774
413 956910 83089
414 974708 54480
415 937437 -21986
416 97262 751574
417 358016 132553
418 204588 723447
419 991930 175013
420 153303 770343
421 429207 194898
422 450399 236438
423 443848 228336
424 879594 191621
425 424105 261091
426 909327 38170
427 135202 742158
428 82761 761355
429 367566 269448
430 459532 249677
431 69660 731008
432 973993 -19012
433 943046 16416
434 933621 81625
435 1033483 114460
436 908540 -10596
437 446540 73714
438 152508 717165
439 912848 1682
440 71235 803163
441 905133 43460
442 418402 182120
443 920126 -19271
444 87681 653172
445 131150 672661
446 439719 215391
447 926803 267119
448 147696 741157
449 935270 35865
450 904938 178927
451 89469 679803
452 428020 213514
453 904781 137107
454 940504 44415
455 923844 180125
456 103364 657355
457 997197 172908
458 150114 716837
459 384157 178904
460 873212 155891
461 405284 241889
462 967504 -44182
463 950467 -56160
464 338049 202405
465 880383 183613
466 906830 55161
467 896885 210022
468 915652 143201
