NAME : portcgen-492-2562450
COMMENT : portcgen N=492, seed=2562450
TYPE : TSP
DIMENSION : 492
EDGE_WEIGHT_TYPE : EUC_2D
NODE_COORD_SECTION
1 399956 -45578
2 183689 785522
3 993971 284612
4 121672 669467
5 430094 417024
6 360190 -9951
7 483906 409186
8 404845 41994
9 493850 385990
10 590196 427043
11 481886 451360
12 341888 36446
13 924441 280360
14 415838 60257
15 828465 354284
16 474224 394295
17 435480 58654
18 91773 760889
19 131338 658284
20 386832 381652
21 427515 4599
22 486285 421570
23 440181 405007
24 876549 359956
25 846292 373560
26 914337 260865
27 792174 340915
28 426410 43064
29 851897 340881
30 949327 303458
31 902409 368680
32 505062 27920
33 95609 758994
34 346452 4631
35 460682 501827
36 478243 351385
37 160406 756838
38 480378 59225
39 471618 390648
40 432788 502813
41 410500 -27863
42 845711 354439
43 182559 669920
44 912360 259199
45 161254 701944
46 182284 692697
47 380445 -2757
48 538925 339188
49 437145 379118
50 510957 395685
51 840960 339168
52 912732 275137
53 430432 -21124
54 898969 301397
55 901020 255151
56 390066 120045
57 908309 291940
58 397615 -15156
59 890846 282555
60 367233 19402
61 91537 749496
62 457435 38355
63 382660 -5442
64 457020 441540
65 424176 66434
66 826093 331131
67 170158 672933
68 146723 705995
69 130330 656883
70 130189 673541
71 450696 452294
72 479884 367036
73 156499 649924
74 104201 676523
75 907502 331805
76 416207 482174
77 224979 694520
78 386728 4348
79 884648 376488
80 897641 260809
81 183423 733495
82 54984 679927
83 374761 -36860
84 367810 12512
85 368665 453352
86 425594 37465
87 434263 360035
88 501303 393728
89 505645 428012
90 898145 395025
91 476766 459281
92 225818 707873
93 610112 463649
94 388003 -34616
95 519894 417669
96 136296 732727
97 390165 -67057
98 878768 399001
99 390412 377728
100 964648 330650
101 385957 31744
102 899675 239596
103 870005 238376
104 921988 359341
105 408297 62773
106 891860 301204
107 82244 702249
108 488410 429635
109 507446 481519
110 131995 783133
111 910188 307630
112 202854 696339
113 381714 27081
114 440356 490491
115 914049 369306
116 483219 433056
117 878168 312417
118 189055 740472
119 879266 319053
120 939488 235733
121 465377 8394
122 358058 381191
123 227838 729825
124 122307 708677
125 390481 24545
126 157991 747795
127 1018411 304575
128 443475 14470
129 866291 255451
130 358940 -17417
131 412139 465739
132 472945 478893
133 421349 39942
134 400727 95244
135 118789 680445
136 142402 694543
137 889500 292253
138 933046 350133
139 396175 -43909
140 462349 19606
141 483252 463658
142 349250 -74940
143 453430 57681
144 442322 -37542
145 108028 704747
146 384043 62746
147 1012794 340316
148 406149 -14495
149 971509 225945
150 180019 679486
151 423863 452077
152 139192 686112
153 128293 689904
154 877041 327454
155 946587 250265
156 381202 -60981
157 194446 762525
158 355201 20121
159 441145 -85363
160 395394 10511
161 414431 46180
162 853971 265184
163 877133 273574
164 404028 447118
165 798513 326293
166 498131 460
167 914034 214250
168 797355 268162
169 163015 717936
170 377350 12817
171 969507 269278
172 186777 749465
173 837545 281372
174 380099 55403
175 236255 728984
176 163642 683385
177 389475 27287
178 415000 -73908
179 413575 47301
180 513391 332540
181 500742 489628
182 534984 400024
183 872027 339859
184 883175 422823
185 202419 731304
186 479468 399426
187 397097 -9673
188 871996 313353
189 207767 679381
190 843751 340312
191 888437 268230
192 144071 713107
193 949472 272409
194 355398 18939
195 873779 288546
196 465028 376434
197 494537 410492
198 163785 834113
199 887078 301913
200 882844 335045
201 437228 427338
202 503437 410609
203 468353 420078
204 349905 -26909
205 928461 289871
206 384490 -52348
207 908779 262911
208 146128 712293
209 523818 382121
210 160060 715290
211 433642 -17778
212 451158 23931
213 814829 315912
214 443891 410507
215 640615 476298
216 1040686 268123
217 510251 376630
218 883754 354012
219 387965 -95144
220 899153 256679
221 966779 370626
222 965109 267285
223 402005 -50719
224 387499 450338
225 397420 424808
226 57997 737307
227 440570 56303
228 150694 747884
229 510178 440245
230 295486 -60975
231 480234 538151
232 870760 334430
233 378566 -39236
234 489755 91330
235 207766 673917
236 361020 -38719
237 862110 308359
238 122462 686748
239 392950 42844
240 114569 776535
241 422733 11270
242 442200 446035
243 461336 371453
244 113967 668797
245 160843 665660
246 78430 745647
247 504548 458540
248 368496 -30536
249 884105 265969
250 348405 20710
251 131194 670148
252 916220 350355
253 175943 747863
254 426289 459329
255 515337 431039
256 924786 334938
257 872861 361673
258 482685 415545
259 467606 46224
260 430124 387706
261 175552 698448
262 122807 701140
263 444637 6351
264 378937 -81990
265 934361 274796
266 495699 -36503
267 146389 760593
268 406691 12492
269 120328 658481
270 346463 -23684
271 214785 715404
272 264161 695822
273 150355 656323
274 809626 297968
275 229814 769008
276 493817 433142
277 397246 416270
278 150796 720605
279 469578 448509
280 97604 707453
281 419021 14629
282 919810 274192
283 361204 -5446
284 489354 25256
285 519738 30154
286 119182 696747
287 874154 312000
288 545294 417018
289 432180 449654
290 875916 255787
291 931961 308508
292 902323 314322
293 326024 -42168
294 456792 -217
295 502907 453469
296 520311 530544
297 931287 272937
298 192759 705018
299 944072 341294
300 422018 -62388
301 935273 317136
302 351099 500969
303 453341 -45378
304 451982 408177
305 928462 376571
306 113150 647748
307 881115 303435
308 147378 736540
309 1000104 281186
310 931532 291021
311 520193 328059
312 858789 342821
313 108337 669369
314 400943 2433
315 434272 38687
316 190662 742202
317 387846 -25513
318 887209 317890
319 422553 72907
320 186857 688826
321 479999 -30507
322 896531 458084
323 269428 694347
324 404784 -63498
325 162247 746200
326 948462 317443
327 165684 759019
328 350837 2865
329 239950 713345
330 417954 24562
331 922237 230018
332 474089 425148
333 422135 27144
334 431739 512848
335 156225 715980
336 375079 1237
337 424690 5168
338 875192 244842
339 482302 439598
340 202687 747636
341 329818 37415
342 170465 632190
343 127393 812677
344 327055 -72167
345 925383 297609
346 402566 24250
347 819603 284766
348 328625 -40261
349 440744 355545
350 881847 258258
351 435679 365735
352 138685 676741
353 340337 8202
354 528348 79135
355 887825 316469
356 438586 299031
357 376672 395174
358 442806 -1745
359 465124 383763
360 869591 281483
361 412010 385344
362 877988 328355
363 241416 703264
364 460535 378011
365 560149 417873
366 458554 405440
367 483178 400949
368 411271 -8165
369 462866 402340
370 892001 363465
371 425691 437103
372 391843 -48386
373 441441 434460
374 126885 682269
375 421687 560329
376 349745 -5332
377 992612 309971
378 451945 412612
379 185243 769490
380 958255 317737
381 112534 661373
382 164522 628829
383 398284 26750
384 920135 242421
385 150986 671901
386 49526 719422
387 177796 650065
388 953768 296291
389 849906 339189
390 380629 -26112
391 479969 438469
392 992939 366895
393 890067 316505
394 964581 375143
395 75995 639948
396 862103 309670
397 910148 353375
398 438317 496822
399 456064 455232
400 394390 -34338
401 116050 643652
402 139314 714148
403 415213 26178
404 152553 634818
405 424795 409500
406 391992 348480
407 884903 257349
408 416464 455074
409 376431 -51143
410 938424 295757
411 362035 -6134
412 901353 332548
413 361524 -25798
414 470679 462116
415 872997 278589
416 832382 317394
417 377709 41019
418 480561 482384
419 189317 785264
420 123568 739555
421 243411 789094
422 403707 3471
423 476789 382180
424 894213 418364
425 130672 633737
426 451850 55248
427 258517 678072
428 356348 83306
429 388667 -15957
430 423461 -16709
431 417833 62357
432 477933 439042
433 937118 276717
434 822461 304146
435 473912 401258
436 163262 686435
437 428606 450840
438 213743 676015
439 357013 -74171
440 139526 710033
441 205379 711274
442 518944 397278
443 408681 3187
444 335710 79816
445 329419 79360
446 931047 329496
447 858535 265874
448 441337 -49257
449 189430 582690
450 927650 258781
451 415857 -34052
452 548824 439727
453 136485 687396
454 906702 313817
455 457424 375742
456 441457 -84169
457 165988 656608
458 920912 280107
459 379955 41882
460 884358 325382
461 921191 294372
462 455164 401555
463 479378 437302
464 241085 707510
465 183171 637674
466 408100 69659
467 483379 429791
468 916352 365640
469 401792 -19108
470 902080 268964
471 176516 754561
472 819441 343085
473 423960 422125
474 410180 -12187
475 806733 281167
476 401627 447332
477 425626 433140
478 419995 467719
479 102044 662627
480 523839 469054
481 910406 260327
482 981367 343637
483 892716 395385
484 843925 306219
485 960494 195104
486 411606 5830
487 139265 731503
488 119287 645215
489 488121 422757
490 880939 390075
491 876438 223897
492 442842 8500
