NAME : portcgen-588-9466863
COMMENT : portcgen N=588, seed=9466863
TYPE : TSP
DIMENSION : 588
EDGE_WEIGHT_TYPE : EUC_2D
NODE_COORD_SECTION
1 188534 840736
2 39187 940841
3 856980 61620
4 103115 194704
5 926408 25188
6 213140 868291
7 154236 974887
8 202370 963151
9 584803 78709
10 247417 912233
11 132544 960673
12 102777 897843
13 164780 897979
14 195489 960339
15 633963 48256
16 930352 32420
17 631432 32965
18 222266 980891
19 964019 -14454
20 107691 868966
21 236803 907618
22 636451 59658
23 194400 991346
24 138743 120235
25 281833 961614
26 103142 199700
27 612781 6167
28 54178 905100
29 104529 180396
30 117561 169190
31 217992 914124
32 182240 900351
33 132789 968660
34 692663 104354
35 130121 193218
36 976282 40931
37 661218 96043
38 977218 111379
39 898807 47212
40 88996 846434
41 105162 769263
42 194338 961268
43 153997 238706
44 169691 933007
45 212906 962887
46 606004 81747
47 897162 132034
48 30601 863987
49 25677 835670
50 947225 -1825
51 178360 952958
52 67540 872840
53 905560 80174
54 22099 817775
55 856412 23568
56 103720 250047
57 193898 219482
58 178528 922984
59 96756 193503
60 560972 104125
61 872613 126337
62 57108 275039
63 15735 777134
64 188117 186846
65 171657 237262
66 921482 36644
67 46501 904404
68 918601 -28374
69 139710 217867
70 977372 41037
71 842923 93421
72 889931 61495
73 914285 135872
74 902991 45972
75 69633 891096
76 135279 213823
77 49852 817264
78 67649 157927
79 112879 260681
80 179311 971962
81 887008 82730
82 1023684 30989
83 10749 836205
84 -46404 902484
85 163509 947276
86 71948 870551
87 658883 104514
88 874908 37477
89 193177 898604
90 77325 861509
91 66016 809407
92 1001143 22266
93 185321 232241
94 145434 934898
95 645400 109698
96 913921 4752
97 992473 22594
98 877917 72897
99 62577 853609
100 650326 116311
101 283079 918197
102 218482 869801
103 632225 -29960
104 89116 865438
105 3703 218476
106 992695 -8871
107 135325 975292
108 16823 870693
109 56541 871685
110 23216 861910
111 246386 893522
112 590463 40394
113 199046 228171
114 104337 167890
115 66097 236410
116 891100 47069
117 621784 117492
118 898841 88134
119 108496 179789
120 584278 10953
121 652707 65115
122 103420 184645
123 36791 867971
124 268256 922628
125 9919 803586
126 206137 891476
127 262841 936177
128 98057 910208
129 668856 49165
130 700044 26164
131 189387 251358
132 81358 107510
133 204073 975367
134 -43006 854238
135 -47146 836141
136 73427 878397
137 46163 890762
138 648953 78011
139 143771 1023745
140 129625 246860
141 12777 875598
142 81761 872664
143 239629 875528
144 -12836 753921
145 241909 962526
146 974158 20382
147 566139 -5588
148 616974 76361
149 45980 231597
150 129994 268239
151 579784 29513
152 748110 -12804
153 171441 972178
154 623496 39619
155 126064 203333
156 30580 939380
157 585488 99271
158 27691 849149
159 151751 960191
160 661165 6018
161 44818 184486
162 47642 209776
163 94219 893517
164 630273 81991
165 604244 -7140
166 118685 189763
167 96430 840243
168 558850 36776
169 36069 894319
170 891853 -9226
171 868397 60831
172 564565 -6164
173 923479 11281
174 909554 33630
175 -35013 829342
176 -16624 884832
177 22179 879193
178 652687 51951
179 856950 35772
180 57640 869350
181 110969 245171
182 271296 912530
183 967010 30446
184 227360 947166
185 738412 65592
186 -7783 876503
187 689749 3857
188 597359 22913
189 143489 227694
190 208137 225809
191 677435 -42435
192 171558 900674
193 174274 890582
194 166261 990543
195 873572 67174
196 131302 206541
197 622811 40741
198 932683 7606
199 901119 54515
200 50856 888928
201 904004 28826
202 627739 -20716
203 625056 14746
204 937218 21840
205 155024 157876
206 928134 137818
207 201668 965589
208 919442 59741
209 22261 773406
210 736285 102302
211 43293 846626
212 216945 926536
213 650605 65826
214 147995 956335
215 917882 72285
216 -7768 806859
217 64982 900943
218 259689 898023
219 923602 90664
220 207031 921771
221 877962 66850
222 212644 919903
223 170961 919687
224 951417 121931
225 141509 972633
226 -66517 873411
227 134403 219145
228 855888 169
229 110453 252022
230 88023 260790
231 -21207 807170
232 315405 957481
233 219013 999712
234 89546 817170
235 3963 898651
236 71541 866332
237 58540 864296
238 221263 909530
239 900480 24682
240 721098 73786
241 894084 79884
242 872582 151428
243 988666 52732
244 203448 261453
245 104307 192675
246 102547 187268
247 930950 66404
248 933124 58773
249 808 852428
250 168594 283202
251 141282 236148
252 840039 59122
253 242268 920574
254 906593 35615
255 8341 957111
256 621154 69448
257 700331 65280
258 646911 20275
259 976788 34134
260 634115 60384
261 911995 88110
262 231047 934812
263 28542 877319
264 670102 -30606
265 906156 13611
266 132500 946437
267 676927 47516
268 151645 975338
269 960001 -25392
270 858372 76770
271 878978 115053
272 63631 743346
273 214183 252945
274 275653 950022
275 644622 55745
276 636444 55282
277 59233 828531
278 294621 939559
279 664477 69751
280 957605 33870
281 650131 35786
282 664049 23111
283 311745 978615
284 257169 918116
285 196210 913086
286 148414 850117
287 111475 221986
288 166790 299752
289 156241 287611
290 895702 51177
291 5166 835951
292 654437 105099
293 88165 226204
294 619074 -6621
295 860841 62872
296 116811 865215
297 138214 224939
298 155633 969707
299 640823 62006
300 604626 93305
301 898592 96469
302 956854 12897
303 877502 33085
304 103213 270316
305 874525 33075
306 180051 904495
307 606988 11314
308 625887 92160
309 242087 878530
310 905940 23213
311 600445 106407
312 253456 963181
313 925862 1599
314 919187 135893
315 222570 938819
316 915322 1210
317 192611 916203
318 193724 980690
319 15459 764190
320 601831 -48446
321 155805 197436
322 124370 213346
323 75892 878034
324 639963 78790
325 923868 49184
326 156129 263936
327 78185 146339
328 38689 875450
329 162061 216825
330 697298 85909
331 179981 913589
332 56209 188914
333 111688 886456
334 9326 903002
335 204581 904305
336 824725 61689
337 911397 50752
338 875154 67246
339 66932 833355
340 218741 869854
341 184878 936703
342 172536 250958
343 95456 246235
344 112990 187194
345 586627 87520
346 71912 883099
347 977296 81231
348 177426 957042
349 904692 55883
350 142361 302622
351 -54180 776525
352 622636 66930
353 2189 893235
354 291991 948546
355 66405 858218
356 1025529 69109
357 651766 15392
358 79311 833297
359 642708 18754
360 219228 904826
361 675796 27242
362 654684 161409
363 633981 33782
364 964828 43759
365 196544 865210
366 74603 205644
367 109232 187562
368 626206 77994
369 603101 11354
370 688512 10096
371 915763 34433
372 153578 220659
373 156840 237788
374 272847 963833
375 39108 860407
376 929166 97548
377 70379 824037
378 55293 857488
379 691900 16317
380 665521 46933
381 938634 65530
382 239995 875009
383 632166 98850
384 224885 993713
385 55993 928252
386 74082 879259
387 -8284 883540
388 130929 160578
389 218264 882918
390 158831 200072
391 11409 817054
392 608544 41156
393 628587 59735
394 623655 20163
395 19388 795744
396 28458 855888
397 36812 841870
398 626701 78604
399 17569 840402
400 703404 74587
401 942914 95921
402 922235 -11976
403 112307 190524
404 49984 891970
405 643718 44337
406 125165 950759
407 74264 286997
408 625431 64743
409 144806 974969
410 959600 36077
411 199120 833546
412 660226 -11880
413 615084 26671
414 217600 889549
415 250985 878592
416 156204 1005827
417 -3384 925131
418 641362 -14931
419 862893 49943
420 214533 927254
421 754528 -2076
422 895509 58149
423 87035 937780
424 72945 109730
425 884654 58477
426 138096 198518
427 642533 8321
428 978144 13266
429 560779 41213
430 50434 862408
431 622097 51405
432 166680 236403
433 317414 965918
434 906799 45111
435 858207 129028
436 241493 1001453
437 932014 61053
438 145382 181863
439 177316 1018484
440 122390 215840
441 206610 971483
442 676013 65367
443 672236 27256
444 1017398 39674
445 155438 918223
446 936541 -13440
447 28056 868532
448 856143 8650
449 915509 60025
450 926563 44745
451 955015 75523
452 648710 64330
453 201945 992021
454 232936 867584
455 136521 295435
456 175633 952512
457 197266 287511
458 658696 58273
459 105685 146119
460 653069 6580
461 287237 927120
462 261510 956981
463 610675 23146
464 187023 921078
465 165687 824357
466 560267 50829
467 957540 6582
468 218086 899738
469 665343 47304
470 681675 -630
471 124480 193164
472 -33158 870150
473 924031 7367
474 635807 34251
475 582295 46047
476 55556 846369
477 686070 55572
478 950254 38649
479 241121 889177
480 91409 251279
481 34572 892172
482 605170 13944
483 84696 265603
484 222829 838381
485 915681 40450
486 173854 928602
487 671884 56445
488 28195 888450
489 72605 851764
490 55071 836588
491 928409 66277
492 622811 10850
493 954262 34990
494 148191 218236
495 146478 889573
496 38802 892260
497 878775 62887
498 630261 85320
499 33087 833097
500 578202 29389
501 168114 937030
502 261149 984942
503 650421 85088
504 23610 815022
505 180999 946289
506 585009 17348
507 255757 1049578
508 149332 160030
509 142847 200897
510 126109 251844
511 195688 203777
512 164571 173563
513 220343 940206
514 148230 199478
515 242022 923139
516 220184 968677
517 24087 787796
518 218945 233675
519 686649 -7300
520 -16466 880865
521 665929 38853
522 32784 931916
523 897172 62656
524 930126 39335
525 989511 76619
526 207442 882241
527 964252 61273
528 235690 945343
529 232939 901286
530 230709 1031144
531 96555 189266
532 854648 14769
533 905013 62059
534 628004 105745
535 150647 281672
536 -42199 914466
537 996442 140729
538 76815 265523
539 946337 26909
540 22595 882401
541 167671 213036
542 881249 41903
543 916028 37296
544 637941 88726
545 924058 2795
546 112628 163245
547 650502 -31549
548 237336 915753
549 -9462 849670
550 176894 954839
551 196552 958380
552 586445 32453
553 600259 76308
554 174386 981228
555 566685 60590
556 34025 814486
557 80437 806446
558 928813 -32554
559 213163 939424
560 924952 75806
561 629955 -19379
562 252362 928168
563 272287 933011
564 129350 181975
565 936597 50740
566 88560 823356
567 37020 925900
568 178246 209787
569 91761 190424
570 172361 284586
571 901903 37491
572 556522 88340
573 674669 1372
574 -26129 891532
575 157536 241137
576 245290 986459
577 609455 70129
578 654204 82593
579 657206 39142
580 70449 878994
581 611096 98280
582 194305 256510
583 944345 56033
584 91757 235896
585 664474 51495
586 946813 54110
587 164501 193518
588 6614 778325
