NAME : portcgen-523-4273212
COMMENT : portcgen N=523, seed=4273212
TYPE : TSP
DIMENSION : 523
EDGE_WEIGHT_TYPE : EUC_2D
NODE_COORD_SECTION
1 806275 376817
2 95053 585880
3 592126 46212
4 96616 428108
5 177779 724424
6 657344 73287
7 802661 308633
8 140188 720176
9 865703 376210
10 699396 -72473
11 674627 13026
12 -6361 442765
13 777593 309375
14 638280 38977
15 49542 596863
16 118332 558184
17 26566 359880
18 214496 743736
19 843082 273784
20 252857 739690
21 178767 791498
22 78660 512604
23 43084 561585
24 839204 329376
25 859050 452572
26 36788 383800
27 7179 498236
28 667668 73072
29 -21191 464541
30 904084 281593
31 251373 711509
32 137588 687750
33 88295 383185
34 828761 299429
35 835006 275855
36 106026 572211
37 198485 488881
38 86092 452874
39 23962 478366
40 655859 16331
41 248916 749706
42 49748 492358
43 262803 738240
44 801682 335126
45 260101 714105
46 672908 73061
47 923212 314139
48 242085 623588
49 73027 542913
50 42148 532596
51 77061 607473
52 733159 -39161
53 38899 372060
54 220254 711664
55 842857 334573
56 148656 496337
57 168715 798519
58 185664 697547
59 87474 478898
60 685261 83704
61 696495 -43079
62 661475 29902
63 776511 380149
64 210272 701731
65 4414 404698
66 833891 287560
67 183227 760841
68 134368 546424
69 884537 255698
70 825503 258394
71 47786 416097
72 55192 422827
73 710782 74658
74 866374 357219
75 10923 517668
76 232823 722297
77 -17849 571432
78 201875 747728
79 26878 518906
80 28665 438072
81 266626 765457
82 -24576 503194
83 49304 477240
84 132671 654584
85 183429 754291
86 179398 676416
87 9403 453505
88 112802 563772
89 174006 513960
90 713604 -7818
91 134312 559084
92 837844 330693
93 18902 422275
94 173883 733518
95 274132 847679
96 72956 508049
97 83965 500038
98 713855 58340
99 177774 727632
100 68359 412662
101 634961 37639
102 178528 753954
103 58687 454735
104 100610 530484
105 629962 94539
106 177461 563896
107 821286 404386
108 806881 309707
109 183267 766592
110 15252 511132
111 101541 459461
112 129746 456852
113 186261 700364
114 235892 793737
115 49304 495396
116 752428 81657
117 206074 806380
118 9691 472182
119 -18233 474307
120 -4341 472462
121 84368 481985
122 849285 331131
123 94813 378822
124 596601 23635
125 9054 444475
126 818115 296660
127 875577 224836
128 775640 302515
129 852393 391006
130 236479 773702
131 666680 118121
132 111009 604124
133 153804 775449
134 5706 498598
135 156540 772624
136 681995 -1950
137 86674 393478
138 55805 524819
139 5423 552478
140 818687 255686
141 56617 432955
142 781304 326733
143 72391 526118
144 277422 810383
145 207424 821140
146 186018 724837
147 75839 622345
148 708459 5662
149 -24392 384920
150 646149 111500
151 645696 -23504
152 856634 354298
153 28396 447764
154 652809 67793
155 892338 338106
156 -789 407259
157 20526 376680
158 22278 463324
159 773827 278220
160 11431 447847
161 754757 361998
162 4383 432736
163 806289 287487
164 160921 700808
165 246108 724032
166 792677 311044
167 79324 538307
168 260074 762500
169 822450 242580
170 72980 411054
171 -18370 381932
172 627160 68919
173 816741 335786
174 633663 30192
175 670863 -25285
176 638480 2192
177 183038 814849
178 31576 349895
179 217388 756337
180 816590 299760
181 14320 426443
182 692561 23782
183 677246 -26250
184 162779 549022
185 194752 777593
186 599324 133571
187 143372 538112
188 753853 78089
189 134050 447677
190 601907 -4083
191 78971 558829
192 847166 358380
193 66238 546426
194 837400 362356
195 158110 785024
196 186030 819846
197 714393 12836
198 89621 539488
199 59001 463412
200 32207 435766
201 221415 785512
202 825883 301078
203 621059 34895
204 215871 752395
205 215875 770444
206 666827 7195
207 696009 17159
208 842349 346968
209 252020 652373
210 637521 121466
211 860925 310069
212 -5917 414004
213 798887 399114
214 73623 557707
215 -41905 399320
216 70228 379678
217 -15516 540290
218 214032 724757
219 214080 711377
220 216924 764700
221 61192 408355
222 98477 569377
223 696197 12073
224 926999 330175
225 111865 550963
226 5547 477032
227 575093 52460
228 834076 295299
229 102240 547592
230 104284 482314
231 857557 296146
232 -15017 351289
233 678722 15524
234 281673 780142
235 -95262 432348
236 809891 335598
237 16366 469127
238 -25843 491794
239 -10514 503517
240 -6761 503072
241 -37950 404913
242 224057 780787
243 175698 516282
244 3225 452500
245 79812 532888
246 795899 260362
247 780802 300243
248 511490 55366
249 175675 784104
250 215865 783237
251 104299 531978
252 888625 307520
253 295931 712835
254 674691 -23322
255 179134 699852
256 125462 479567
257 99518 631999
258 189736 691645
259 235386 697653
260 585375 71953
261 764509 254126
262 804201 304179
263 229824 755965
264 883354 311026
265 684093 101933
266 174076 734153
267 776221 269393
268 39186 382913
269 205976 738442
270 242055 735835
271 633042 52188
272 62362 486814
273 623128 10727
274 894148 298979
275 182542 743509
276 248348 639922
277 625733 165365
278 -7711 427714
279 698691 81259
280 143114 764288
281 129156 484333
282 633960 53394
283 166771 684013
284 861596 370775
285 261501 672429
286 121997 488377
287 226379 785667
288 8560 475010
289 8746 433946
290 74516 523872
291 78999 480859
292 57864 523175
293 823552 392142
294 10522 396906
295 35468 559859
296 736986 -18579
297 167246 496766
298 173304 822875
299 79715 414917
300 676936 69334
301 913178 344237
302 229987 748190
303 642535 24643
304 -27387 489152
305 203469 654559
306 644536 68457
307 59745 436499
308 191395 766107
309 189467 740206
310 83840 515266
311 826202 259234
312 59199 421820
313 32969 359055
314 809674 235994
315 257951 839393
316 799045 256132
317 672651 58408
318 -4492 361179
319 175432 763201
320 647303 25096
321 161826 772353
322 582836 -10075
323 270808 657615
324 169112 711045
325 607896 90847
326 589604 111109
327 166255 755393
328 802221 314742
329 675907 29329
330 246086 732478
331 691857 -38647
332 815413 245614
333 -23809 481952
334 110476 446921
335 665261 35774
336 62850 535381
337 -54005 386700
338 39509 448981
339 804230 247642
340 65804 431441
341 823808 231448
342 871500 270677
343 142487 593237
344 -44693 442830
345 278711 735620
346 71330 477370
347 867784 300333
348 -27101 430448
349 624713 14780
350 143431 542848
351 11376 439853
352 208569 652184
353 126369 528531
354 622524 -23144
355 706864 306487
356 86667 475712
357 169432 731564
358 44658 529838
359 855632 336032
360 856966 275496
361 851596 325556
362 211705 782233
363 875855 316041
364 731172 85128
365 18681 441862
366 123052 710320
367 893411 140954
368 19949 590832
369 830621 384335
370 738379 338143
371 21879 449724
372 62912 481299
373 658180 44528
374 68970 520227
375 194425 693404
376 39517 486196
377 761816 319529
378 831031 396473
379 875854 348183
380 193531 765165
381 9924 491872
382 -4511 494796
383 62093 522465
384 65488 535694
385 228221 795626
386 103367 482916
387 76826 454838
388 51356 420464
389 247377 747026
390 202051 652304
391 775972 305210
392 133917 480679
393 654624 31135
394 216080 748297
395 669595 30192
396 186829 724650
397 615792 -20669
398 86323 541218
399 71050 535546
400 63138 445990
401 215233 708278
402 641231 29886
403 544887 26058
404 244376 652898
405 -45418 442298
406 636868 8810
407 243778 753429
408 817408 343132
409 220571 724552
410 778660 340051
411 -772 409988
412 91227 518462
413 598445 76834
414 -35609 393465
415 164447 516788
416 -26571 541104
417 195637 812882
418 95472 566328
419 243 442420
420 173165 746584
421 198404 530028
422 106404 453553
423 790585 202248
424 124867 619922
425 192852 723638
426 120922 492868
427 -26466 416390
428 62978 571388
429 244998 685555
430 868199 285682
431 601646 29662
432 888808 285638
433 73524 470701
434 -14637 395761
435 691589 15016
436 6010 476434
437 53515 374810
438 861001 266417
439 203784 736262
440 11656 502218
441 735032 93211
442 745163 270724
443 214880 781895
444 723932 378019
445 824172 357080
446 175532 765414
447 209968 751201
448 642500 81756
449 30175 449662
450 874046 325277
451 230850 778861
452 226414 777823
453 605283 81063
454 62797 380288
455 713210 21668
456 685488 -22439
457 50969 459112
458 885167 246313
459 34760 478575
460 683708 12835
461 804638 337811
462 38997 503888
463 -33970 408402
464 657119 50130
465 91456 515091
466 117252 447875
467 800342 360506
468 115860 535394
469 837861 270786
470 818280 308158
471 36379 441318
472 65118 475958
473 824405 250084
474 235439 745801
475 111502 487329
476 -15252 418744
477 608282 35271
478 726433 10675
479 111019 475557
480 152139 453983
481 559391 29664
482 94227 606643
483 125027 563366
484 24827 569550
485 146207 567895
486 898840 358671
487 238303 683117
488 680520 -30782
489 641491 10629
490 897726 289719
491 203417 728438
492 15731 534741
493 717797 49095
494 95948 563845
495 807933 362012
496 811382 284407
497 124018 518530
498 767516 366343
499 619983 -30373
500 25297 485920
501 820305 288301
502 80927 535836
503 29999 529227
504 648973 52937
505 126358 739627
506 100576 512028
507 -29586 502353
508 637988 95420
509 815231 341148
510 109040 515796
511 -46035 421635
512 61062 627532
513 79731 540232
514 109500 505867
515 111328 550226
516 216022 766475
517 267067 751192
518 45863 462934
519 158502 513166
520 77863 478375
521 13855 479058
522 841587 361978
523 70700 473288
