NAME : portcgen-418-7093863
COMMENT : portcgen N=418, seed=7093863
TYPE : TSP
DIMENSION : 418
EDGE_WEIGHT_TYPE : EUC_2D
NODE_COORD_SECTION
1 1005147 879761
2 250045 82649
3 308083 800982
4 911509 891187
5 228863 12080
6 294263 826514
7 274633 55126
8 372393 458304
9 272907 464973
10 265260 -25102
11 323681 707550
12 261434 351703
13 316144 16002
14 981912 970395
15 367547 451539
16 336688 736689
17 279808 37227
18 265855 771614
19 194838 67350
20 227591 47225
21 882606 939557
22 327179 41671
23 928831 933853
24 976687 899362
25 345044 430353
26 286905 449681
27 286346 45698
28 307170 717272
29 244978 100456
30 382233 441658
31 282089 727337
32 279490 -11693
33 376529 71882
34 293796 93604
35 198763 60538
36 305921 80772
37 441485 467315
38 905872 884661
39 301187 122052
40 251487 -707
41 297333 732324
42 881172 873220
43 937984 962412
44 169527 29658
45 354351 758899
46 290988 733714
47 316573 156708
48 309845 683130
49 252128 21255
50 291017 712486
51 887161 926201
52 263843 786764
53 328522 649772
54 247110 7388
55 332423 750325
56 325858 53924
57 274817 136264
58 370496 525865
59 347224 693287
60 350277 86992
61 267467 358951
62 272453 77150
63 334041 750433
64 294041 450553
65 291880 1313
66 289975 741937
67 407117 384720
68 390793 54045
69 1025590 901414
70 282945 727195
71 375423 -18515
72 969156 841805
73 411323 59208
74 239254 116860
75 1000756 948318
76 355539 485134
77 308727 701162
78 283260 450085
79 271481 7713
80 203453 98764
81 304781 11494
82 851768 888435
83 194414 91057
84 348434 671345
85 275633 482046
86 321163 751620
87 942239 985799
88 357712 743614
89 874971 957877
90 891882 889405
91 316697 376238
92 366088 775083
93 347206 522588
94 405359 466799
95 290358 781736
96 278184 17567
97 952210 1061018
98 304130 696437
99 372395 337768
100 255585 53653
101 292428 780464
102 325192 446108
103 369733 439906
104 288261 478011
105 345698 467779
106 226576 8073
107 462307 464513
108 978752 847780
109 1009724 919165
110 281954 476642
111 1035336 848102
112 921779 923260
113 367404 393706
114 270971 106039
115 247672 166061
116 307810 786588
117 315212 684945
118 287945 412376
119 356146 746364
120 412087 742455
121 296788 755707
122 1031350 893317
123 228651 362331
124 357219 379127
125 258030 158877
126 221717 744649
127 331558 718857
128 373103 672504
129 242771 35780
130 272096 680589
131 260049 109151
132 355305 83999
133 240825 143419
134 315406 466719
135 410193 532086
136 930488 890161
137 290700 118398
138 1058652 866127
139 354532 730869
140 306318 72254
141 299541 -3579
142 956988 991080
143 331984 734571
144 243430 100196
145 254259 721946
146 967294 925766
147 362276 752533
148 237628 26695
149 901292 870552
150 927210 963331
151 380116 740971
152 356986 827368
153 248110 16570
154 293048 76612
155 317684 468313
156 437645 450789
157 342267 746374
158 924318 841117
159 982661 883799
160 319008 113714
161 266820 658337
162 402887 778116
163 271983 764609
164 315121 514121
165 228657 402536
166 380600 474291
167 954466 873075
168 309258 50690
169 892307 876236
170 386305 789119
171 335583 758306
172 892182 852512
173 975568 876099
174 294104 476205
175 961286 832300
176 174126 137703
177 367549 538709
178 1069580 940944
179 390670 486672
180 381903 410090
181 416426 691203
182 349849 315263
183 389427 296561
184 423708 707276
185 260688 754931
186 982837 895901
187 231388 120749
188 281696 382347
189 893717 889194
190 262641 858268
191 1017273 936317
192 909405 875765
193 238065 13547
194 274625 43634
195 360475 751437
196 285615 384052
197 275277 706986
198 353182 542614
199 259342 78619
200 257201 762725
201 292616 162427
202 245082 699936
203 881707 988853
204 310102 426446
205 371079 451054
206 375350 -9379
207 217965 444195
208 228119 96082
209 952124 872865
210 311307 717127
211 357429 512171
212 336658 790229
213 351990 504938
214 338595 354508
215 373156 166082
216 293913 443902
217 256070 746580
218 1030551 915187
219 295322 711444
220 299901 745455
221 405580 421560
222 910076 983357
223 978357 877829
224 283533 790847
225 978881 885168
226 1018249 950045
227 320251 722428
228 377566 433558
229 263292 54790
230 894698 925499
231 360004 469783
232 246117 14199
233 352322 737597
234 319702 636879
235 420369 298899
236 348916 756208
237 322954 446479
238 904216 943729
239 266715 416138
240 251254 646535
241 212629 48920
242 253270 688771
243 958360 905182
244 317503 119249
245 259148 28015
246 933535 912507
247 933409 959545
248 353767 405241
249 326356 432450
250 362707 83183
251 365034 46240
252 992656 939414
253 347799 462198
254 284710 773441
255 274381 740394
256 275040 354431
257 358584 433622
258 958967 922784
259 387400 127645
260 298174 418303
261 424591 399511
262 280728 15146
263 323729 99483
264 322226 127466
265 323926 735166
266 330460 691787
267 280471 379077
268 251457 702819
269 355640 365349
270 305001 44171
271 255667 698239
272 424191 423163
273 291821 454986
274 336616 342971
275 337188 193150
276 281861 608700
277 411224 663284
278 926920 931575
279 269943 380308
280 888688 922524
281 295424 790491
282 349907 479017
283 893362 922380
284 244839 146205
285 306561 91355
286 216609 94227
287 364344 404045
288 288997 775241
289 328929 67219
290 287028 36064
291 320706 732999
292 357509 694512
293 276077 79857
294 299433 46451
295 311430 742175
296 240796 46534
297 344958 774309
298 952978 926210
299 181626 136842
300 314072 775504
301 337375 392130
302 931364 906595
303 319328 800680
304 339500 458933
305 338973 495695
306 169753 7464
307 968790 873629
308 266008 641370
309 297998 5967
310 1007184 946925
311 375438 431275
312 340657 21374
313 379736 476226
314 929008 948534
315 226138 737269
316 935188 837990
317 346934 730040
318 206486 84941
319 303481 739348
320 269387 803326
321 911358 916105
322 249994 83390
323 966819 888199
324 980818 851830
325 277848 98750
326 427685 456478
327 879871 890314
328 307805 807709
329 325060 33492
330 966074 934325
331 305100 41240
332 280086 -15820
333 155957 8585
334 200350 61506
335 316927 808709
336 271863 749680
337 905093 887448
338 283889 651144
339 378576 804866
340 291375 76219
341 221699 35336
342 997452 960168
343 301664 75416
344 250848 746256
345 351614 423075
346 348973 424570
347 336109 832647
348 403195 764440
349 236096 124319
350 855101 882668
351 219407 109460
352 380980 694418
353 307317 836898
354 251405 771800
355 330950 757824
356 260024 81297
357 308266 755253
358 294950 706761
359 896376 871842
360 384941 688043
361 972438 977856
362 973469 863530
363 409454 419452
364 222838 59217
365 295614 68505
366 924467 923460
367 301111 652479
368 956127 937201
369 988315 966319
370 420505 412112
371 310323 682441
372 1062564 883335
373 910595 888559
374 220833 76873
375 787442 836962
376 342966 440965
377 287394 777399
378 978251 823096
379 905199 979904
380 246617 441713
381 362558 445310
382 925341 947734
383 311324 9055
384 291055 775999
385 313049 763422
386 960863 944733
387 219707 35935
388 305694 415526
389 323268 44448
390 345182 38325
391 292589 443520
392 321159 108955
393 345040 408581
394 229267 80435
395 313648 445642
396 384595 395239
397 1042892 843175
398 874074 899734
399 343247 348330
400 1016538 878230
401 316316 91625
402 365491 708347
403 275926 44776
404 276727 64977
405 336552 432871
406 300125 136497
407 257296 50084
408 370733 837679
409 450843 416059
410 257070 410946
411 270826 768657
412 309054 745690
413 224392 718832
414 329422 41261
415 306748 395933
416 944093 898325
417 233241 6121
418 394738 400568
