NAME : portcgen-459-6815934
COMMENT : portcgen N=459, seed=6815934
TYPE : TSP
DIMENSION : 459
EDGE_WEIGHT_TYPE : EUC_2D
NODE_COORD_SECTION
1 820601 757965
2 526185 184287
3 415374 212550
4 471227 283738
5 496630 371641
6 816856 733497
7 450649 375568
8 468345 322840
9 408826 385555
10 540331 421393
11 434306 331946
12 531221 301429
13 745435 713822
14 478335 224081
15 443413 327335
16 467548 213183
17 832074 787538
18 480558 174262
19 379676 1009382
20 438285 303626
21 500591 320197
22 473005 239822
23 795076 661161
24 469752 916413
25 484179 921585
26 831286 754045
27 794988 714024
28 519685 223010
29 786828 735352
30 426873 406399
31 482382 254945
32 504827 404318
33 539956 329999
34 820196 752741
35 844290 751214
36 475355 975937
37 432622 1052451
38 403733 977714
39 487951 225130
40 525771 295742
41 455968 249301
42 486795 355590
43 519328 994790
44 514358 306548
45 816852 756064
46 500255 305099
47 422085 930740
48 519570 363482
49 843164 653643
50 472935 344110
51 440209 986820
52 456207 1008873
53 457719 216180
54 793385 750700
55 761174 737764
56 496351 150679
57 757651 734996
58 780694 704062
59 539979 195904
60 795385 745265
61 447821 288119
62 501745 1033864
63 426212 319274
64 445667 345160
65 665591 685100
66 875899 750761
67 445182 353010
68 427811 923795
69 402508 275534
70 526528 263820
71 505179 943238
72 504109 255878
73 447231 381797
74 472990 925820
75 475569 227279
76 782952 636625
77 526396 343037
78 701602 735183
79 774808 659869
80 557350 255060
81 787926 776093
82 716139 634936
83 739758 823142
84 516442 287051
85 548701 1082841
86 820198 779966
87 459715 1025433
88 467149 182518
89 458542 223103
90 479992 222874
91 553675 294705
92 481704 324091
93 439876 399968
94 432257 1002928
95 730606 734209
96 436266 214011
97 814755 624346
98 531878 197679
99 508724 415074
100 395968 973171
101 495303 267715
102 440566 943795
103 920800 775726
104 456478 237203
105 871457 760323
106 368556 1031754
107 492376 259353
108 554794 188329
109 506077 275889
110 931395 746442
111 875894 772703
112 387729 231240
113 839544 697422
114 444323 325665
115 557975 243732
116 484215 205193
117 489543 269499
118 507871 232995
119 801889 811245
120 379859 255007
121 521073 380318
122 746099 714693
123 485005 251420
124 551802 222372
125 402333 945585
126 797266 626734
127 492455 372933
128 433039 271451
129 531575 399525
130 535735 247115
131 427768 984738
132 508176 268780
133 453794 414782
134 425229 331038
135 406143 987300
136 761726 726405
137 445648 963581
138 434088 922389
139 564669 335804
140 542770 357393
141 522828 185638
142 344693 1000944
143 723610 728334
144 437763 981035
145 461861 325129
146 400334 922993
147 500660 305228
148 451866 286610
149 818334 721662
150 395924 380309
151 457147 965237
152 535580 330878
153 446286 295223
154 390153 971575
155 464767 407196
156 797513 786090
157 859598 695375
158 454095 966411
159 380451 954883
160 875304 720977
161 408547 267906
162 385672 1001084
163 432176 921576
164 516727 947935
165 482355 232432
166 422450 984429
167 482820 978655
168 436495 1017727
169 851232 730027
170 378154 924448
171 412800 1013620
172 533468 290874
173 457334 1035166
174 462779 194144
175 587812 227516
176 780111 773237
177 533938 234283
178 490572 191807
179 478166 416555
180 425378 336364
181 823640 615432
182 803094 802488
183 855375 657413
184 389271 230502
185 428410 199188
186 538384 407169
187 438139 195296
188 502560 327458
189 507357 459085
190 563318 323796
191 457664 331051
192 466330 959307
193 743193 712441
194 463451 240896
195 816154 711452
196 492958 1010924
197 491963 154347
198 410374 231685
199 523598 254333
200 446183 959368
201 786618 694129
202 457413 242369
203 447036 174132
204 920644 690714
205 776880 727576
206 536806 203642
207 473655 289938
208 387421 944537
209 517591 165986
210 425848 905958
211 495470 238934
212 476913 266061
213 467341 322589
214 486345 268863
215 442845 299637
216 812276 676397
217 502352 188472
218 384255 941876
219 865240 639520
220 514288 322754
221 480053 233061
222 513768 304016
223 496708 193636
224 394635 1002159
225 819360 710521
226 396931 275102
227 454890 212641
228 457114 304921
229 780005 711379
230 485164 197244
231 497810 210154
232 825984 761758
233 442414 1000066
234 483753 190559
235 447243 253446
236 521570 279637
237 535322 353061
238 863262 661812
239 477798 942280
240 411779 346353
241 418318 971215
242 489327 271772
243 487943 191537
244 483190 247098
245 472827 197700
246 482185 268065
247 551218 282293
248 454884 1046379
249 430875 958013
250 899503 743162
251 438013 928215
252 547552 204793
253 476438 268566
254 553398 394315
255 342855 946947
256 907489 727300
257 465225 347389
258 522792 295910
259 432297 926775
260 589157 217365
261 462341 271155
262 748251 687772
263 502554 268965
264 500270 973776
265 808009 799873
266 830712 712584
267 478332 248432
268 714851 702072
269 547208 205406
270 473493 329949
271 838427 680742
272 800610 713195
273 713535 765899
274 522151 341332
275 833885 711421
276 354180 968011
277 412793 914905
278 559640 312897
279 444742 256095
280 433710 156672
281 451330 980286
282 400957 962378
283 523839 215232
284 751140 748543
285 841269 751108
286 471015 1019400
287 428661 299011
288 442471 366297
289 530445 335684
290 822777 776113
291 384425 909773
292 767908 748643
293 492214 51546
294 468947 312345
295 412542 976809
296 508537 196445
297 520530 348959
298 489610 202396
299 766366 773629
300 426675 938565
301 411129 975615
302 520865 314340
303 377906 970790
304 452113 965551
305 502569 339409
306 514256 269778
307 765599 760821
308 376974 990438
309 432479 997863
310 510090 278667
311 453032 285226
312 467017 322510
313 554937 220351
314 359593 951773
315 440816 289458
316 481401 219686
317 385359 1036251
318 526963 252238
319 399380 978805
320 776396 732530
321 757217 799179
322 451633 237474
323 858879 710288
324 776573 750820
325 512676 216948
326 415311 216244
327 804391 668023
328 387921 949232
329 451061 245274
330 427145 283230
331 535366 286950
332 537813 383599
333 360311 963520
334 448424 1032399
335 516178 268608
336 748585 757394
337 869190 662302
338 544190 216307
339 474843 999351
340 841364 712080
341 420324 171670
342 847521 711050
343 448637 948620
344 715500 748209
345 498437 173390
346 418798 979626
347 811180 613572
348 809340 732689
349 424382 945427
350 550668 332712
351 805849 712712
352 476699 359567
353 410372 942724
354 742958 764258
355 473889 364164
356 772919 744460
357 472086 245225
358 766630 688611
359 811487 705061
360 432103 359208
361 550757 281047
362 399106 893536
363 454231 1069678
364 542307 226816
365 548782 228958
366 822003 668569
367 854146 737124
368 495871 379837
369 482181 336107
370 395780 942267
371 495577 237912
372 487602 317879
373 776099 717459
374 435606 925764
375 408943 959805
376 436378 414746
377 472566 312767
378 786049 770784
379 826272 663983
380 471799 337855
381 420890 253056
382 438680 224662
383 487992 379508
384 479626 358371
385 451538 384494
386 459656 232209
387 700813 702643
388 422042 934760
389 456881 245529
390 442600 246485
391 499585 170018
392 855686 760316
393 486175 379362
394 524110 285774
395 528613 192659
396 450672 366012
397 525357 241794
398 468142 997726
399 467882 977989
400 443827 299541
401 798550 713990
402 789436 673473
403 746848 677295
404 768793 738097
405 805086 586414
406 410762 961255
407 466002 986181
408 484486 246960
409 773034 703440
410 537816 242063
411 451806 997724
412 798888 760733
413 450638 247194
414 378698 900132
415 525979 256332
416 696092 669584
417 504246 297913
418 765421 755715
419 469709 948874
420 821977 722017
421 457736 300700
422 550870 236706
423 534644 342117
424 493178 256625
425 559322 326580
426 511215 263787
427 436464 323910
428 573094 352337
429 396976 998444
430 841589 641772
431 346452 950967
432 351305 999455
433 469637 107506
434 796944 684503
435 474832 1005574
436 820871 733006
437 442214 862846
438 485553 964210
439 469730 1067714
440 802888 713804
441 482938 949100
442 421877 1015442
443 813175 690278
444 778832 741316
445 417236 943443
446 583297 231161
447 478678 951124
448 493887 189892
449 790843 690744
450 407397 1037497
451 498017 370883
452 524447 997640
453 336214 924045
454 756390 698062
455 436007 967430
456 487452 214948
457 508551 250344
458 833333 727554
459 827647 751636
