NAME : portcgen-482-6499093
COMMENT : portcgen N=482, seed=6499093
TYPE : TSP
DIMENSION : 482
EDGE_WEIGHT_TYPE : EUC_2D
NODE_COORD_SECTION
1 600342 350917
2 805435 981697
3 853537 360235
4 783067 933982
5 435810 390228
6 766586 947508
7 655917 394809
8 528208 392649
9 809789 751277
10 694659 925234
11 863322 471252
12 780244 1002050
13 801136 711494
14 795007 929882
15 813032 958458
16 543751 425753
17 860540 658393
18 750031 922697
19 812950 380722
20 755837 842650
21 783041 348247
22 790428 987388
23 830241 411040
24 818270 318751
25 738886 994076
26 825031 392622
27 839654 393120
28 547078 395336
29 818833 982913
30 708674 868961
31 881602 381596
32 747158 876524
33 530856 441841
34 475069 371260
35 519615 397400
36 800302 760401
37 859871 768559
38 773060 1010519
39 824571 691128
40 746868 896876
41 517061 395663
42 602181 352519
43 792101 493203
44 750244 766529
45 824749 971561
46 461885 416006
47 789226 383682
48 761030 430764
49 626584 352555
50 810538 899300
51 813191 698460
52 533328 375616
53 867776 389346
54 851735 966669
55 730357 414583
56 704520 466653
57 413567 430078
58 791465 922235
59 801795 479568
60 786515 781741
61 689888 952451
62 859358 413499
63 800974 699716
64 499905 500896
65 805609 437356
66 718057 936658
67 852691 719670
68 834182 360956
69 498452 402311
70 867980 666458
71 413732 458910
72 435158 408922
73 789629 356021
74 908759 405856
75 827369 710591
76 763311 679614
77 517466 444094
78 890733 455186
79 755947 1009654
80 419172 484451
81 778164 464631
82 547169 360368
83 802779 715455
84 722754 1032494
85 447636 426863
86 778580 665729
87 950759 448562
88 523986 456359
89 787440 423600
90 562468 399221
91 545938 374263
92 597796 369825
93 804740 456995
94 847035 723458
95 833679 754000
96 460667 381302
97 494597 403577
98 413053 307139
99 857931 636957
100 687772 927213
101 623225 417525
102 509937 432870
103 806959 982343
104 852006 359029
105 842307 710887
106 513487 392367
107 753035 924343
108 793627 649058
109 819369 917990
110 503074 428683
111 788153 823978
112 463935 356373
113 924202 374428
114 746998 835370
115 548311 461369
116 876886 409769
117 608985 430012
118 804232 483675
119 501871 459924
120 809253 333559
121 471451 442853
122 788217 710223
123 484658 401764
124 546834 483821
125 542937 408116
126 842679 764419
127 676097 676836
128 764721 773169
129 765134 399949
130 494105 370366
131 693776 887654
132 766956 414360
133 834791 752259
134 761356 754241
135 785366 731245
136 821606 754570
137 839322 468761
138 700937 774439
139 838919 400908
140 796310 757756
141 836008 396340
142 600220 374081
143 500895 483593
144 756284 726973
145 767970 705555
146 909704 685936
147 541855 396376
148 820653 682650
149 770639 699046
150 834914 474342
151 821313 419879
152 906134 466312
153 837144 428656
154 796718 408910
155 757817 712702
156 806412 757950
157 793180 713641
158 777136 943166
159 803726 888924
160 582257 444337
161 856441 729176
162 726718 1010595
163 792197 313305
164 830973 438670
165 831606 748981
166 518210 382669
167 538458 354087
168 540366 409164
169 754496 995807
170 518842 402337
171 824216 447211
172 497687 492651
173 791375 878931
174 792339 939449
175 673878 971673
176 517061 441348
177 779356 943482
178 526876 393385
179 693207 931924
180 841186 506431
181 723121 976984
182 747475 883836
183 875971 733388
184 757289 922229
185 804346 790589
186 824947 1038409
187 850455 767147
188 787910 793002
189 817499 394543
190 534765 400699
191 831441 450568
192 815325 432878
193 799925 706052
194 801323 709678
195 947061 951491
196 802301 768761
197 595857 352726
198 838037 989160
199 537778 448235
200 819088 608710
201 853999 708177
202 642471 384979
203 511852 349874
204 563256 420740
205 525811 471432
206 697665 783382
207 748890 934264
208 468243 455624
209 809878 406307
210 779385 769272
211 575882 480338
212 469576 394124
213 506525 502029
214 764105 364282
215 829509 378125
216 783566 399162
217 843585 685698
218 777195 358730
219 741110 705416
220 779983 704196
221 541462 349088
222 786691 380325
223 804562 736044
224 936049 440162
225 842132 501290
226 764718 396148
227 814108 425584
228 817089 504825
229 413122 423059
230 733065 350882
231 809165 741392
232 804143 744785
233 799305 358377
234 595185 462519
235 816186 697910
236 860148 446885
237 809518 369592
238 518438 435184
239 856546 1011014
240 795028 934585
241 576151 409987
242 845685 921965
243 542095 348408
244 535988 416349
245 788095 970532
246 809109 714017
247 780047 696717
248 867903 425668
249 447416 427697
250 809375 940233
251 813814 386766
252 504772 362689
253 785445 770165
254 462544 506667
255 826591 356453
256 754240 870792
257 826222 349130
258 541528 453610
259 507341 385238
260 826283 672252
261 829954 360343
262 865000 927293
263 814281 427270
264 865096 485537
265 554459 346108
266 525907 431661
267 811972 447780
268 567495 369544
269 729060 937528
270 789955 357405
271 821373 758928
272 732525 993563
273 756023 400427
274 793182 295564
275 844026 414152
276 577950 420765
277 529216 429332
278 867527 697791
279 707153 974954
280 831741 315159
281 720350 958251
282 818974 352197
283 735589 901433
284 901898 354363
285 837479 906445
286 536829 402374
287 787099 765095
288 764679 709966
289 840854 437840
290 515012 352602
291 762708 887769
292 792850 756427
293 792818 1006686
294 705408 890680
295 546829 385103
296 746925 902076
297 748250 715416
298 528192 413676
299 800470 912575
300 780936 937372
301 790635 958737
302 849741 742979
303 838023 710837
304 476822 384337
305 825026 452582
306 817196 928861
307 772560 730390
308 812767 730977
309 827040 460449
310 844654 697313
311 781717 385628
312 758976 665414
313 797392 426804
314 462662 480455
315 854260 393793
316 713771 953191
317 797783 365596
318 571275 460357
319 569898 425686
320 835451 923989
321 535318 453900
322 837036 396038
323 514857 448496
324 574010 401423
325 748241 1012491
326 518990 433868
327 905591 374996
328 698144 995850
329 765389 818718
330 792071 465039
331 847111 754067
332 738178 759599
333 853618 477849
334 693659 929192
335 788539 390689
336 803711 704946
337 777848 1061045
338 855280 385118
339 867007 379465
340 804420 962633
341 846004 403345
342 854619 453544
343 729437 805606
344 570824 359324
345 829265 957298
346 769991 867121
347 848095 745208
348 803195 671237
349 717431 618729
350 928356 738115
351 831736 1010247
352 830060 426490
353 720723 962019
354 878167 365104
355 764054 901351
356 738677 991689
357 816483 759610
358 755741 476508
359 868397 316936
360 878253 330407
361 576562 485617
362 815416 669848
363 448360 433693
364 522428 383016
365 764859 359312
366 742895 998060
367 836357 672892
368 789596 855697
369 546758 558837
370 845191 430136
371 814508 917705
372 762941 684815
373 845846 860361
374 827867 931124
375 745160 914762
376 766571 860974
377 813931 899693
378 843320 766055
379 452311 344528
380 776844 713710
381 490237 465295
382 737224 934576
383 743738 752713
384 830969 752485
385 837710 756685
386 768184 367739
387 766620 750086
388 728589 955745
389 812587 733622
390 810279 734155
391 800257 729417
392 715957 899180
393 905573 408864
394 515522 452041
395 809045 688046
396 501516 450112
397 721784 642034
398 553713 448308
399 853066 404212
400 532085 410695
401 477124 321754
402 817062 352722
403 762062 768728
404 744062 959358
405 750912 384866
406 573322 384185
407 815575 701634
408 774497 927801
409 834267 445000
410 536561 349768
411 840048 960075
412 743699 606497
413 868089 446818
414 426735 455342
415 815556 446605
416 771173 378852
417 824957 715102
418 560872 427085
419 778055 992116
420 576925 392620
421 565350 356399
422 798140 846241
423 842294 485211
424 864937 422373
425 455724 402765
426 819460 954430
427 825207 406571
428 839886 369938
429 785475 732561
430 544136 320626
431 824881 736518
432 734295 905196
433 859045 359378
434 764775 968173
435 565935 385735
436 704291 397636
437 781936 808900
438 510151 340385
439 575455 353445
440 515212 431476
441 799101 750348
442 780130 1002141
443 823475 1049818
444 773753 430073
445 901584 400676
446 787844 345108
447 656685 962115
448 529409 468941
449 722860 934034
450 820413 796110
451 824105 777316
452 786064 1046259
453 505632 515103
454 779385 687420
455 501580 339239
456 784720 403172
457 778567 412354
458 828095 701543
459 775231 362596
460 510679 415619
461 767855 694773
462 804899 716899
463 865050 429144
464 798100 702287
465 601348 431167
466 435009 361335
467 853838 403031
468 826659 429480
469 830810 727571
470 581964 396282
471 750164 918650
472 726297 665933
473 901736 485547
474 546732 342062
475 842795 437527
476 525993 374999
477 706597 952164
478 466087 437455
479 521728 508107
480 754446 995927
481 544391 411213
482 679158 935653
