NAME : portcgen-460-1247573
COMMENT : portcgen N=460, seed=1247573
TYPE : TSP
DIMENSION : 460
EDGE_WEIGHT_TYPE : EUC_2D
NODE_COORD_SECTION
1 461264 676605
2 807262 638057
3 328119 825946
4 507368 352885
5 531863 628825
6 466257 467443
7 520130 682216
8 534150 444481
9 464214 377867
10 818357 599905
11 485999 627598
12 418231 401203
13 827839 718636
14 869328 611927
15 334973 699849
16 522563 612182
17 762713 594014
18 546157 689425
19 492543 394000
20 497777 339207
21 187117 890190
22 534868 440436
23 801023 629883
24 506776 737356
25 315588 780149
26 722382 617858
27 421783 403435
28 333238 840486
29 704848 666871
30 799973 627252
31 837183 637205
32 380485 752955
33 531998 654896
34 799322 615637
35 341862 846419
36 280168 858907
37 410045 796803
38 338669 827856
39 484999 450947
40 308032 866038
41 319022 842085
42 626742 512411
43 301804 884196
44 558237 686944
45 868095 695347
46 511525 468060
47 848402 663821
48 861815 640008
49 258651 859736
50 327580 805062
51 572916 719453
52 352009 771998
53 532300 436250
54 371697 852428
55 280642 839809
56 871197 581608
57 516097 357040
58 569330 613190
59 548248 619125
60 796259 697968
61 519638 383498
62 835567 746005
63 327338 790135
64 389853 886886
65 593269 704932
66 752423 679239
67 811382 553973
68 268579 828893
69 360184 826110
70 840267 609804
71 751089 730176
72 486541 435803
73 609195 740041
74 674311 605855
75 309281 861208
76 760959 659122
77 501037 616023
78 302143 874689
79 431238 862696
80 461818 346878
81 312716 869108
82 599636 733551
83 780422 625101
84 437533 379498
85 520588 384445
86 467053 459144
87 726650 682499
88 592745 585228
89 469491 361039
90 755915 675211
91 350651 827677
92 289021 894343
93 499404 683711
94 757114 705339
95 544028 658142
96 456755 431902
97 281051 810729
98 441264 409551
99 784277 599104
100 442789 304311
101 496764 311791
102 421666 705014
103 470573 373506
104 517274 370828
105 514698 669108
106 788575 672086
107 424293 403939
108 407738 376574
109 584890 594740
110 587235 384349
111 435857 371686
112 547123 662465
113 433656 424679
114 316489 837503
115 497046 374485
116 509199 407293
117 322331 719311
118 814794 616580
119 817547 639961
120 783631 700473
121 529783 618056
122 807794 682261
123 554386 600055
124 412393 819207
125 383242 838186
126 819782 657397
127 462703 622044
128 562539 631504
129 270555 874723
130 834322 629236
131 503203 682286
132 226087 819470
133 522215 715533
134 816668 640952
135 541081 452426
136 309854 843618
137 431290 442072
138 465449 396567
139 598158 712229
140 548788 437047
141 326335 843712
142 584165 661344
143 570063 617356
144 522144 634666
145 569150 671930
146 476465 422588
147 469590 329385
148 346149 774953
149 841020 604002
150 342084 880040
151 269509 822943
152 751806 681731
153 624544 588868
154 299602 829475
155 360317 843421
156 513551 363416
157 544473 433454
158 490005 614195
159 343043 834430
160 496003 343090
161 403811 892570
162 341850 951748
163 301380 812351
164 306030 818578
165 453209 391400
166 580050 617170
167 563516 661796
168 746671 694145
169 440301 322607
170 453223 464267
171 858268 688806
172 410743 886977
173 569561 653857
174 468068 334136
175 543598 661246
176 340853 814868
177 446752 379761
178 316634 834067
179 290162 835671
180 428722 721904
181 461506 713156
182 343342 746032
183 808065 582680
184 391014 781986
185 488018 422856
186 781321 695412
187 446474 331214
188 764922 688544
189 758239 704216
190 332877 828274
191 631512 610664
192 552877 584494
193 336420 818378
194 505327 583745
195 832416 668709
196 568922 624983
197 512187 534006
198 544836 647990
199 698525 594692
200 774726 596648
201 575706 362250
202 469957 354139
203 464359 412540
204 627026 677352
205 548715 340374
206 779782 641346
207 882925 703790
208 552002 640173
209 884416 654655
210 575878 406904
211 576882 686767
212 369543 867834
213 481098 416904
214 546305 269432
215 546236 648867
216 428407 395039
217 875522 729783
218 534805 566094
219 580434 584414
220 439156 396037
221 546023 644174
222 804440 600836
223 833206 658869
224 423332 352878
225 928394 616037
226 524987 618624
227 460157 423938
228 866974 572462
229 599110 642580
230 622358 647750
231 776337 705044
232 701501 613395
233 538376 418804
234 433496 378801
235 785103 551241
236 282026 811246
237 551010 461808
238 444677 394921
239 318695 826372
240 577611 413087
241 476779 478753
242 840801 667045
243 529932 572114
244 886732 712713
245 521351 663710
246 318882 857277
247 437752 417621
248 483011 697366
249 302554 858351
250 491710 341666
251 798546 666065
252 417185 763385
253 515682 426779
254 339293 851427
255 281495 864177
256 416442 406445
257 334029 751434
258 270646 828041
259 306606 797863
260 352339 850915
261 487892 682599
262 275080 716583
263 535383 434754
264 541918 786366
265 471868 429225
266 385361 859358
267 578461 435788
268 382570 397133
269 533260 611354
270 402473 765921
271 848238 644949
272 460625 349001
273 452367 370648
274 646224 585257
275 555198 657416
276 796621 719748
277 492212 486624
278 808268 673200
279 388757 847616
280 779806 707145
281 835831 577660
282 656104 615668
283 789077 662143
284 561811 576912
285 818645 656947
286 505332 353311
287 838465 698273
288 825134 688657
289 863058 630659
290 280127 881913
291 810228 724405
292 455057 444941
293 513532 412472
294 596927 686860
295 601036 630060
296 287050 884319
297 882124 647439
298 803356 721278
299 476983 545280
300 467937 451850
301 533613 628379
302 304682 865894
303 465535 732738
304 750711 678326
305 796436 582735
306 530848 409384
307 404802 365809
308 476667 636663
309 494623 452993
310 786710 674792
311 355231 788861
312 565714 718394
313 856420 647393
314 240974 833683
315 466030 424243
316 444397 652478
317 499243 422379
318 849192 607454
319 725789 635192
320 326917 834401
321 838540 593690
322 287912 792129
323 737270 667644
324 802121 571520
325 336991 843087
326 426302 670221
327 442787 385891
328 354998 741215
329 531082 705176
330 358377 870070
331 454749 600065
332 349699 718593
333 322958 871040
334 390116 847320
335 858744 586728
336 511391 355193
337 337672 836547
338 343360 826605
339 769144 614714
340 800807 628554
341 457622 329318
342 566373 551166
343 259611 826228
344 321748 906838
345 833845 633638
346 453729 485670
347 282772 848833
348 583042 637863
349 518900 365946
350 743186 661843
351 353231 848988
352 334516 811811
353 444644 333754
354 562543 402136
355 400516 930533
356 465264 374592
357 600951 551214
358 789950 620917
359 349055 907847
360 487709 450152
361 824660 786073
362 496521 403981
363 879201 691641
364 414260 342041
365 566591 695763
366 849012 677768
367 854570 631220
368 795014 660020
369 461006 440798
370 886552 629424
371 266851 878117
372 506612 783757
373 578649 569675
374 744086 663236
375 467843 348984
376 263877 886836
377 378599 857184
378 321531 863949
379 526717 586733
380 460666 462701
381 799014 737044
382 323857 795338
383 337847 844807
384 816919 638421
385 375060 726669
386 287325 762748
387 530986 678534
388 499898 644011
389 532500 579724
390 559473 406975
391 545835 437839
392 328887 831816
393 700276 736381
394 490549 664007
395 752728 604435
396 800511 661523
397 500569 705055
398 389443 777149
399 350432 813090
400 525496 357078
401 341249 818986
402 347038 829644
403 507066 385318
404 491494 347029
405 560519 627739
406 255371 813557
407 407942 885194
408 430641 840604
409 305452 835304
410 438907 369840
411 798337 692659
412 823216 618948
413 580520 643782
414 543828 330970
415 907909 631270
416 754151 616557
417 463053 346704
418 363498 837638
419 812513 609071
420 268895 807568
421 282425 815131
422 527240 661860
423 472963 633340
424 446423 534929
425 372367 397553
426 546569 629323
427 581068 603550
428 789860 686429
429 464972 368603
430 449422 259528
431 824798 664708
432 355687 795473
433 773648 645774
434 299281 921959
435 349000 803539
436 776190 632226
437 307823 780357
438 375919 946338
439 336017 864791
440 480920 408458
441 588651 662141
442 483178 288992
443 803646 633959
444 526202 658063
445 583289 604765
446 556437 359651
447 364917 335749
448 412732 869632
449 381319 860133
450 519517 687185
451 710971 568357
452 395452 410455
453 561183 556612
454 540691 684527
455 448957 627158
456 304469 804759
457 434404 817349
458 294618 749339
459 925082 632740
460 780760 604016
