NAME : portcgen-416-1658284
COMMENT : portcgen N=416, seed=1658284
TYPE : TSP
DIMENSION : 416
EDGE_WEIGHT_TYPE : EUC_2D
NODE_COORD_SECTION
1 416505 717217
2 143831 447387
3 192533 538404
4 666154 45089
5 140294 557116
6 204805 279138
7 194142 517661
8 186029 596819
9 256965 219914
10 111888 405915
11 635036 129535
12 126487 522947
13 529675 620222
14 773968 193860
15 445938 653690
16 140173 522533
17 225102 235447
18 337467 505553
19 227992 162497
20 183307 516240
21 150717 527287
22 721021 259027
23 174262 539291
24 208099 266836
25 398415 729489
26 544964 703636
27 495088 642268
28 466429 678093
29 480913 758959
30 212920 278850
31 180639 514683
32 397356 773880
33 684452 249845
34 90265 515277
35 204962 476137
36 182187 291148
37 193418 530483
38 768022 226531
39 232619 267503
40 713486 155150
41 164503 227262
42 134856 528352
43 699766 266745
44 799678 355024
45 175597 496376
46 444327 689868
47 437573 654429
48 685688 133556
49 192714 552550
50 474436 783007
51 492201 833853
52 716888 264296
53 242184 402462
54 474742 698663
55 627468 205960
56 72429 527739
57 680675 223943
58 665863 245577
59 300372 580701
60 227083 504231
61 178700 487784
62 274200 562591
63 226089 318209
64 572026 679762
65 417318 692737
66 153627 207618
67 148539 494195
68 169638 538422
69 646758 138036
70 416226 666581
71 343073 722320
72 746390 218886
73 654619 262645
74 429882 709474
75 185890 182317
76 664629 133679
77 263639 236840
78 700853 186851
79 132853 575598
80 217619 507074
81 253315 206621
82 219740 515903
83 705182 203068
84 222269 516739
85 650402 288818
86 548250 678775
87 499723 656797
88 569407 724911
89 193908 513041
90 254665 513405
91 226065 430931
92 265350 301816
93 233182 532208
94 407429 809494
95 766714 157971
96 146721 475729
97 564368 656434
98 686088 211879
99 194415 516863
100 173780 373769
101 149493 486393
102 310963 562343
103 725108 182436
104 432185 733459
105 194704 514823
106 190926 267278
107 123336 496226
108 438742 640591
109 219117 222944
110 167753 516368
111 267952 464681
112 482537 694094
113 190985 195486
114 178353 571242
115 273863 213632
116 689453 137452
117 233425 220450
118 195318 563524
119 473204 663394
120 475391 701859
121 378201 614611
122 167364 207179
123 797438 249722
124 156562 521858
125 739138 177723
126 633073 201847
127 262543 165697
128 522521 718900
129 666683 284405
130 119477 210810
131 245265 272830
132 693387 210136
133 720714 176658
134 732717 112140
135 211437 226630
136 670851 297213
137 416165 700902
138 761068 130863
139 676919 214460
140 671657 275421
141 478807 744431
142 272325 210333
143 152757 605007
144 449129 726427
145 180329 577115
146 229658 210700
147 166711 228175
148 568710 221724
149 484522 627274
150 259971 284648
151 162965 297637
152 740965 176289
153 482709 782278
154 680798 200757
155 192599 481282
156 709175 193963
157 217012 464721
158 718631 140538
159 171074 173433
160 651386 287267
161 485304 724309
162 259321 243552
163 209756 123272
164 661791 174632
165 474069 735861
166 692295 230233
167 65815 431108
168 674238 268667
169 485221 714875
170 170395 452522
171 219106 475337
172 147549 568390
173 703726 182592
174 587437 282550
175 226200 263147
176 673809 225685
177 466345 668523
178 466652 772204
179 265386 566582
180 431137 736728
181 627778 131348
182 643289 275663
183 197491 243079
184 535976 731364
185 461386 603090
186 142034 243633
187 227232 628808
188 487965 656231
189 507594 692695
190 644666 114321
191 174542 244108
192 158249 528404
193 623628 270226
194 451781 682904
195 484274 750489
196 156557 565517
197 648055 266739
198 736701 171092
199 372331 656153
200 191991 243767
201 460116 648649
202 650187 212535
203 238181 224092
204 196183 597371
205 674595 169390
206 405062 787808
207 204081 469532
208 671814 278821
209 139242 497941
210 512281 733335
211 425233 698303
212 293629 543116
213 115333 450239
214 227146 202084
215 120166 471146
216 156748 545402
217 553819 680610
218 92765 538493
219 778894 198975
220 250481 246839
221 145504 552936
222 410827 615716
223 527817 673040
224 226950 263692
225 753847 208398
226 128933 558249
227 763218 278248
228 545403 655326
229 718649 291357
230 224607 565772
231 485428 767966
232 511077 705845
233 664810 311810
234 493205 722446
235 670641 221768
236 205990 496992
237 417608 653471
238 518092 742852
239 232007 243082
240 450349 717723
241 625586 222031
242 214718 273548
243 171282 550884
244 686338 211142
245 445377 702864
246 194242 210942
247 764763 227723
248 726178 272838
249 297936 248520
250 229305 220608
251 693317 261537
252 245480 271854
253 738655 216568
254 120674 260201
255 512380 655888
256 392087 686785
257 415599 788896
258 455565 711821
259 169213 222377
260 176847 308852
261 714261 267399
262 515005 730499
263 181927 506152
264 507361 709137
265 225512 293783
266 207398 244632
267 502344 731554
268 196635 252691
269 204031 481364
270 456637 694397
271 113554 247874
272 704241 308102
273 232377 235130
274 412145 735840
275 451502 707883
276 685149 141044
277 439748 709729
278 171543 299617
279 693270 161385
280 764528 175594
281 657309 214994
282 133077 223932
283 233693 242122
284 163906 172588
285 672867 245579
286 371722 242781
287 243586 138829
288 502939 775114
289 712209 280326
290 210525 198578
291 319582 696880
292 163425 262053
293 466167 767537
294 657299 126092
295 693775 236194
296 209882 277990
297 699408 192209
298 453754 695492
299 276083 170713
300 693862 187067
301 263604 237561
302 237729 529307
303 500541 714114
304 171521 515531
305 716491 223100
306 138498 582327
307 231742 259435
308 745469 205098
309 142578 231095
310 712922 364092
311 227057 513782
312 425612 664165
313 655817 218335
314 738264 223535
315 154323 461788
316 695818 150545
317 495982 578928
318 668344 250420
319 194063 418780
320 476545 695389
321 458517 768572
322 207986 253525
323 277817 422955
324 248966 253480
325 505383 709728
326 632749 251027
327 401732 723318
328 472896 720442
329 468667 675841
330 636766 226732
331 403376 632119
332 197549 526726
333 566139 236307
334 239297 194831
335 455820 734336
336 366765 690270
337 278841 231521
338 652715 163154
339 698023 164564
340 152873 264215
341 204224 220498
342 738994 265524
343 222962 484945
344 189313 556416
345 152048 268368
346 633359 151179
347 378834 680496
348 466968 718191
349 473988 699346
350 656879 186176
351 219070 481449
352 234417 210636
353 495177 712685
354 256774 531790
355 151774 489374
356 112850 143800
357 493657 682883
358 368661 502706
359 239518 249172
360 207694 241638
361 669334 221985
362 428320 712810
363 130431 557059
364 782060 196648
365 187770 520624
366 233373 291050
367 146268 490567
368 404118 584334
369 676984 257889
370 137464 205294
371 338043 236466
372 686442 130565
373 433094 656955
374 599318 248511
375 205042 211100
376 230903 601156
377 433364 721635
378 724464 138961
379 750936 159100
380 288344 585568
381 529866 712981
382 143305 492821
383 630676 240300
384 266234 292654
385 208635 490253
386 175159 439191
387 221809 247217
388 710853 197422
389 442196 762374
390 152304 441568
391 714898 193559
392 611965 169351
393 144176 567791
394 741198 186656
395 298389 259004
396 746626 189805
397 211227 562076
398 500571 690403
399 123303 282612
400 247936 441047
401 424800 798734
402 166233 602780
403 398687 776938
404 472563 693187
405 688644 148495
406 501712 686065
407 173746 217751
408 588908 159721
409 451097 749969
410 184138 254759
411 414027 652198
412 489333 715244
413 704890 147147
414 623208 227945
415 657139 350604
416 227635 279788
