NAME : portcgen-457-4919444
COMMENT : portcgen N=457, seed=4919444
TYPE : TSP
DIMENSION : 457
EDGE_WEIGHT_TYPE : EUC_2D
NODE_COORD_SECTION
1 883677 920116
2 537317 512171
3 861214 334905
4 797360 975541
5 790969 984748
6 898391 391839
7 577674 970149
8 795097 991583
9 951395 414276
10 706133 1072074
11 635907 940411
12 828551 393236
13 514917 479681
14 654723 1071072
15 689588 907845
16 682564 1024331
17 480341 448572
18 468565 450326
19 750334 367090
20 657302 1114484
21 469039 473227
22 803463 977797
23 738560 995772
24 729863 895028
25 803033 326349
26 487339 417954
27 872345 394250
28 879952 877280
29 862255 983716
30 434188 556995
31 706578 969018
32 565400 1000833
33 872202 350991
34 816844 910080
35 879905 328728
36 556290 472583
37 467918 442332
38 651133 1009641
39 874473 1070795
40 963127 994753
41 440303 414275
42 588129 1001376
43 933421 895419
44 433025 436571
45 649886 1010266
46 865511 981428
47 875654 318466
48 818917 380821
49 513721 396008
50 473026 526346
51 641533 1002853
52 675042 962592
53 636154 970663
54 467199 439546
55 732934 895329
56 310553 510524
57 453749 532323
58 528529 378908
59 773559 995660
60 861071 1049734
61 883031 293037
62 852387 354247
63 938114 342627
64 811740 991047
65 870242 1020071
66 1037058 427678
67 840877 902784
68 793716 853983
69 626373 1034424
70 824793 944566
71 800809 374553
72 925222 324291
73 712486 949091
74 859807 950835
75 875185 418379
76 834863 1003373
77 957239 398837
78 845696 967481
79 402344 386642
80 610508 922093
81 578973 1016955
82 789843 1078704
83 845738 948375
84 590792 1072976
85 772091 926871
86 479089 509096
87 857465 1049195
88 672711 1024917
89 823698 1149431
90 492439 402322
91 870830 954644
92 872569 298911
93 587389 489653
94 831440 930518
95 436884 486255
96 939738 343138
97 922951 304163
98 598504 1005543
99 839123 406091
100 845768 302220
101 822351 420775
102 830189 274400
103 446173 511278
104 896577 975253
105 411957 431926
106 745624 362516
107 759453 440161
108 661623 952239
109 601158 1022980
110 828228 422715
111 528053 429640
112 874362 397549
113 555887 432530
114 793065 439548
115 784366 466053
116 832846 441484
117 781577 388006
118 795923 972954
119 445326 503556
120 603137 986819
121 632881 954943
122 595331 938249
123 621426 970814
124 839906 959373
125 432749 470065
126 510133 507412
127 658668 1005257
128 562269 953968
129 887695 378785
130 460868 450383
131 584797 1012032
132 927437 379767
133 546490 454272
134 845572 270100
135 634934 1093234
136 818748 933992
137 896985 368321
138 487610 497507
139 855146 391578
140 639930 932890
141 818394 1050864
142 707878 1083843
143 381844 502857
144 573997 1066324
145 459440 517578
146 524032 437012
147 948455 378979
148 449115 406843
149 605604 494542
150 872889 393910
151 864693 386313
152 912607 344567
153 489247 445335
154 596068 1089378
155 898795 327416
156 810063 444139
157 635789 987414
158 577962 993727
159 805270 986678
160 881228 424100
161 916420 982091
162 815839 1012886
163 802985 985257
164 530012 448354
165 695334 432576
166 852818 398008
167 872953 457920
168 862231 365787
169 935025 909017
170 804502 347086
171 846226 390157
172 832508 1024256
173 636888 950514
174 802676 927514
175 879717 949477
176 692834 1084444
177 689608 887935
178 515909 494894
179 843490 982839
180 439291 426145
181 591596 1034211
182 849155 1011053
183 694624 1041444
184 602534 976860
185 688892 961535
186 864425 909770
187 884299 387714
188 439186 356149
189 860299 465413
190 507992 492318
191 492047 1044750
192 692329 967426
193 384755 487093
194 849136 1029836
195 472590 470108
196 879450 327728
197 585262 1030582
198 711705 1023927
199 855263 1131438
200 496621 487260
201 663596 892552
202 681154 956085
203 838109 1120893
204 439214 470550
205 768867 297925
206 704957 1009400
207 893840 1004091
208 482356 465699
209 405877 495418
210 838826 243077
211 680376 1084172
212 716245 999604
213 440225 443040
214 599862 924050
215 465503 521802
216 833642 1071061
217 878268 406887
218 827738 387599
219 848957 981994
220 482500 527083
221 454735 459837
222 445051 497428
223 694011 1016339
224 861555 943304
225 809558 349687
226 716162 983321
227 467753 508922
228 850122 372522
229 822118 945800
230 462194 477520
231 852934 962959
232 640616 999581
233 855858 1020732
234 536728 492824
235 570152 904960
236 548104 391658
237 585350 956196
238 837176 1075641
239 844278 953173
240 879687 460115
241 446817 462724
242 894720 369649
243 570777 499208
244 626013 1032033
245 537429 444220
246 944274 343202
247 873667 1003236
248 820705 293454
249 846266 378278
250 928428 962861
251 811302 933497
252 828806 984852
253 796670 373178
254 404081 469774
255 899317 335999
256 629578 994797
257 589551 973863
258 857266 311992
259 457439 427355
260 752332 945657
261 877822 378865
262 846658 1008134
263 345804 530166
264 637458 1013666
265 621021 964485
266 956718 989141
267 558557 525424
268 810466 923079
269 444085 399577
270 876477 438285
271 600696 978953
272 852129 352601
273 649755 1001863
274 828702 1015955
275 546168 417012
276 598118 1017333
277 862914 1008024
278 651474 1037635
279 635381 1047416
280 756185 989861
281 641408 1042600
282 591651 969185
283 646880 996699
284 632928 1026790
285 630523 480135
286 456922 489654
287 877751 427962
288 941499 980242
289 473235 406923
290 870361 1048325
291 770902 1025822
292 470367 456983
293 532707 504203
294 450077 421552
295 665901 1055547
296 825957 384944
297 593901 934723
298 708492 983803
299 445070 443388
300 844075 940600
301 568586 956473
302 799513 934361
303 645104 1014864
304 871179 302545
305 573383 490030
306 852187 969966
307 468793 449702
308 460299 453357
309 645742 983551
310 507901 441722
311 668345 1076633
312 494494 424709
313 479356 552445
314 615573 919691
315 523104 408824
316 869079 388417
317 894085 979016
318 536284 510746
319 827890 379393
320 595810 949778
321 628591 1003234
322 885452 346141
323 643561 894503
324 872873 368106
325 641417 936119
326 803178 407600
327 622375 1013676
328 571293 455236
329 591652 957818
330 849836 401525
331 659144 979632
332 858316 417951
333 612910 1001137
334 643187 969498
335 833866 1015997
336 845738 343165
337 778387 922303
338 617084 1019721
339 878193 426964
340 521560 450986
341 817091 351554
342 672495 1049210
343 403578 491220
344 653611 1048664
345 850314 411702
346 427434 421521
347 472712 441485
348 525648 444171
349 618538 994559
350 466318 480397
351 524823 462398
352 361483 520197
353 647976 980909
354 480918 492483
355 471939 535656
356 843842 893588
357 511257 411233
358 879473 403498
359 670487 1078705
360 895263 328185
361 387991 448085
362 500687 518145
363 817061 1000126
364 515606 430385
365 891762 349753
366 877957 952917
367 424308 450002
368 865676 979475
369 869335 1048700
370 834447 371754
371 506203 566780
372 839044 957294
373 879321 347596
374 865060 946377
375 652065 996712
376 866362 984102
377 463658 451362
378 438632 487884
379 675987 949006
380 866142 367984
381 661775 952705
382 799022 394006
383 640687 934582
384 550470 443669
385 518560 501901
386 871586 966456
387 500596 472221
388 413624 397980
389 694102 1047198
390 540138 548804
391 658282 998746
392 870992 389426
393 870095 969776
394 817219 1022855
395 634114 1023252
396 653704 968950
397 497712 433841
398 875485 306884
399 592610 1063963
400 834041 1031894
401 656430 917712
402 936309 376497
403 523822 1048482
404 470676 495949
405 638496 1038060
406 810483 927918
407 976368 396550
408 458514 392784
409 852984 1003576
410 923385 993401
411 481349 418043
412 712938 1065120
413 855375 403458
414 468722 501638
415 801979 1056504
416 824399 412888
417 461863 504557
418 751236 1028227
419 851824 1019559
420 595841 935747
421 657519 966402
422 874718 320294
423 450185 414465
424 827544 438162
425 812767 370219
426 799353 324789
427 820338 392654
428 807516 1054972
429 884827 348800
430 861426 381376
431 878899 371080
432 466764 494032
433 390448 390958
434 792144 1018273
435 737112 973591
436 849950 328727
437 389345 439668
438 846261 339547
439 923014 393282
440 457252 457881
441 860375 969657
442 888088 395785
443 657787 1033310
444 948504 385059
445 702869 961985
446 825622 299254
447 580661 970116
448 875257 338390
449 531079 495997
450 648189 995100
451 867060 362541
452 944070 388458
453 710598 977994
454 802918 392428
455 825234 1026561
456 647652 935318
457 401162 459169
