NAME : portcgen-570-3508731
COMMENT : portcgen N=570, seed=3508731
TYPE : TSP
DIMENSION : 570
EDGE_WEIGHT_TYPE : EUC_2D
NODE_COORD_SECTION
1 825212 432926
2 225626 1016148
3 183057 149581
4 179946 899638
5 206781 92012
6 729937 161674
7 233507 889615
8 99914 196948
9 673691 139250
10 138042 966119
11 163748 1021782
12 740310 175360
13 953469 422563
14 225330 148090
15 182598 142514
16 224307 962267
17 123673 211599
18 235385 1007264
19 169567 105758
20 219335 211704
21 33191 227434
22 662171 149551
23 669264 211599
24 880776 454173
25 898255 378311
26 216393 206417
27 710818 174312
28 185535 977097
29 727764 188407
30 835582 415062
31 763993 186264
32 219524 185768
33 235994 193135
34 198181 187220
35 879035 414546
36 141821 255926
37 248022 882320
38 78022 223951
39 273816 153911
40 793845 420582
41 774020 219837
42 694248 264592
43 188074 971934
44 157764 57401
45 57077 168849
46 128410 201323
47 70075 289079
48 154828 88108
49 891570 429796
50 742943 111070
51 212289 938383
52 280974 175423
53 276937 183993
54 204577 126736
55 49137 252956
56 30485 303467
57 772055 167047
58 106608 272933
59 196283 153501
60 191350 69078
61 8867 218747
62 243079 947940
63 31917 227602
64 -38450 233749
65 244444 169996
66 166115 216628
67 936334 456369
68 192151 101594
69 808727 405477
70 739637 150747
71 217960 962640
72 262197 1028945
73 902408 436864
74 206530 44702
75 842822 450281
76 853393 425211
77 920112 416865
78 723340 170167
79 245595 69027
80 224379 988046
81 57119 325530
82 284693 241489
83 205078 215142
84 214092 254590
85 754223 251512
86 684829 156155
87 739392 136234
88 149843 87148
89 94086 222279
90 -41449 300228
91 54084 237780
92 734567 255604
93 854081 443948
94 857448 445620
95 223929 942626
96 236342 958187
97 257065 917380
98 8495 238598
99 862030 490072
100 841947 444586
101 207465 967430
102 202104 996283
103 715996 154345
104 260851 1015243
105 234446 110825
106 225622 958551
107 736684 173803
108 47002 232033
109 82259 291053
110 56060 241829
111 238495 127387
112 756422 190929
113 153295 154528
114 262934 1023362
115 223041 138991
116 266476 205365
117 686949 200194
118 185613 1010568
119 754903 260753
120 -17917 324066
121 858107 401013
122 200231 136796
123 826534 389197
124 25321 229036
125 184017 902704
126 756141 185521
127 877600 499393
128 70355 302579
129 131071 140938
130 238133 141447
131 654594 204455
132 126195 262359
133 63116 284538
134 193370 940710
135 911465 446463
136 54301 254172
137 80784 155148
138 248876 151164
139 778339 95535
140 32975 186864
141 712503 187797
142 683800 246344
143 173695 959680
144 844244 375339
145 738653 136983
146 856989 484591
147 733452 207366
148 179537 175751
149 184774 975159
150 218346 926998
151 49194 213063
152 723750 171381
153 184800 91407
154 35864 265670
155 747844 184957
156 242548 908759
157 8959 311471
158 689012 228252
159 707895 190017
160 314292 146478
161 146861 237043
162 843651 494803
163 903675 480241
164 192960 949735
165 301591 985702
166 688759 180030
167 842641 460814
168 910476 456667
169 143076 1049397
170 743881 233241
171 878740 438703
172 306207 216988
173 3178 276438
174 761122 219532
175 825993 419684
176 878281 418617
177 757980 214184
178 290764 118122
179 23323 238281
180 218994 119164
181 682296 185673
182 73991 301647
183 750159 186291
184 845855 451474
185 231113 102929
186 238866 214636
187 227018 79009
188 743734 209173
189 895840 439966
190 306665 1025386
191 126455 899114
192 107172 134638
193 846331 437461
194 206718 79414
195 879452 426628
196 831877 426229
197 208658 896245
198 760917 222596
199 198788 955501
200 869216 414601
201 76037 239015
202 925081 474160
203 784254 169935
204 760872 164025
205 194522 945394
206 832774 263111
207 891570 418411
208 173122 204334
209 820676 221617
210 279300 127650
211 735191 168883
212 262014 106846
213 766746 194600
214 748768 239807
215 767944 186441
216 703695 195162
217 873462 405774
218 870322 424452
219 888764 355683
220 181908 234960
221 224090 981216
222 749068 115851
223 242847 109811
224 885421 471644
225 203263 943432
226 235994 947553
227 227776 1052998
228 698618 250597
229 41755 276073
230 823071 431662
231 230780 142876
232 273574 141052
233 255706 182590
234 720995 165924
235 210015 930401
236 -6412 298157
237 203703 140907
238 224007 111150
239 703068 123651
240 61760 239033
241 244683 226167
242 865805 422114
243 42695 328204
244 232989 121745
245 305823 960850
246 858920 478667
247 672109 163781
248 938173 366264
249 214166 138221
250 839421 368009
251 668081 151946
252 732546 122684
253 808651 228285
254 227901 72711
255 83690 297275
256 288926 211093
257 210022 179013
258 86025 290544
259 110753 236177
260 241444 952791
261 691536 188850
262 760480 215373
263 883241 446040
264 857698 444258
265 14852 223420
266 256960 182428
267 291099 184757
268 227801 147362
269 740629 250640
270 854483 373246
271 89431 286838
272 27188 252353
273 908894 502846
274 256927 150203
275 183607 166145
276 197715 948065
277 246041 936234
278 237998 156942
279 150264 1010680
280 730827 127962
281 164247 940372
282 234272 107684
283 786555 143182
284 212500 971388
285 835712 440759
286 175708 156815
287 174212 157057
288 -32937 267159
289 203668 177321
290 241549 130715
291 243243 120770
292 72375 276077
293 109734 329373
294 796409 420248
295 200090 172428
296 231830 989655
297 896405 421803
298 243085 941002
299 771533 286152
300 844592 477334
301 126472 251030
302 818326 456366
303 941530 394556
304 134871 138833
305 188964 174608
306 2523 306657
307 734132 168917
308 41410 257386
309 217783 145884
310 853500 423696
311 77678 202645
312 255360 192893
313 897120 503366
314 159116 1041694
315 723326 222690
316 17646 223577
317 167647 143111
318 207485 188976
319 820198 447097
320 304248 119220
321 870021 395840
322 219195 983100
323 788481 180557
324 55392 215034
325 234653 137634
326 202502 86126
327 86496 260340
328 241349 958977
329 206453 177050
330 63903 227822
331 26489 256897
332 247305 921768
333 276647 218731
334 856952 526340
335 178197 26487
336 870708 383576
337 742945 275866
338 182245 1038687
339 710794 148618
340 171855 1034477
341 113526 286506
342 728739 163590
343 744785 177817
344 775677 284337
345 58559 236853
346 -37906 245921
347 -11886 302194
348 870638 393003
349 736221 195537
350 252236 139530
351 188026 984077
352 850957 425813
353 181211 156876
354 103234 281661
355 734673 174755
356 187432 996555
357 874563 481846
358 228785 932690
359 181338 918551
360 251883 135382
361 112934 102904
362 121796 166260
363 866263 481394
364 207142 932919
365 271097 82829
366 960116 440828
367 227387 226826
368 148709 949401
369 243908 184783
370 87552 188294
371 852129 463553
372 732921 272598
373 715690 216677
374 224521 1074531
375 233755 156144
376 41680 202514
377 720748 249271
378 249586 103867
379 147265 309122
380 72060 260127
381 101398 279303
382 826813 455628
383 848369 406086
384 754599 205493
385 739820 162037
386 916612 474739
387 54197 278712
388 236092 954820
389 45668 244269
390 45759 256432
391 226488 94176
392 273225 67406
393 73007 265102
394 815212 454259
395 730268 212348
396 304188 109878
397 286171 970416
398 215988 940521
399 152544 270283
400 89612 295496
401 847039 453372
402 108819 219338
403 151518 122228
404 881446 369134
405 249975 946305
406 753861 205682
407 223647 131033
408 864303 449944
409 139035 982086
410 205672 122436
411 222248 132309
412 38942 279282
413 222227 1003416
414 60943 180082
415 829301 406653
416 166877 109797
417 214531 908418
418 217810 128519
419 751271 182216
420 711136 141517
421 147343 216315
422 13477 273670
423 721615 167255
424 72852 1030451
425 185848 947147
426 858281 477079
427 18737 228744
428 850127 431817
429 764992 191170
430 210385 84787
431 235184 989275
432 41552 256856
433 252342 155937
434 811242 407730
435 676213 212845
436 830904 419492
437 774118 289341
438 221740 142434
439 175339 118438
440 267808 1033419
441 95729 330163
442 208383 174716
443 15429 274125
444 740438 255651
445 216312 990645
446 255727 170219
447 167896 145059
448 205487 186866
449 723334 151890
450 168550 162843
451 222402 231450
452 41631 288603
453 193924 918066
454 219293 930426
455 210362 169074
456 243896 199317
457 199735 982693
458 236762 982140
459 892997 457035
460 106742 233836
461 242617 158401
462 187685 954375
463 697035 97681
464 293051 110004
465 816200 231564
466 279673 137440
467 841092 396702
468 763948 187415
469 102180 122470
470 283452 105832
471 220640 87863
472 634242 182746
473 191015 128789
474 13288 251279
475 648023 201414
476 221774 967754
477 864807 470766
478 110295 297778
479 230238 191539
480 207007 111758
481 98982 253351
482 893143 431107
483 761251 453047
484 769901 473148
485 190469 148061
486 713498 196426
487 853739 377448
488 276883 934728
489 221696 914416
490 174386 986892
491 221143 984407
492 92396 273631
493 79918 157338
494 823756 457704
495 914740 447552
496 822645 457463
497 237180 1027287
498 874172 452375
499 232013 902864
500 846359 455390
501 225626 962718
502 188104 938818
503 226349 119252
504 241482 111544
505 8981 250379
506 212557 902458
507 806420 429434
508 226957 943338
509 777074 103298
510 679369 209090
511 854016 406411
512 749932 232514
513 44343 236807
514 47265 234260
515 758254 212860
516 207070 922965
517 17623 213414
518 35129 265750
519 157348 929664
520 223752 943472
521 721086 169383
522 272600 145353
523 788145 161800
524 926731 502845
525 226151 156209
526 286117 115547
527 199340 1062379
528 274875 109396
529 281300 173679
530 279055 128412
531 232554 78625
532 66636 284890
533 76989 216766
534 868432 426608
535 823423 442619
536 204335 243892
537 739781 118065
538 855830 506048
539 249947 1034136
540 13790 262089
541 177603 39608
542 102410 265286
543 71223 180014
544 273211 963597
545 119695 220785
546 257807 887302
547 761919 189823
548 98785 168529
549 889706 532631
550 244112 987054
551 902800 456796
552 880914 471438
553 870517 451725
554 269974 1029222
555 141268 976564
556 17471 221272
557 261306 118555
558 202402 906743
559 197243 987889
560 98654 196215
561 139066 1010754
562 704613 195899
563 234925 152455
564 35641 228047
565 63451 220535
566 -9294 197965
567 891009 392775
568 243276 983827
569 836587 131957
570 60276 177098
