NAME : portcgen-533-9130965
COMMENT : portcgen N=533, seed=9130965
TYPE : TSP
DIMENSION : 533
EDGE_WEIGHT_TYPE : EUC_2D
NODE_COORD_SECTION
1 816942 810112
2 746604 548282
3 133754 559964
4 46479 668661
5 130864 669103
6 134721 628309
7 740859 615673
8 786575 914644
9 767916 587661
10 97423 613303
11 794707 590895
12 956496 1009398
13 722789 815679
14 978701 915159
15 50809 599243
16 763873 553366
17 869629 653811
18 741757 655145
19 726167 592633
20 975340 905964
21 783118 652097
22 762267 631615
23 78599 637881
24 161228 628318
25 760210 785547
26 712469 583193
27 152539 601470
28 139468 653544
29 643892 770581
30 124742 578865
31 622956 805038
32 738344 571306
33 173218 620104
34 662261 867299
35 784307 826065
36 691081 524844
37 103122 524305
38 149003 526518
39 994251 939284
40 138596 554484
41 634523 887610
42 823293 769776
43 764957 867827
44 153816 574957
45 678347 885322
46 778554 705725
47 117158 606440
48 167139 561503
49 698716 884316
50 741238 622902
51 710390 737583
52 740695 773925
53 722890 603748
54 984235 918309
55 670868 816169
56 643991 924120
57 751461 783549
58 985303 952880
59 797787 777664
60 901869 871810
61 931282 896240
62 758048 586595
63 790498 579333
64 886943 1000191
65 142950 602111
66 791213 770415
67 138883 589667
68 751365 741974
69 681095 827631
70 158506 558499
71 728061 891116
72 751971 736352
73 943604 894597
74 208474 618114
75 744000 698597
76 725201 765567
77 657282 793169
78 753431 557900
79 726356 731452
80 124802 511901
81 760517 569539
82 780986 760289
83 951475 988751
84 969042 919277
85 168917 579324
86 709466 837681
87 709265 912508
88 166306 539468
89 691893 840039
90 676987 809520
91 702760 724433
92 966071 953326
93 913931 921354
94 784190 553755
95 773971 761959
96 219751 669634
97 708293 756046
98 920450 1001783
99 727574 877824
100 656363 908573
101 745547 806084
102 756708 597673
103 981960 950045
104 785361 574593
105 662979 954992
106 665762 754147
107 818294 748210
108 962014 908093
109 917288 972777
110 726732 924819
111 747465 844199
112 964766 907283
113 115456 584074
114 697238 804206
115 190103 615270
116 765966 574061
117 695003 858454
118 668015 639158
119 733855 741228
120 824289 572132
121 707103 906225
122 114989 635231
123 677898 861423
124 797359 856747
125 150377 634608
126 775172 565028
127 807756 961100
128 888552 955450
129 758081 540670
130 691880 682070
131 732226 817738
132 789413 764894
133 1007536 1000577
134 876233 677187
135 724146 756838
136 754742 809260
137 957899 889057
138 726602 790524
139 922444 881794
140 718423 564856
141 650917 838827
142 54148 551160
143 958051 928462
144 678343 858365
145 701923 921285
146 946916 1028665
147 661645 853767
148 653032 847264
149 700113 870523
150 763827 729826
151 715111 578376
152 97373 577146
153 713631 574506
154 721336 618686
155 1015082 1000642
156 1065025 1024419
157 145169 626613
158 705305 858765
159 810875 723373
160 755835 783809
161 1018328 919781
162 186032 518893
163 802450 814659
164 712965 877155
165 774653 782322
166 731855 1015476
167 946645 975721
168 751133 720153
169 163688 563772
170 220078 482475
171 986537 1005516
172 901092 900510
173 811677 532467
174 187843 619856
175 745646 639172
176 648313 879418
177 179320 630679
178 722205 906359
179 667428 857762
180 745755 866621
181 967107 938003
182 76778 611588
183 745580 856049
184 677942 643056
185 765616 917431
186 167299 608779
187 152298 532713
188 731266 621310
189 963127 874322
190 675055 858105
191 933902 921523
192 710198 596611
193 941865 891406
194 811786 605548
195 131111 608032
196 99064 654424
197 692146 579670
198 937572 978387
199 138570 604627
200 120338 651391
201 715272 834671
202 717642 846884
203 255425 626461
204 138249 583555
205 699560 888635
206 825611 756872
207 707414 631899
208 651664 818849
209 802393 722145
210 730688 864865
211 706254 899070
212 987174 981069
213 879263 938039
214 184426 589907
215 781015 875242
216 791567 771767
217 732077 738592
218 613566 948369
219 1011567 946525
220 779972 814693
221 802915 943710
222 741948 603761
223 857518 924820
224 209578 561413
225 786548 643866
226 170852 583591
227 720892 857968
228 671505 782311
229 800682 563858
230 149045 666291
231 155133 649795
232 136126 635592
233 774083 532898
234 741643 818564
235 691567 739573
236 158048 663176
237 749462 895545
238 687524 528133
239 143889 614432
240 639267 908528
241 152342 615622
242 1005899 976606
243 676914 880343
244 757522 815541
245 101607 593730
246 84463 673413
247 995222 980186
248 681279 756325
249 151649 647994
250 765897 619259
251 143278 609691
252 161969 641803
253 740313 779397
254 747102 549812
255 990779 1005188
256 130476 599775
257 130370 541202
258 808004 728600
259 1036915 860448
260 981841 940284
261 161934 567039
262 137667 660334
263 805840 595591
264 149651 592383
265 190432 627628
266 719032 680847
267 113154 598494
268 699999 722431
269 802331 841709
270 710690 815667
271 178051 558019
272 713118 864507
273 786373 620471
274 766713 651926
275 100045 589827
276 732807 869959
277 769022 844303
278 595979 894609
279 906620 1006661
280 125289 596076
281 785025 776998
282 142749 616712
283 737729 606015
284 152617 605228
285 135350 626420
286 163364 615793
287 908961 959738
288 171453 597732
289 817966 588084
290 791717 737244
291 751570 887913
292 158500 611434
293 752547 814813
294 750254 856759
295 1024525 899373
296 766238 830309
297 118803 532548
298 713031 760650
299 678996 710368
300 769384 585064
301 175664 620346
302 185070 573899
303 882231 703870
304 187513 615367
305 892731 934815
306 169074 521431
307 772731 562096
308 937428 929027
309 751409 954378
310 136830 622133
311 777882 756509
312 968738 947366
313 999582 883172
314 739607 898375
315 81510 610401
316 979600 934058
317 779598 767923
318 1014328 885654
319 786798 729789
320 169366 656216
321 103687 606936
322 763717 787819
323 653745 611659
324 171086 618932
325 871881 902295
326 761802 579081
327 856287 980776
328 711928 511139
329 737222 766800
330 903845 989910
331 751146 913354
332 811169 737461
333 884504 935876
334 180738 519155
335 147929 620595
336 223946 604722
337 988653 916145
338 732168 762294
339 711902 751350
340 125505 640143
341 920255 932555
342 874804 935010
343 991061 912772
344 168740 617335
345 127680 601426
346 779363 869247
347 765455 839890
348 925616 987066
349 753278 761070
350 738386 896279
351 797502 592306
352 715432 834411
353 123265 567810
354 933857 935532
355 771441 885703
356 143971 669664
357 796016 632991
358 776305 822863
359 834737 642095
360 778092 740864
361 824272 790288
362 856551 924780
363 990728 993771
364 928296 930566
365 207031 610330
366 909985 963268
367 891330 1003570
368 820671 604939
369 755861 734565
370 684957 847446
371 660356 901396
372 117214 523310
373 766882 743997
374 712400 872335
375 710122 896412
376 675943 859583
377 986694 949189
378 727636 618914
379 752838 575829
380 750151 853332
381 724656 925529
382 812162 852862
383 680072 786053
384 721042 767506
385 167990 523074
386 789961 851328
387 925495 933436
388 705954 843890
389 203186 605702
390 737424 777749
391 764925 608849
392 684534 819068
393 153046 578587
394 672778 646896
395 729036 522674
396 740481 895448
397 682094 836435
398 904648 944976
399 773863 870446
400 709238 845219
401 815546 709854
402 697311 846872
403 211190 615558
404 786896 731874
405 898942 872734
406 770421 564036
407 801762 578961
408 721147 859535
409 973915 944343
410 726107 503515
411 104309 605073
412 753620 718367
413 654227 781785
414 946037 916352
415 748462 576084
416 761446 743986
417 207321 598241
418 950143 883569
419 784501 782695
420 660356 699351
421 190048 627448
422 806047 585426
423 704631 871848
424 751465 855470
425 1042691 932251
426 663564 581299
427 750836 759076
428 794893 602591
429 603371 922267
430 721130 894591
431 681861 784850
432 845919 756361
433 643585 867003
434 151115 569863
435 706645 888132
436 671154 767561
437 734427 580120
438 683548 893813
439 647335 828859
440 749823 851914
441 600900 860587
442 137407 649663
443 204641 533891
444 839631 941925
445 175160 670449
446 207781 660259
447 953475 871047
448 1031867 953942
449 660612 904457
450 793968 694947
451 661145 935809
452 131822 603019
453 174757 643680
454 920961 1000307
455 241761 624810
456 166457 650920
457 750038 848023
458 649508 648304
459 115421 628065
460 1001222 947362
461 815820 796061
462 667408 774695
463 139291 594842
464 669211 814763
465 70402 518523
466 142773 671546
467 666939 769389
468 756924 570361
469 988209 946953
470 944534 897922
471 718822 635429
472 927806 992199
473 757083 726245
474 788506 782202
475 774579 561600
476 777424 571447
477 997193 958882
478 749959 896377
479 143863 574486
480 813178 617228
481 745382 818967
482 187696 611842
483 766473 561378
484 717756 754056
485 675127 820409
486 783748 689889
487 129089 560096
488 714700 741830
489 666814 941591
490 900176 922591
491 666396 821096
492 1022807 863689
493 990639 985440
494 177131 658167
495 921967 983864
496 716616 863007
497 178178 629481
498 670982 893057
499 700414 539750
500 730430 794916
501 194633 570316
502 634388 581440
503 630675 889100
504 739531 601223
505 693874 821819
506 750569 762924
507 1021530 898604
508 132574 581012
509 767633 741075
510 664366 921709
511 787360 553191
512 973958 964392
513 749303 954398
514 816883 745043
515 183348 592285
516 178127 648226
517 707891 631907
518 644368 888271
519 104650 564709
520 754575 934838
521 216295 647519
522 764013 586564
523 786381 578891
524 734271 968438
525 667673 839709
526 638911 708852
527 766345 589163
528 749129 785743
529 701270 707332
530 165658 602177
531 179175 542691
532 636113 711914
533 1021401 910642
