NAME : portcgen-430-979701
COMMENT : portcgen N=430, seed=979701
TYPE : TSP
DIMENSION : 430
EDGE_WEIGHT_TYPE : EUC_2D
NODE_COORD_SECTION
1 298978 271709
2 -19141 45834
3 221061 200183
4 252927 300026
5 137768 73343
6 69525 69750
7 588198 281393
8 319552 251979
9 470924 335555
10 74719 -42548
11 302477 378432
12 547510 253354
13 562614 308558
14 37065 -12685
15 287575 152753
16 487762 312563
17 225293 306242
18 270078 218330
19 558514 294257
20 4278 -8284
21 547228 248375
22 240961 322747
23 458783 234984
24 21058 -4688
25 205559 266315
26 584706 289482
27 -281 -46368
28 550841 239293
29 38224 44447
30 -21042 -7903
31 338461 291808
32 288803 168074
33 128330 22612
34 182439 83783
35 258897 235514
36 295568 240676
37 466124 266164
38 241133 268884
39 276085 326534
40 296538 180025
41 13678 79592
42 299213 147130
43 493315 251860
44 187240 268745
45 21507 29728
46 339314 270910
47 313914 208603
48 461157 272555
49 75244 19150
50 342462 225514
51 264465 186671
52 64767 19639
53 518792 290946
54 475714 293742
55 29155 50426
56 58172 -57773
57 21134 41714
58 222943 208302
59 403788 203565
60 159201 276429
61 194746 389863
62 55156 -23260
63 567406 240033
64 465878 275448
65 254433 205207
66 272702 240053
67 236608 238050
68 -20724 2311
69 264788 375537
70 65454 57539
71 579514 367162
72 541649 300291
73 -48577 55335
74 277835 223384
75 78160 -56183
76 245453 319966
77 276786 210114
78 258958 271829
79 256748 306889
80 305558 283773
81 374048 264428
82 535822 338999
83 -37666 -14424
84 564075 236297
85 215429 272847
86 258616 194835
87 369042 239361
88 247808 306402
89 -3953 55931
90 163395 -48508
91 334026 251219
92 294573 196535
93 306409 133963
94 250774 232579
95 495481 249706
96 42667 24701
97 47381 14427
98 45126 6254
99 252183 305649
100 329218 210524
101 246732 237206
102 231087 236118
103 522381 274842
104 243490 272509
105 63846 -2569
106 279853 268707
107 339976 277292
108 380724 341541
109 289388 275018
110 460597 298274
111 229194 203065
112 492242 238192
113 36840 29473
114 17177 34895
115 179278 264394
116 53301 -13512
117 233456 237069
118 507992 228712
119 249016 243113
120 253940 283817
121 298586 262839
122 328859 261608
123 490590 230786
124 474318 209111
125 120908 14021
126 293558 229135
127 303749 180175
128 199198 256106
129 292181 180561
130 281258 320760
131 559823 290299
132 527714 234195
133 595605 307426
134 63455 48286
135 -6485 12931
136 64620 35780
137 3010 25392
138 115838 12832
139 322059 194527
140 107500 43133
141 17789 2345
142 473311 326165
143 -41725 -2984
144 514919 277851
145 494345 299372
146 539611 347304
147 300596 183749
148 25395 14136
149 37571 22364
150 -9455 41931
151 365736 313345
152 -12512 88489
153 311124 155855
154 285176 237936
155 381873 186732
156 70577 -23116
157 267626 314862
158 71959 47476
159 227657 302790
160 222373 187262
161 17166 57501
162 573053 295776
163 250753 251259
164 220019 164590
165 189323 291978
166 563991 381514
167 455433 322361
168 512004 276366
169 -20644 -57581
170 3886 20363
171 496043 278447
172 168476 262040
173 229662 252773
174 269046 329119
175 38241 30827
176 342446 244502
177 105944 -39966
178 421881 280241
179 295901 200724
180 504758 359233
181 187174 313442
182 255477 246527
183 226373 270592
184 318203 341964
185 241685 250749
186 389217 168081
187 537308 299300
188 238917 254839
189 500442 319271
190 314908 166105
191 226216 274737
192 376686 276877
193 148662 -44089
194 213542 264118
195 239802 243964
196 287208 154531
197 73209 47676
198 232359 231683
199 460127 266506
200 339951 172455
201 590868 276168
202 393940 256608
203 346536 237429
204 287677 274424
205 26224 16031
206 488356 274449
207 -25898 -1014
208 -4489 15494
209 -36494 -13314
210 570643 325941
211 437173 290889
212 76764 -84030
213 581555 372776
214 267920 297871
215 36525 62638
216 262949 192848
217 -1098 -6941
218 214009 219884
219 263351 348761
220 167688 199599
221 526510 316557
222 505100 280773
223 287443 181190
224 481198 288632
225 305857 222630
226 562519 190877
227 97409 28279
228 426866 343360
229 154839 359245
230 273567 253568
231 495089 293216
232 522786 330035
233 513285 337745
234 44318 64550
235 94062 90735
236 485516 266101
237 63956 21295
238 259576 241387
239 318236 153923
240 456123 317406
241 232196 205671
242 299514 162421
243 366419 179984
244 223495 254109
245 263080 200922
246 524502 297882
247 385830 141665
248 497524 281605
249 56304 -308
250 -11217 -43684
251 535667 245561
252 514772 292604
253 58481 9278
254 312477 178237
255 240739 263337
256 414657 297464
257 313689 240085
258 103680 56402
259 326566 150220
260 224403 191070
261 225978 255910
262 500842 249917
263 42263 92341
264 238552 216344
265 248205 267120
266 505814 348699
267 106449 67586
268 513394 330826
269 251904 198445
270 64955 16503
271 89890 60476
272 519788 382031
273 347512 328863
274 339935 192834
275 337862 221239
276 520399 210461
277 176558 248394
278 115854 -105609
279 28605 3865
280 347942 249884
281 -1592 42682
282 460167 287213
283 495910 165653
284 115542 -34949
285 250804 229612
286 304264 221222
287 293745 337471
288 638323 324336
289 21918 38464
290 296103 234752
291 252873 191504
292 300730 302694
293 495719 304278
294 284915 219003
295 387096 302177
296 287338 216609
297 266460 257441
298 57042 -25778
299 245014 219017
300 402833 293184
301 239837 279350
302 285501 217170
303 46070 -13053
304 254005 239185
305 548856 222115
306 322833 220671
307 19776 -15105
308 243272 298355
309 86410 23001
310 500178 308276
311 47136 72639
312 -15686 -54027
313 38514 57070
314 227883 172415
315 303465 165652
316 -48822 -25181
317 400730 221503
318 296671 204257
319 506377 255002
320 295582 235725
321 298192 291024
322 227608 298229
323 69928 73659
324 449833 344944
325 290689 219987
326 17012 -23402
327 53624 -36098
328 440433 309489
329 39474 -42654
330 271289 211488
331 449440 299874
332 -12807 36193
333 507478 227796
334 54507 -18572
335 217942 237805
336 554051 249351
337 334373 148766
338 36774 93199
339 47374 -45227
340 8628 -49556
341 539757 279580
342 454470 310965
343 296584 165092
344 540117 270131
345 321498 134408
346 503916 321652
347 310480 228302
348 41260 24738
349 274741 285243
350 469990 313958
351 239251 188584
352 394155 332889
353 392055 223030
354 380452 160673
355 218137 255279
356 -14051 -13669
357 10983 -77750
358 43388 15042
359 490008 323835
360 258779 337233
361 293997 263576
362 565944 280984
363 351012 235873
364 334570 177148
365 323132 231841
366 536920 232118
367 257980 279224
368 357731 155333
369 261757 338830
370 278754 238862
371 494351 252275
372 445158 242103
373 349850 172218
374 128033 39527
375 211157 222536
376 421417 260015
377 153162 269019
378 299133 292561
379 265250 223977
380 288913 332457
381 52065 54236
382 260175 187812
383 25337 43946
384 6141 13580
385 68725 93989
386 37501 -59270
387 208348 312061
388 362307 276905
389 1791 7870
390 244395 357523
391 270710 261105
392 338830 127307
393 151311 -8055
394 237350 304120
395 34754 72029
396 520750 225739
397 529368 264262
398 244478 251858
399 436349 229740
400 66351 29511
401 539342 242085
402 219348 276209
403 504892 303979
404 54444 86746
405 15617 10296
406 79726 -3658
407 284961 235064
408 279373 173420
409 27509 -65029
410 74940 -80363
411 298598 305062
412 19774 -22611
413 265825 281377
414 152431 290116
415 515006 299988
416 507392 281546
417 260783 220127
418 538769 281999
419 478367 311951
420 41573 45168
421 530662 364217
422 581126 232881
423 228998 289830
424 275616 365470
425 50088 40936
426 258577 264610
427 253613 392183
428 460419 306125
429 242804 190669
430 267340 250875
