NAME : portcgen-420-2872426
COMMENT : portcgen N=420, seed=2872426
TYPE : TSP
DIMENSION : 420
EDGE_WEIGHT_TYPE : EUC_2D
NODE_COORD_SECTION
1 876408 530883
2 971829 625267
3 455687 46992
4 63270 193879
5 899306 620437
6 67819 198593
7 83974 144001
8 449903 23031
9 98363 185156
10 921668 559702
11 505347 99261
12 449885 74353
13 956932 590667
14 879319 264526
15 502219 -265
16 969850 570350
17 883164 510286
18 558241 24130
19 416528 102684
20 852281 332205
21 846186 255706
22 170967 138402
23 791584 217827
24 897608 567490
25 994171 577307
26 866382 529550
27 886108 152770
28 822958 168695
29 55534 109751
30 902405 543515
31 502595 -11857
32 42329 39436
33 479900 23864
34 916760 482036
35 820322 248911
36 490946 51669
37 484451 56444
38 823960 312182
39 835952 287230
40 63833 120286
41 543322 109326
42 846242 512767
43 521569 39150
44 868317 211274
45 80150 225976
46 850113 260979
47 170 98389
48 877766 230246
49 949265 499202
50 938634 623910
51 511659 95545
52 918934 334902
53 942274 474021
54 912303 522857
55 791140 293683
56 921440 487419
57 978730 466498
58 136894 168728
59 471825 72695
60 37886 213617
61 1001501 555693
62 496359 10159
63 848887 540066
64 946987 587209
65 800665 307973
66 853913 637596
67 899322 633954
68 824908 245214
69 74800 99469
70 427685 76090
71 133494 85997
72 53007 164791
73 855087 220042
74 815669 326940
75 4652 214269
76 107475 237355
77 908316 302338
78 -54506 155568
79 923997 568877
80 921213 575108
81 457139 68175
82 828707 223877
83 424419 42474
84 57224 264155
85 869790 222006
86 514778 -6574
87 866125 284234
88 852728 245183
89 820778 276036
90 385554 -13016
91 503414 102567
92 830081 319078
93 954647 533684
94 537154 33383
95 450346 72760
96 520774 360
97 56428 160385
98 503000 107716
99 884679 337380
100 178117 223402
101 934574 562812
102 174790 188849
103 115211 119275
104 749711 217398
105 806069 316016
106 932802 600422
107 -6694 185910
108 484466 149858
109 86024 224426
110 808653 270991
111 27737 121248
112 1051296 662488
113 896239 250669
114 925596 564758
115 945693 551750
116 495357 76927
117 456208 -6124
118 925213 526645
119 799512 295812
120 841928 572059
121 731817 307824
122 484805 106503
123 972868 462152
124 550859 144513
125 1011105 492633
126 952039 548636
127 482256 136450
128 850192 268995
129 801559 348259
130 31217 189302
131 750808 251673
132 913211 586250
133 969597 558769
134 492577 59226
135 890842 229390
136 815624 264348
137 907742 567005
138 30295 214041
139 5668 194564
140 754998 299094
141 199202 261960
142 765537 359668
143 474243 12517
144 794203 275121
145 45419 79081
146 837250 583434
147 880561 588772
148 11545 116558
149 919107 590502
150 79624 212276
151 962999 514586
152 857616 398070
153 757621 233161
154 807388 236280
155 39112 172886
156 89848 252457
157 876075 282797
158 63351 275457
159 751234 273894
160 882121 549735
161 936499 545360
162 101854 175097
163 852619 313744
164 27028 267717
165 928817 600874
166 831336 266515
167 357935 107742
168 916630 581823
169 119371 87233
170 464928 56459
171 861910 185458
172 741819 250662
173 100040 184479
174 165090 142595
175 93957 126616
176 860927 287633
177 851287 591942
178 462807 43766
179 967205 601597
180 868552 549037
181 456423 -25789
182 77579 142973
183 977614 558038
184 70707 149762
185 410310 54968
186 973340 522759
187 828501 491897
188 889296 203168
189 472595 93106
190 767932 298135
191 799104 225003
192 137807 153884
193 862805 197749
194 888541 272482
195 523275 -6236
196 507953 -59072
197 973098 581924
198 845240 305880
199 536575 72439
200 508103 17031
201 110147 213894
202 927135 522521
203 523617 138906
204 -54852 161961
205 73324 173101
206 818980 207275
207 740465 311426
208 840479 293030
209 436774 22801
210 403595 60697
211 761081 269192
212 62554 147769
213 744280 181724
214 26194 199613
215 904259 280682
216 837940 241347
217 7964 153981
218 875448 249629
219 490352 49056
220 486388 15624
221 1017443 603433
222 840916 374063
223 787119 193391
224 840303 244495
225 879665 578174
226 33701 171412
227 842071 227112
228 906463 563826
229 758347 262406
230 481288 63454
231 414051 89266
232 885619 518611
233 833178 297251
234 537627 -6506
235 831175 291922
236 101841 60661
237 787583 151390
238 893083 296619
239 123149 103289
240 857631 309631
241 943946 536635
242 48679 149044
243 827244 187858
244 25734 169837
245 884279 257128
246 141960 233095
247 769759 271595
248 904250 555966
249 874569 644966
250 88596 206796
251 127160 99059
252 489153 -2388
253 82323 120458
254 1011504 501575
255 401802 -706
256 484708 7346
257 979426 536947
258 867793 311579
259 961094 582053
260 99617 245910
261 -15800 195916
262 785344 227471
263 2614 243393
264 808888 245690
265 526336 37565
266 769838 279128
267 929829 596121
268 537023 134858
269 448978 71893
270 132240 249787
271 845727 202662
272 861290 270029
273 515943 51439
274 853171 277436
275 461235 67569
276 434472 66504
277 128705 163078
278 910895 528143
279 816561 265004
280 106205 166963
281 958473 308616
282 444390 29967
283 894387 185614
284 785959 273912
285 503272 85684
286 540249 65512
287 865777 173360
288 110532 240585
289 481571 71415
290 938159 613019
291 483983 65043
292 855140 553788
293 213668 199953
294 837822 328747
295 371880 34116
296 865688 227397
297 927114 511552
298 74802 161837
299 142302 184765
300 32821 253344
301 994226 614301
302 64607 176050
303 818247 318847
304 64713 196710
305 81753 220495
306 909777 497769
307 168797 108931
308 915477 588137
309 837349 319796
310 488948 116723
311 952934 621957
312 477229 33396
313 478233 48087
314 854507 438967
315 922470 222858
316 946536 580128
317 429604 65236
318 129713 168700
319 837014 271253
320 17482 208128
321 817644 277981
322 848538 239454
323 1047117 613950
324 886360 615045
325 395520 -6687
326 742098 281866
327 744188 312675
328 945674 532024
329 459674 -1908
330 854290 219005
331 879592 523963
332 425696 35974
333 515164 60606
334 875043 299370
335 764384 319879
336 46760 107083
337 142984 48824
338 861720 242996
339 775093 275351
340 140281 198640
341 66197 263892
342 948016 566479
343 91787 201547
344 1036642 506926
345 953798 495535
346 993228 552567
347 565283 53248
348 833044 194579
349 462518 19954
350 517335 45145
351 922214 538315
352 507147 145833
353 970478 603041
354 487244 131476
355 498504 6692
356 423383 -46211
357 912127 512478
358 1043908 595195
359 498248 86058
360 556390 79755
361 51693 175977
362 526131 74125
363 120420 149562
364 465563 11278
365 485132 36441
366 60008 251984
367 464897 133111
368 795939 284887
369 94617 180368
370 483720 78971
371 823671 266754
372 74984 191226
373 90710 203736
374 155766 146793
375 501487 66979
376 145237 252871
377 122543 184373
378 529249 108286
379 162933 172960
380 523149 85115
381 475927 184133
382 829395 251732
383 888907 314907
384 129385 166233
385 862518 264616
386 779945 224427
387 466652 26741
388 842824 554836
389 531414 38712
390 772462 281192
391 550987 156144
392 850414 208094
393 920015 442817
394 441814 42693
395 892584 107632
396 460196 65133
397 13567 200927
398 527961 46969
399 395907 52630
400 493925 114074
401 69741 122048
402 83156 167861
403 922427 504751
404 531075 51081
405 489039 82022
406 70549 227488
407 9970 221212
408 -4111 239283
409 949587 501564
410 724378 254238
411 483081 152736
412 955289 576911
413 848631 339276
414 774189 182969
415 827663 329886
416 474960 57269
417 753121 217911
418 104399 255720
419 471545 -6811
420 530377 42906
