NAME : portcgen-404-3654882
COMMENT : portcgen N=404, seed=3654882
TYPE : TSP
DIMENSION : 404
EDGE_WEIGHT_TYPE : EUC_2D
NODE_COORD_SECTION
1 473791 982011
2 424815 704951
3 497481 904175
4 864307 174871
5 893112 229675
6 213665 851138
7 107092 974199
8 462051 917206
9 511572 910045
10 175722 893683
11 537365 843097
12 484239 807022
13 460713 889590
14 505963 855025
15 951084 47928
16 552317 899955
17 214431 892347
18 816975 189451
19 248400 934480
20 483862 727731
21 443239 805588
22 980248 200956
23 511141 739377
24 844702 219582
25 410103 941073
26 250011 864437
27 453992 791880
28 448036 957756
29 512819 929534
30 891212 166163
31 488526 861640
32 74161 865431
33 887611 125300
34 476163 765908
35 826892 258852
36 555045 956319
37 864971 143807
38 192665 878963
39 541601 960100
40 527076 982426
41 466194 752014
42 145301 830002
43 863953 151590
44 869356 199269
45 211222 852612
46 536993 882221
47 186841 883761
48 155805 914542
49 494724 839285
50 878044 176033
51 127275 923939
52 882327 189607
53 123203 830547
54 196500 907766
55 435493 762481
56 477770 758572
57 536680 863319
58 481096 884016
59 899149 191279
60 874914 133852
61 198503 864466
62 478016 855440
63 232925 943889
64 842049 285252
65 899461 122969
66 914198 167751
67 534444 974146
68 52393 894348
69 811231 123511
70 458078 740761
71 474162 876006
72 218758 926761
73 876981 167129
74 544088 961157
75 164433 915159
76 484770 891930
77 428182 947854
78 878316 214332
79 480689 866036
80 163650 914059
81 459497 885281
82 385503 835293
83 139920 894190
84 834782 222860
85 520217 949172
86 953637 159425
87 918511 226740
88 872719 236888
89 145762 902835
90 514413 998282
91 474270 818885
92 190112 962897
93 180223 900628
94 538622 965115
95 441709 874568
96 208248 845026
97 790293 234836
98 406870 690598
99 392224 847730
100 451789 801694
101 487383 796239
102 115973 909109
103 840772 177658
104 861686 164921
105 883179 288785
106 774659 193556
107 606930 964254
108 886802 211425
109 886394 117965
110 570561 733242
111 927701 302758
112 878375 233797
113 140304 797754
114 895260 219409
115 492967 914014
116 84489 917075
117 516584 775690
118 451085 899878
119 528055 917188
120 431260 760744
121 99061 892249
122 402836 764170
123 492863 960902
124 519650 948242
125 206539 873070
126 553551 883408
127 370930 798782
128 511131 851390
129 552027 832127
130 522876 880239
131 888151 92706
132 873405 270708
133 135592 934565
134 484815 720850
135 396482 686456
136 449749 771882
137 440829 823442
138 466208 818066
139 501519 986892
140 414347 798756
141 420005 738052
142 458801 728943
143 908993 170341
144 522781 917834
145 521436 899848
146 502942 921785
147 415409 668678
148 465974 810107
149 235475 823242
150 537553 761522
151 909122 260284
152 111738 855152
153 264195 943904
154 127220 850569
155 482433 807237
156 464682 740225
157 139606 892337
158 213588 881864
159 182392 867442
160 864339 119607
161 928103 213994
162 170416 977050
163 538109 912181
164 794436 161458
165 527714 838639
166 354662 783598
167 105345 917246
168 879666 154155
169 207777 873139
170 939550 240589
171 500673 801415
172 501731 807787
173 473240 878959
174 349236 812182
175 900927 224764
176 173492 896684
177 420090 885072
178 414128 771984
179 368460 784205
180 187505 891046
181 138199 973528
182 938790 197876
183 177268 904420
184 503767 990296
185 166082 1014102
186 966152 143549
187 538649 955870
188 491858 812596
189 543647 896118
190 503346 929874
191 826608 203989
192 575009 954933
193 407561 791376
194 488840 799445
195 383296 882559
196 509026 885306
197 198226 867357
198 134741 860677
199 455944 733704
200 832800 178979
201 380180 895180
202 577907 714087
203 477665 824514
204 890817 263251
205 438244 928500
206 172598 855377
207 772690 142857
208 515620 849845
209 481664 919996
210 543497 933765
211 229636 869577
212 883614 201517
213 938151 190450
214 160322 917352
215 81269 878057
216 207644 847244
217 440036 762541
218 489856 948403
219 211071 832102
220 337747 841696
221 165388 915386
222 468728 747347
223 201402 878322
224 197186 856278
225 112728 829267
226 418943 940407
227 535116 768291
228 204278 833029
229 539192 893448
230 146527 1006907
231 541837 801847
232 506835 952024
233 162862 938583
234 507379 899316
235 184158 856961
236 901638 148505
237 252559 899691
238 421886 753948
239 838131 139768
240 434486 972000
241 461290 911534
242 461413 760260
243 155265 851473
244 396093 842392
245 359066 772000
246 448507 846145
247 408905 782291
248 900868 238188
249 473702 921760
250 790957 260491
251 500273 831368
252 424737 692004
253 940458 185114
254 259329 844766
255 852335 231388
256 401766 809682
257 483480 917717
258 518801 804607
259 201063 885493
260 120241 881744
261 456436 854191
262 497032 883451
263 472429 932681
264 579456 808899
265 982447 129228
266 436686 756927
267 169872 923941
268 517971 820123
269 869828 225904
270 383227 907733
271 477938 978888
272 505474 735614
273 410531 895175
274 555879 844088
275 423319 763623
276 950338 215041
277 98300 921186
278 198308 850920
279 396083 784041
280 953662 132852
281 145739 900873
282 838597 171478
283 455885 732990
284 423838 712719
285 521819 938343
286 483470 988456
287 544589 816639
288 791866 222218
289 882227 215384
290 174164 935489
291 419934 886626
292 919782 268572
293 225825 888852
294 527941 950464
295 426768 862826
296 422285 755938
297 538837 915335
298 167046 925796
299 406128 741137
300 896203 115967
301 535659 743884
302 819815 268388
303 966021 164179
304 113636 888533
305 830191 144896
306 432730 726085
307 579895 769846
308 263980 912972
309 794678 167045
310 513224 679039
311 818545 252300
312 569587 891197
313 486225 941783
314 294228 724261
315 565433 883033
316 935559 203502
317 487185 773795
318 168505 845038
319 204167 931925
320 439972 988182
321 975906 206604
322 865726 257766
323 436032 790610
324 205286 919159
325 514263 760079
326 159526 913332
327 450311 803319
328 402073 1014001
329 443080 774900
330 94626 955523
331 513546 915004
332 492497 735838
333 887879 293597
334 856715 180153
335 179306 879770
336 519503 950579
337 487962 990075
338 403434 801818
339 903268 192016
340 887137 188851
341 830300 204003
342 442848 840650
343 96811 901545
344 179358 782185
345 98503 848060
346 465549 798504
347 1014154 234241
348 184101 941675
349 513384 792499
350 897166 168765
351 199160 958808
352 835500 98420
353 502626 922414
354 835867 197760
355 469941 728896
356 599762 944069
357 888738 215056
358 505186 887758
359 550045 776738
360 243538 876636
361 498545 787684
362 630869 874675
363 925148 126194
364 827291 173666
365 443250 738744
366 247747 994312
367 472615 751715
368 880074 172412
369 503815 941371
370 513717 710324
371 868045 261376
372 915855 89120
373 989819 192768
374 430572 836830
375 826760 225692
376 484495 742025
377 503884 786827
378 439888 946308
379 903845 241477
380 495883 914175
381 438179 699179
382 866254 223066
383 931122 85862
384 896733 143521
385 155082 878663
386 482349 916929
387 396569 731131
388 378762 821566
389 529023 751220
390 1003053 238897
391 481479 820255
392 556140 838085
393 608557 750399
394 213989 908783
395 494524 905992
396 166001 894273
397 871311 310214
398 388375 890028
399 486639 750587
400 880212 297891
401 941220 136471
402 804582 238689
403 145574 867375
404 154329 890717
