NAME : portcgen-431-2325327
COMMENT : portcgen N=431, seed=2325327
TYPE : TSP
DIMENSION : 431
EDGE_WEIGHT_TYPE : EUC_2D
NODE_COORD_SECTION
1 1012161 582915
2 373759 451607
3 243271 212952
4 156293 136014
5 196621 146814
6 122265 752742
7 990064 613259
8 345199 469223
9 -14387 749112
10 944555 574550
11 20307 768878
12 944433 671366
13 80360 740601
14 942654 560185
15 374274 514894
16 284088 117208
17 447104 537038
18 425204 479570
19 923536 584269
20 307660 193478
21 232478 80263
22 235353 113022
23 417065 441920
24 367447 362840
25 94767 822112
26 398020 420215
27 196458 82127
28 414349 520731
29 909012 699617
30 133412 786106
31 384146 470978
32 358207 447919
33 370079 490509
34 1000734 482356
35 139841 723240
36 65013 776142
37 354674 179837
38 291918 160942
39 173313 199809
40 921599 587876
41 244943 119994
42 322271 453102
43 1043366 647010
44 72934 776602
45 975592 678554
46 117599 680502
47 193509 117145
48 309730 155095
49 909612 581518
50 400212 123437
51 893640 616909
52 302994 197830
53 99675 643699
54 60357 874516
55 21793 772313
56 974462 526510
57 126552 699484
58 254284 74899
59 307140 148411
60 918304 662729
61 30817 635070
62 1029397 556747
63 212268 112953
64 305737 181540
65 339335 149373
66 355109 430434
67 82415 722442
68 201489 188559
69 265180 201241
70 210305 148739
71 93357 712013
72 408431 370827
73 -9783 758894
74 41030 782157
75 436773 423384
76 966771 610937
77 -22877 711901
78 303768 410143
79 66639 807883
80 432337 367887
81 108671 767910
82 64413 751285
83 909784 590186
84 377211 453634
85 850501 564499
86 125487 716790
87 438517 422507
88 250861 136685
89 431854 483689
90 330421 396885
91 311739 163027
92 270712 94050
93 955771 578268
94 952604 532102
95 108093 760709
96 291173 217553
97 971869 566630
98 359991 365296
99 249402 97550
100 258582 154426
101 350062 388726
102 183010 671642
103 254011 116525
104 994689 648245
105 958366 599327
106 392099 470533
107 387236 463947
108 344540 414337
109 959898 507505
110 375886 193291
111 386208 451555
112 -37084 728521
113 957463 734281
114 280816 455481
115 418023 402185
116 324384 409529
117 66419 742536
118 411041 410593
119 899653 639605
120 335344 126962
121 41916 776326
122 955802 596117
123 482381 385390
124 313731 210677
125 259244 117605
126 432569 443573
127 259897 53592
128 970707 618718
129 86403 684141
130 24617 808718
131 360990 413577
132 238888 90131
133 925613 446536
134 393026 436654
135 276107 59537
136 46206 781253
137 946448 605153
138 954028 550252
139 223230 46521
140 81341 714457
141 282805 82218
142 219866 108101
143 272132 185834
144 67026 696023
145 993125 579280
146 268587 101214
147 963467 524078
148 939677 606785
149 284025 72205
150 7569 798099
151 6171 711956
152 392949 519121
153 184574 202337
154 918539 562874
155 256942 132672
156 363544 446001
157 117789 825945
158 930714 570983
159 56098 749789
160 300476 489621
161 947416 567897
162 983215 602906
163 980601 492294
164 245999 92633
165 114065 608587
166 962442 569825
167 221381 131555
168 391410 467995
169 222587 186529
170 978928 582293
171 71662 703535
172 368592 355867
173 277083 111791
174 366081 382735
175 232674 53108
176 434447 446069
177 425318 399300
178 331145 406698
179 222172 181692
180 69189 733327
181 27068 740954
182 283793 183249
183 230683 124740
184 124315 838330
185 442148 499587
186 1057666 502491
187 339774 469921
188 353555 399081
189 1005108 512201
190 -15468 740969
191 271846 103330
192 876150 652054
193 998189 594727
194 322725 119329
195 302029 177245
196 346401 504281
197 258314 178509
198 36742 758585
199 63968 837925
200 381657 430478
201 389353 379772
202 383227 482358
203 124504 766467
204 114614 776566
205 48757 695343
206 358976 448040
207 442185 431600
208 310758 102460
209 972250 520231
210 402360 376633
211 411136 446302
212 1001110 585302
213 240580 77498
214 428791 361210
215 316383 136575
216 15042 694599
217 96563 658204
218 263932 191636
219 327350 136004
220 943355 625419
221 971317 659327
222 911623 519491
223 1064687 614744
224 -18917 715407
225 943039 572311
226 271444 142037
227 1012614 626406
228 1025614 629073
229 59784 781212
230 408121 406218
231 331176 465707
232 364690 424630
233 257622 128365
234 1010329 550046
235 950401 595909
236 256971 168688
237 350554 480904
238 369161 428372
239 353933 124882
240 51823 787893
241 388174 394325
242 347546 472908
243 939223 572254
244 28585 791444
245 916316 554233
246 385109 417964
247 290384 109912
248 858826 598548
249 940767 583948
250 77698 755952
251 1732 740958
252 419793 487448
253 290270 131470
254 269312 126724
255 971968 653462
256 441862 372876
257 378295 119598
258 233311 125962
259 1017075 632996
260 388926 315968
261 240530 118860
262 201603 78854
263 957238 531274
264 281895 238009
265 48856 715454
266 908337 625718
267 254446 90061
268 986001 645506
269 346944 391465
270 35141 810585
271 99989 720346
272 346398 470776
273 38600 821887
274 375032 356480
275 315116 494969
276 90203 751516
277 216361 164768
278 33039 733329
279 229065 58061
280 290997 115354
281 119684 761816
282 844408 639755
283 256131 88660
284 267789 493213
285 263396 195785
286 299473 364526
287 199940 158244
288 943756 541750
289 261698 117790
290 299374 206404
291 98639 753640
292 372303 509662
293 66213 788397
294 951722 650739
295 1032204 568055
296 930284 634549
297 64332 774154
298 1032004 605427
299 1006562 585767
300 282034 93367
301 39339 761597
302 972055 640449
303 932587 628368
304 366705 202047
305 330800 89185
306 216858 181800
307 290847 129148
308 284110 187185
309 93804 681826
310 368261 415593
311 1010907 591213
312 20909 759507
313 219909 168162
314 38450 760058
315 1059454 578230
316 306224 113148
317 113213 824987
318 1008596 648717
319 385835 486892
320 386458 366777
321 386856 473431
322 43571 817081
323 840840 530547
324 324580 143065
325 414568 401826
326 215774 62423
327 334906 419618
328 998038 519826
329 990974 530159
330 424586 498124
331 279825 448062
332 37945 818232
333 109624 782489
334 -2961 727583
335 31072 793015
336 19583 748820
337 331697 433174
338 165021 157157
339 972501 599804
340 146575 655679
341 936596 577364
342 3639 746574
343 931251 573264
344 261388 148249
345 401634 478805
346 72847 693130
347 1021647 589020
348 924770 548698
349 334387 434098
350 249554 138921
351 1038883 627366
352 1010574 563883
353 944822 583530
354 981013 586481
355 175414 178649
356 46687 813432
357 436931 417232
358 18301 754099
359 111014 726761
360 947368 525680
361 82463 669529
362 -20093 728723
363 895083 549396
364 964992 558540
365 886834 529355
366 1019609 557148
367 239394 106817
368 238307 121537
369 255065 147271
370 967453 536366
371 248392 125505
372 302399 366429
373 82476 765459
374 384637 458869
375 306712 131400
376 349652 512170
377 147975 734023
378 244742 49034
379 46657 747887
380 879308 663899
381 388329 393834
382 411986 468344
383 224631 179551
384 297601 146731
385 911245 555594
386 984742 607533
387 998753 620279
388 56180 730630
389 245849 134288
390 153657 175025
391 973556 556749
392 56207 744244
393 968227 631278
394 271873 227635
395 452256 375570
396 140625 723393
397 393727 384731
398 96044 795330
399 43552 669823
400 331612 123460
401 375974 131492
402 335503 353038
403 5343 805080
404 79120 751180
405 318936 504118
406 1079215 561428
407 281052 122508
408 36062 773856
409 339621 173469
410 410773 453794
411 102408 760599
412 380366 507939
413 266301 114673
414 358310 402346
415 92647 760530
416 986139 610851
417 331241 330742
418 989332 615367
419 404000 423061
420 983002 652500
421 264969 168772
422 108566 780763
423 404497 442402
424 52316 832344
425 929850 585111
426 44352 786366
427 65478 788158
428 374705 515060
429 271033 147520
430 892044 599710
431 311844 449757
