NAME : portcgen-547-2474352
COMMENT : portcgen N=547, seed=2474352
TYPE : TSP
DIMENSION : 547
EDGE_WEIGHT_TYPE : EUC_2D
NODE_COORD_SECTION
1 44807 386301
2 920939 959272
3 924920 37944
4 870348 7151
5 92256 420029
6 546626 402020
7 1043289 989624
8 1052138 1044675
9 826914 41005
10 887198 867507
11 916384 882504
12 541098 353745
13 37989 418751
14 891195 852489
15 1032731 1027541
16 -12306 421808
17 798346 878852
18 937428 1065945
19 813979 874651
20 35457 335134
21 820871 912219
22 1000293 1056483
23 982666 988380
24 924425 883342
25 1049353 972996
26 931149 -87525
27 971500 1023206
28 944405 -8340
29 -9075 470031
30 18208 384937
31 612104 405115
32 778767 838617
33 23360 380564
34 922313 30610
35 537201 371411
36 818811 871568
37 1007404 966387
38 26376 354137
39 562942 337589
40 798437 876252
41 952907 965778
42 1509 280424
43 977649 960922
44 535795 343529
45 960695 992041
46 902235 6180
47 562967 411125
48 971643 937228
49 985006 989622
50 997880 1000459
51 938052 940841
52 41937 363934
53 1017420 994005
54 791404 864075
55 999576 980792
56 39895 339058
57 1063498 1011898
58 995602 1033390
59 889595 900705
60 919120 19320
61 533720 373636
62 996745 999204
63 971172 973603
64 543953 397185
65 618679 374012
66 818381 -2630
67 552821 349816
68 811122 879742
69 846313 -27164
70 1006107 935239
71 89865 434440
72 1002370 1008176
73 625901 420045
74 1033264 984034
75 957293 1025667
76 1015182 964525
77 1052078 926931
78 42468 340031
79 836941 902114
80 965717 946021
81 88362 333750
82 965545 968686
83 45223 417241
84 971999 -13582
85 841493 850570
86 1033089 1011116
87 633902 353259
88 567718 386054
89 -16817 337183
90 1023621 1025810
91 824814 942210
92 854490 6597
93 30703 337193
94 -3695 355428
95 931239 886004
96 923350 1022367
97 62806 375515
98 856280 887084
99 985805 961824
100 492786 403811
101 846676 804132
102 818333 904297
103 569518 379845
104 764190 866206
105 873607 915083
106 -3724 351203
107 589710 356995
108 1035428 1014430
109 888673 -43633
110 586001 384898
111 886137 853282
112 917097 949178
113 75485 399492
114 124141 360145
115 756374 897059
116 555654 414573
117 908446 939985
118 47462 492282
119 872627 -59844
120 910116 871656
121 856175 810830
122 923530 49563
123 950067 27214
124 903071 861031
125 904505 55506
126 976377 21453
127 968351 994342
128 945461 73565
129 535298 337473
130 960151 -93265
131 633088 471172
132 573467 419700
133 933884 58241
134 79102 314730
135 937692 51503
136 66731 423968
137 40756 331985
138 -5381 319836
139 540918 413608
140 530613 377456
141 35351 383098
142 863699 12495
143 981850 971674
144 905206 953029
145 874210 915011
146 968371 13276
147 58695 332399
148 959556 -4534
149 834371 902889
150 968253 1010264
151 925874 -5006
152 54154 327561
153 985515 916969
154 503701 371633
155 798370 946912
156 48291 340333
157 960020 963416
158 55242 327084
159 89225 361922
160 23851 366380
161 1052849 955299
162 863165 -27919
163 121294 442242
164 817307 815845
165 51255 350291
166 1020458 1011417
167 1018971 994984
168 812350 823601
169 767817 901498
170 953570 961170
171 48512 375539
172 518266 349060
173 814697 943255
174 946236 -5609
175 859235 34615
176 955880 989945
177 -6454 341018
178 41832 381798
179 -304 349978
180 962239 31892
181 542350 466738
182 -23947 330165
183 797986 881984
184 66055 326264
185 929095 -38519
186 847001 907897
187 1001202 1079467
188 805580 896894
189 899782 1008380
190 520343 325232
191 549612 436217
192 882800 838829
193 838635 964431
194 820454 941469
195 543537 337467
196 954651 -37455
197 986341 1091308
198 1011301 35805
199 936818 994507
200 505703 362194
201 8763 416361
202 607809 373299
203 917149 43076
204 29809 333042
205 924831 886434
206 1000883 1004992
207 812303 850340
208 -20350 431278
209 792389 867418
210 928327 1024559
211 862359 853764
212 740805 915593
213 955845 20283
214 1031552 981081
215 898199 979297
216 904362 59022
217 904312 -25508
218 935916 937190
219 582649 388370
220 829979 901668
221 554650 428418
222 997502 1027851
223 62026 417038
224 824598 844164
225 1053149 931804
226 16867 349697
227 848621 -42730
228 890205 -33020
229 565311 460518
230 986631 61818
231 1039480 992617
232 41036 384733
233 -24172 418980
234 978586 980837
235 756614 833549
236 57060 393426
237 605744 306619
238 634146 372294
239 -14370 416459
240 867338 966912
241 958784 1038055
242 626931 349388
243 899155 923443
244 888278 794550
245 458675 338716
246 6858 344542
247 903967 41639
248 63832 318706
249 812384 836499
250 934702 908442
251 611137 425864
252 960847 982429
253 911169 -24540
254 549676 343293
255 -15486 329744
256 524782 414780
257 918540 32765
258 876689 48635
259 978093 1009801
260 19378 385085
261 526487 436544
262 570628 419084
263 64115 334606
264 -901 378091
265 507528 382436
266 922211 -11151
267 973042 24688
268 848106 865308
269 523933 377778
270 970823 878810
271 788440 908036
272 604697 416202
273 533352 345916
274 813586 20370
275 588856 442850
276 -64015 327605
277 1104903 941890
278 1002772 963872
279 960813 1019293
280 855343 826033
281 921604 975699
282 582975 358422
283 866328 889611
284 -74822 331513
285 53415 412283
286 809238 910019
287 980131 968227
288 835093 894661
289 548139 346763
290 531644 379482
291 826597 1000792
292 99606 352041
293 902911 -32617
294 1019623 946438
295 842857 836145
296 510497 435428
297 899185 861205
298 22544 330764
299 587025 325203
300 854361 895997
301 993501 1000434
302 1062535 995338
303 846100 870637
304 512967 338615
305 997943 938205
306 95743 426393
307 87990 400858
308 909627 -15940
309 782321 894591
310 824892 908628
311 85382 355932
312 822889 1011556
313 586664 348896
314 82823 371536
315 844940 822339
316 -31707 485141
317 886294 -63687
318 806338 928494
319 65132 410759
320 86441 389545
321 859584 872522
322 966358 -9388
323 584865 379775
324 948888 982905
325 611754 429573
326 1016101 991944
327 92643 367683
328 956234 42675
329 30343 401177
330 568534 416499
331 931018 976175
332 1013888 1017764
333 -675 380524
334 127614 321844
335 529267 385951
336 855272 909956
337 937970 1011147
338 921283 1015289
339 852452 852131
340 62423 315068
341 842073 787599
342 560679 430653
343 974655 1025439
344 50103 385576
345 1003237 1005087
346 894266 7772
347 797762 903056
348 878724 -46708
349 16928 353956
350 -14058 397520
351 1004154 980112
352 -31097 402191
353 18983 413273
354 596060 472492
355 1014779 966496
356 841472 892274
357 -5540 331691
358 1001033 -40151
359 51531 409649
360 978060 970660
361 956566 988319
362 43237 352347
363 880766 830235
364 991321 1041003
365 990314 1026803
366 532173 359686
367 57358 403145
368 537303 374582
369 53055 450358
370 747908 982170
371 527841 375573
372 1508 363634
373 924311 17564
374 928468 928323
375 558161 361336
376 921389 -78263
377 862707 989527
378 966905 53225
379 600259 363950
380 1012313 1023880
381 951253 1010265
382 1006211 955341
383 947067 37972
384 557765 373690
385 16168 414995
386 512345 402045
387 34342 364791
388 861795 -47960
389 948993 -7369
390 820495 830658
391 34193 295381
392 998766 912635
393 12882 317864
394 772620 822425
395 841023 -12687
396 890343 953027
397 957632 -77745
398 895283 -1800
399 979153 975805
400 75192 377897
401 568420 390041
402 953889 3882
403 110498 314199
404 1003688 958638
405 899888 901530
406 579732 326444
407 620890 317831
408 910659 25026
409 59509 434229
410 87542 408377
411 897173 1019532
412 858485 939449
413 67957 400904
414 877807 -61302
415 852148 906380
416 954100 1119992
417 908639 916417
418 986118 999220
419 812270 870218
420 888511 849506
421 61257 368479
422 884340 -45418
423 950506 -9400
424 557950 392002
425 532074 423049
426 628727 385013
427 755 361202
428 505162 383042
429 50333 352654
430 569729 385220
431 589826 388351
432 948178 969169
433 90596 438706
434 905573 873877
435 25191 315205
436 887570 865807
437 141301 390137
438 542741 346046
439 885112 55699
440 960008 993951
441 573715 362475
442 93871 328048
443 964110 1077064
444 889712 24710
445 982768 944390
446 872260 940624
447 946078 -3766
448 1003991 1027680
449 534949 334084
450 78385 416661
451 75546 491014
452 -8445 399424
453 44172 385978
454 1035441 987946
455 892152 905901
456 85790 413125
457 914362 98040
458 524509 426337
459 -13292 438645
460 806061 903900
461 894328 91790
462 549149 435972
463 890833 -8146
464 527820 387135
465 1009169 988013
466 617679 367141
467 942033 56759
468 942863 882360
469 797791 899884
470 538115 333318
471 820588 949844
472 942869 77818
473 1046720 970928
474 869909 897881
475 846885 48948
476 863702 858733
477 623148 321606
478 897887 43513
479 610768 420108
480 603936 359893
481 847906 954797
482 759646 855417
483 594878 379078
484 876758 49153
485 573409 351979
486 627354 385998
487 983791 1003760
488 94705 316436
489 552472 373988
490 791245 830004
491 802042 793094
492 530630 351173
493 787499 918772
494 877251 -40905
495 93585 384884
496 956523 994008
497 -48096 435599
498 598390 383653
499 923159 892299
500 923296 871101
501 968139 1041460
502 -6802 335807
503 105469 405656
504 519983 495604
505 1047280 1090032
506 927117 20937
507 57953 418203
508 823474 946956
509 865968 52800
510 1006727 961414
511 529650 440207
512 876472 1055273
513 1037034 953620
514 980165 1044787
515 880384 882068
516 847708 874375
517 951338 978537
518 932752 67072
519 1056083 982663
520 -18021 363387
521 1003126 991684
522 621250 332658
523 585696 398962
524 586144 411036
525 966175 1002709
526 909299 77459
527 977304 998980
528 857212 -38009
529 970606 1006632
530 966903 1045586
531 878341 925387
532 7280 427442
533 119585 350746
534 881746 -28297
535 884326 -58705
536 576100 424166
537 1030955 964996
538 909070 825399
539 958036 947669
540 575737 405528
541 757690 785477
542 644332 444201
543 951684 1036836
544 1101335 1039163
545 921961 1008365
546 999634 -1410
547 880602 939100
