NAME : portcgen-488-3548724
COMMENT : portcgen N=488, seed=3548724
TYPE : TSP
DIMENSION : 488
EDGE_WEIGHT_TYPE : EUC_2D
NODE_COORD_SECTION
1 -59408 69520
2 783010 34580
3 742496 685839
4 700855 693069
5 5608 -28137
6 779661 8673
7 911144 -43285
8 794464 639102
9 21276 -4996
10 909071 813396
11 947427 921269
12 828517 -99100
13 765074 626536
14 1006059 904091
15 88441 27263
16 702031 616565
17 1055732 868899
18 1084833 816442
19 1003081 837784
20 47175 124885
21 44226 6476
22 855870 59298
23 986782 805589
24 999227 793105
25 805848 673945
26 830339 665835
27 25509 20228
28 -52362 142783
29 102019 -36856
30 787516 659749
31 827789 103695
32 742123 704438
33 -8624 40112
34 60887 -981
35 824657 665418
36 29136 25331
37 767767 646777
38 -32465 41839
39 846722 -27301
40 1054770 898980
41 978967 773292
42 994497 856249
43 725002 728265
44 -36435 -30795
45 783756 -52220
46 824469 -13491
47 793536 -28082
48 855486 86896
49 944527 837747
50 723572 690109
51 1002636 875467
52 735602 657860
53 880104 -7594
54 982479 832938
55 900817 841150
56 990254 791012
57 1028582 889779
58 735017 711118
59 835357 -15000
60 -60792 -16906
61 741608 704055
62 7489 42077
63 792289 -78326
64 -25976 36994
65 911040 51836
66 765497 637675
67 1016280 870111
68 871735 -81769
69 924455 871793
70 946283 837261
71 947389 782275
72 830886 6451
73 23735 -8380
74 882413 -12697
75 85319 37584
76 889126 52744
77 1027982 858254
78 886750 51206
79 782854 665389
80 871956 23312
81 822070 18661
82 840827 -20833
83 769900 631545
84 764149 759990
85 829309 39241
86 30468 86184
87 712340 768150
88 772694 632916
89 988239 820432
90 31810 -21540
91 894365 38395
92 183091 27023
93 852768 -80740
94 28549 -6809
95 20518 91668
96 767483 674916
97 63583 41699
98 -10952 116606
99 9653 117595
100 22565 -15034
101 709671 777814
102 991322 868778
103 1029419 834009
104 921798 814904
105 -33208 -16686
106 894305 833787
107 791880 672090
108 901210 67734
109 51218 -37842
110 706189 731459
111 863323 -27713
112 799576 719997
113 973269 907875
114 717266 765031
115 1030546 777152
116 25509 20977
117 -2635 -45533
118 24278 46875
119 858371 21196
120 841460 17824
121 923113 876118
122 1040850 823863
123 924926 21422
124 760349 658827
125 808354 687351
126 1041978 822803
127 93553 -23349
128 -7319 -50951
129 58511 49481
130 761274 786837
131 797364 626901
132 -11364 42338
133 -9632 16809
134 1009071 880461
135 870262 -47971
136 751272 654214
137 843419 685864
138 814913 41325
139 788785 609136
140 970963 789979
141 842100 7120
142 23052 136694
143 763627 698419
144 864380 -37832
145 42850 62137
146 754205 707375
147 27470 90745
148 847588 32131
149 768399 679190
150 819475 6678
151 697992 730150
152 796126 733003
153 869994 8093
154 1008312 889321
155 988319 888356
156 26769 -19885
157 687350 677586
158 809841 17848
159 992348 864645
160 735652 722762
161 700871 691824
162 -11873 -5108
163 721208 675109
164 730899 749055
165 825471 55897
166 -41182 -2705
167 -823 -15810
168 38293 -10177
169 4719 83606
170 864268 -19098
171 788891 688459
172 737063 662397
173 773930 665543
174 770359 682682
175 788836 -24004
176 842758 694587
177 70911 44153
178 985509 824944
179 740798 657782
180 734242 748893
181 1081382 841146
182 929793 829063
183 830417 -7073
184 -3841 -31740
185 1044666 855348
186 1731 71857
187 692493 636437
188 737556 604614
189 779785 713188
190 882054 111956
191 1014692 864106
192 987124 868988
193 834902 636737
194 20921 35642
195 857457 37454
196 904101 73638
197 814574 586861
198 605453 744253
199 647026 707522
200 127578 47893
201 808405 64518
202 889967 5779
203 943880 -1292
204 949134 773503
205 811882 628279
206 1078174 890025
207 34228 -7101
208 -4388 4190
209 887048 727896
210 938896 797743
211 785340 615217
212 815086 29007
213 989989 858334
214 783352 -54794
215 958106 829254
216 751772 691760
217 959692 804628
218 88122 -32546
219 910107 -42270
220 -2769 -36997
221 27078 40155
222 692933 696715
223 934097 1401
224 718030 688399
225 -47970 9418
226 1010801 840402
227 1056935 770768
228 772104 653115
229 897676 869463
230 970008 813350
231 749101 621416
232 870744 48630
233 817101 16003
234 924885 54039
235 977640 883143
236 -59846 42252
237 898218 856686
238 918555 917228
239 802337 69140
240 23301 -37147
241 780287 724977
242 786417 27023
243 842115 -16422
244 730697 697080
245 38816 12599
246 853231 742395
247 747944 714366
248 868682 60283
249 68305 103327
250 857424 62170
251 754459 672758
252 707658 655642
253 944688 819483
254 801684 675860
255 1029236 754650
256 20814 -25165
257 861507 10315
258 43305 -101794
259 810042 17042
260 845276 32940
261 815109 28615
262 349 31692
263 51415 39120
264 793198 701087
265 1045848 869930
266 -16208 59707
267 24104 -10746
268 668596 639539
269 26186 -34597
270 1005057 903770
271 1052628 848734
272 829951 17992
273 750514 651686
274 856283 30058
275 927809 854424
276 983044 803370
277 -25489 83862
278 669909 704233
279 36420 36104
280 1096748 823028
281 48204 -35766
282 951762 780523
283 43537 75475
284 -36347 28737
285 734022 672169
286 899091 -13553
287 814258 15274
288 74611 2964
289 852383 -34697
290 1023500 837175
291 937710 834130
292 816260 -10442
293 767470 693411
294 -54365 1256
295 26961 44142
296 786232 718722
297 97069 26236
298 685185 677777
299 761992 746848
300 -3981 -51404
301 39313 -12097
302 860452 25052
303 812479 716453
304 720998 680563
305 8149 -36873
306 1009803 941164
307 961973 800497
308 802617 656986
309 1001415 29339
310 947627 981727
311 706575 762344
312 810613 750097
313 987174 887062
314 705876 687262
315 781512 677400
316 8666 -13390
317 748478 639532
318 825005 674035
319 846178 675821
320 919532 824937
321 965233 830769
322 953792 919347
323 901446 825752
324 728732 624155
325 993626 781843
326 837593 5254
327 -5567 -2674
328 844068 33360
329 768632 713416
330 836922 17417
331 920448 824820
332 919031 786800
333 1020295 878309
334 4417 62183
335 29815 1497
336 893504 50705
337 888467 -33036
338 -22547 -10574
339 18416 34714
340 793048 -20929
341 941045 871717
342 944101 56590
343 736581 749900
344 980705 956712
345 885748 88869
346 1022893 871500
347 980481 868454
348 739751 740337
349 984155 941251
350 -11387 37181
351 29084 -13450
352 1176 139285
353 973864 825530
354 5742 64092
355 826101 649697
356 794593 712994
357 73221 -42395
358 743223 651174
359 -20456 56964
360 737661 724826
361 715912 649459
362 3840 26829
363 836119 708656
364 106761 36510
365 -17770 4026
366 -17654 -19646
367 826143 -14637
368 753867 682476
369 823900 -40497
370 969852 795758
371 36233 -32664
372 738587 690449
373 1041803 733741
374 875360 -15439
375 28225 -34124
376 713133 725124
377 804463 632883
378 833836 -17549
379 -54791 16180
380 964887 837847
381 83722 69468
382 923478 10031
383 57393 -1733
384 831186 776034
385 791870 23159
386 846965 16555
387 981961 885514
388 694594 668517
389 41896 -9798
390 75258 38506
391 703563 634865
392 834483 20606
393 895118 16922
394 711002 685747
395 965814 877440
396 820908 -4898
397 31020 59976
398 903038 879248
399 78470 -2141
400 1043942 734039
401 911856 2951
402 780641 43440
403 853100 748388
404 781999 601125
405 1080012 801633
406 958184 872086
407 893573 22364
408 837972 35587
409 61982 25274
410 1109970 797943
411 948211 879630
412 819768 676164
413 773227 702430
414 885610 43361
415 825683 738506
416 828914 105525
417 915407 894784
418 63319 64688
419 943631 868889
420 860623 -41631
421 1030749 902405
422 849014 -4627
423 922539 -11955
424 973027 855069
425 812271 83346
426 25815 -36633
427 928537 43520
428 771737 766331
429 52087 80662
430 36982 -56557
431 950595 -20637
432 835139 753898
433 1000723 933338
434 24986 51608
435 60712 43510
436 42898 19741
437 29517 -24018
438 709424 705080
439 63462 45415
440 724186 663378
441 923183 904004
442 838075 732211
443 2841 59359
444 953027 884584
445 865644 48019
446 886845 -26009
447 1078352 972171
448 1046786 734402
449 64152 11441
450 1000549 815515
451 794849 675701
452 791741 71747
453 867561 69579
454 823166 -29157
455 846105 -32972
456 732273 678567
457 885810 30248
458 -11384 14798
459 973517 863324
460 814317 -29776
461 -34618 -2342
462 930443 813417
463 870365 96095
464 1006899 810893
465 980726 818157
466 25797 16611
467 9834 -66196
468 4549 -74053
469 1015272 812790
470 707350 668482
471 742080 683197
472 -75037 -27148
473 956627 800808
474 948842 72242
475 1052997 837853
476 735415 678589
477 5453 24941
478 744312 695943
479 65410 97606
480 734186 683024
481 858263 681765
482 34614 -33876
483 -75733 15466
484 818109 730289
485 44102 6963
486 66863 53913
487 840075 6995
488 995155 862046
