NAME : portcgen-523-2977339
COMMENT : portcgen N=523, seed=2977339
TYPE : TSP
DIMENSION : 523
EDGE_WEIGHT_TYPE : EUC_2D
NODE_COORD_SECTION
1 162398 707694
2 179210 772501
3 454668 733119
4 173432 534761
5 190010 729181
6 204847 775559
7 516428 707334
8 438623 685474
9 408436 913651
10 493300 795434
11 401370 765305
12 478895 706877
13 506925 700658
14 454376 798305
15 68976 556081
16 224758 733863
17 326798 251441
18 429709 762684
19 148481 567210
20 178796 530953
21 113254 537529
22 433084 823998
23 436141 735281
24 304088 306075
25 223622 800008
26 414805 749339
27 400395 669053
28 117856 737451
29 469532 626051
30 457324 773973
31 260648 776790
32 129544 743187
33 582864 704456
34 333189 294703
35 296324 244063
36 431529 786417
37 485787 827672
38 533413 735181
39 260497 288879
40 145503 809117
41 288513 293623
42 90104 479622
43 106110 461317
44 69932 507803
45 119820 554585
46 435299 884959
47 183990 754877
48 431945 811688
49 126164 553951
50 82425 514185
51 475992 873324
52 449963 867565
53 97714 547254
54 438506 699300
55 258111 798840
56 450345 762890
57 474556 826396
58 135881 781744
59 506637 714437
60 273013 268240
61 270144 294835
62 101933 523018
63 263066 240819
64 313940 304922
65 453858 782737
66 533713 752455
67 380233 743713
68 91102 527491
69 471014 727174
70 118183 586100
71 440855 764690
72 352173 845589
73 79657 499799
74 204138 797763
75 318642 316165
76 177387 653131
77 526872 760647
78 261612 734316
79 130783 570223
80 272413 209407
81 277719 303743
82 409584 872189
83 67071 564423
84 129778 491215
85 386722 895976
86 184702 800555
87 341893 278416
88 147181 798898
89 324161 268072
90 273965 781872
91 266240 186703
92 518541 869706
93 179772 795341
94 294418 225302
95 471791 778812
96 168581 570808
97 490931 657083
98 249914 707012
99 198878 818319
100 452776 848453
101 211413 678771
102 174485 765302
103 106415 575595
104 76619 538557
105 294315 276943
106 52212 612700
107 251207 167900
108 370529 813267
109 187423 736405
110 251761 228286
111 155767 299003
112 119917 575664
113 167813 776950
114 53889 576782
115 472463 840825
116 480369 692575
117 491982 717023
118 448005 835173
119 189379 748998
120 420176 801385
121 140922 560452
122 392733 825994
123 263178 194615
124 155824 570049
125 440738 767922
126 184138 784767
127 184462 733673
128 206677 756795
129 370310 286533
130 168746 551045
131 264854 285936
132 209199 747337
133 512683 710360
134 506634 767817
135 235895 819226
136 501520 786287
137 62033 598843
138 359343 709905
139 221161 773430
140 310287 306149
141 433358 735369
142 172775 793700
143 190041 790513
144 94390 597654
145 233804 721717
146 466128 662650
147 423384 832375
148 154413 780169
149 388748 662616
150 411045 834383
151 100274 556914
152 459328 737113
153 149212 547383
154 4099 549884
155 319190 206991
156 326297 150736
157 250581 759166
158 285901 230090
159 500442 888324
160 508681 750194
161 247533 795785
162 341919 775581
163 182151 774769
164 188298 748260
165 36897 538469
166 48919 581437
167 338325 261003
168 375159 720763
169 348120 241703
170 407142 811552
171 358322 320111
172 266623 185322
173 75136 578222
174 168417 269451
175 170552 740978
176 228377 270608
177 85503 413211
178 354864 723592
179 97376 740705
180 192370 796716
181 429891 683828
182 207601 678747
183 97393 544155
184 117970 567329
185 497343 753461
186 409974 662720
187 272614 238761
188 414461 717187
189 315405 254729
190 353127 757663
191 387565 683544
192 137821 459983
193 400884 742627
194 326477 242086
195 98845 477303
196 96571 612843
197 394717 706626
198 100355 595755
199 295511 266567
200 269031 188570
201 191236 793926
202 276631 346509
203 151305 542220
204 422574 675019
205 243745 227855
206 492379 683728
207 154682 847979
208 447387 628056
209 186606 311828
210 456598 723868
211 302434 203953
212 389593 874950
213 243053 750766
214 160210 772081
215 199808 825582
216 298304 307408
217 531909 794239
218 177105 687253
219 61256 518646
220 66287 544027
221 197316 752453
222 471399 813642
223 97840 521462
224 138361 598860
225 171639 164621
226 196999 807745
227 395723 860090
228 136069 510669
229 465095 709011
230 453697 852834
231 203554 737282
232 259726 245507
233 85127 459311
234 358283 309233
235 31854 479813
236 503937 841757
237 177485 547870
238 434562 710191
239 401662 863912
240 231897 249793
241 415665 753635
242 273513 184215
243 309434 247321
244 145113 795064
245 427561 842269
246 255398 792682
247 538483 772487
248 443770 720878
249 64137 545933
250 428256 828028
251 487427 755858
252 275169 228984
253 443271 770268
254 128692 544708
255 196411 721033
256 159382 853444
257 475304 740862
258 191162 523232
259 251817 245045
260 176113 265016
261 51412 527840
262 402010 826764
263 124236 841458
264 261601 265053
265 388062 767346
266 462924 741431
267 227350 139586
268 282428 233636
269 38033 531958
270 101011 596260
271 437534 693726
272 39988 563934
273 443448 720904
274 196988 275114
275 448000 798992
276 534119 777368
277 194481 631473
278 412275 839323
279 460562 844049
280 104105 591536
281 324867 216239
282 159544 740804
283 262201 333334
284 103010 610328
285 84354 549165
286 107191 795974
287 128535 526857
288 365018 250805
289 446658 747249
290 134093 527198
291 31515 584793
292 204259 314444
293 447159 832425
294 260712 218614
295 48032 585718
296 138134 820787
297 497673 730031
298 147595 730417
299 181043 739470
300 239391 100927
301 491535 753172
302 404555 899734
303 497517 827135
304 475859 655504
305 467640 770880
306 141837 568844
307 195867 750451
308 448246 816143
309 525680 739473
310 399093 857328
311 472179 894740
312 397801 770628
313 410163 737935
314 501636 698816
315 156987 700990
316 322844 247117
317 440879 716394
318 150272 746300
319 180157 717374
320 130891 808770
321 118980 549279
322 487380 817510
323 474639 758849
324 211756 814229
325 254875 255630
326 269273 179985
327 110839 558737
328 476097 669576
329 68774 562366
330 354436 810643
331 256962 263091
332 165420 833916
333 467609 863588
334 260831 211532
335 469867 711030
336 95421 505557
337 435634 785611
338 125977 616803
339 354797 184715
340 281505 264145
341 379960 877037
342 445574 822216
343 133500 485886
344 96926 522794
345 150430 628673
346 221387 831606
347 434773 898618
348 25239 518818
349 173363 692066
350 464788 796827
351 227500 759014
352 139704 546343
353 281328 244542
354 420883 822799
355 149957 553797
356 472409 755178
357 285435 180948
358 361427 156645
359 286401 271313
360 297766 301456
361 258325 254277
362 424659 657456
363 267028 206689
364 100498 519758
365 311148 250273
366 193450 799309
367 223361 747322
368 90629 476537
369 2625 584884
370 195890 811180
371 257985 314883
372 81460 548696
373 109791 533670
374 498622 884732
375 424800 729487
376 450010 738418
377 446233 723623
378 105471 548798
379 454276 605982
380 127339 765948
381 319376 208665
382 88031 469533
383 350760 888846
384 283466 216480
385 92647 527150
386 104360 607228
387 217261 711109
388 452812 694051
389 455181 665217
390 226753 274943
391 287309 243339
392 376279 837433
393 473299 766350
394 256599 234667
395 19546 576242
396 89145 774283
397 565600 719703
398 113089 766100
399 31472 597046
400 308005 261116
401 264362 238885
402 71635 587425
403 178773 711540
404 429984 883487
405 338441 831249
406 408981 844781
407 160491 744110
408 346437 249774
409 407445 696061
410 123599 525655
411 168358 787009
412 173120 781766
413 484087 685681
414 429984 845733
415 146835 585595
416 479096 810159
417 399724 834910
418 444088 773788
419 223082 737374
420 508660 703861
421 466916 794531
422 245218 250632
423 529818 747813
424 275307 748236
425 58061 570986
426 119865 538025
427 295567 699473
428 310433 230807
429 189759 821080
430 417027 715131
431 475548 765569
432 223819 770608
433 369297 698604
434 543968 826462
435 127028 772709
436 305569 204420
437 354274 222105
438 68158 518844
439 404819 831765
440 397619 673052
441 252111 817392
442 412250 843478
443 275680 256369
444 95438 779051
445 274323 322512
446 184408 772239
447 177744 781325
448 173539 229123
449 383848 676207
450 201512 290979
451 182033 741370
452 52939 494669
453 282169 274614
454 262818 235686
455 435714 783459
456 215508 768459
457 395749 879563
458 446404 870273
459 503941 768259
460 528412 859892
461 450838 781631
462 321516 254212
463 319410 126606
464 160614 804914
465 439735 762338
466 80268 554810
467 470690 742398
468 54085 530902
469 476368 689728
470 402051 858719
471 287547 192582
472 516921 762882
473 268000 248083
474 452648 840871
475 422985 750914
476 389835 894452
477 110118 554568
478 469335 829075
479 53512 479457
480 451132 849036
481 390311 684743
482 180399 714818
483 191093 772563
484 259660 202982
485 190761 808759
486 147419 568713
487 243697 242771
488 190965 764438
489 450691 736382
490 124132 855477
491 399580 866644
492 293006 260289
493 343046 224262
494 106567 514683
495 77602 495800
496 462121 827518
497 374152 863000
498 281282 312260
499 132447 593364
500 245271 340741
501 383566 787581
502 397685 723625
503 293291 247171
504 204849 715132
505 442259 704753
506 506896 807303
507 482668 808749
508 198056 761300
509 192371 761207
510 123122 595031
511 412500 913571
512 116853 532189
513 141037 519407
514 112983 799453
515 183649 810655
516 449940 783819
517 317692 318912
518 127727 597240
519 254967 217627
520 73836 524637
521 431829 862685
522 175992 548474
523 393133 706967
