NAME : portcgen-541-7137584
COMMENT : portcgen N=541, seed=7137584
TYPE : TSP
DIMENSION : 541
EDGE_WEIGHT_TYPE : EUC_2D
NODE_COORD_SECTION
1 740951 635136
2 103580 350652
3 370565 82331
4 813785 620333
5 639459 683090
6 853322 465526
7 699181 662176
8 957874 592051
9 931758 475019
10 674341 669230
11 46181 337077
12 970440 510536
13 85277 358338
14 651710 625990
15 71443 343977
16 151259 202023
17 441280 24101
18 722301 723977
19 82721 251053
20 -171 343456
21 897207 501337
22 429282 65846
23 43271 320405
24 728113 612390
25 925070 598209
26 80281 337102
27 718268 614388
28 105413 324824
29 47514 374197
30 418381 58960
31 165472 232752
32 963040 526459
33 696099 671551
34 199737 266777
35 82670 340200
36 67948 116074
37 968141 445161
38 692320 678491
39 730244 606848
40 860909 677389
41 913016 474096
42 888060 438612
43 911852 464329
44 150065 267512
45 177693 303370
46 883790 545640
47 408584 17871
48 769406 593196
49 726898 542840
50 133469 366834
51 709422 672497
52 109843 178234
53 945959 453647
54 46338 400170
55 714182 697172
56 127483 358233
57 788153 556997
58 91508 352661
59 98728 346509
60 460268 45476
61 752417 633537
62 105546 280176
63 780748 702705
64 959283 595165
65 120056 379915
66 731096 628456
67 405107 74156
68 919812 527760
69 961079 502737
70 935164 368034
71 152727 378073
72 74939 250258
73 167406 187119
74 90664 343806
75 437777 66552
76 113835 290664
77 941274 442590
78 933517 500019
79 132668 231142
80 27364 289687
81 122378 304116
82 922829 561420
83 713824 677803
84 54192 108998
85 927992 460530
86 176141 296214
87 382020 -7997
88 454843 21969
89 481903 13903
90 991851 534609
91 461644 70745
92 944259 455802
93 45524 320520
94 859267 449445
95 501568 66968
96 121555 258828
97 930527 581989
98 75018 286108
99 423753 30666
100 725262 628143
101 959791 440425
102 495891 -49760
103 103626 303778
104 110414 225576
105 526251 37046
106 691212 661162
107 58141 321464
108 164385 215763
109 71638 329428
110 366154 26090
111 473791 57667
112 485359 28968
113 45547 279822
114 104605 191394
115 120878 165315
116 128015 210166
117 739480 653784
118 161207 210905
119 58133 308616
120 936339 569273
121 210945 256089
122 791881 636214
123 753032 639894
124 133114 335452
125 414875 43078
126 29673 312099
127 105869 254089
128 159504 176951
129 947659 490216
130 879740 498287
131 753233 609614
132 898555 522275
133 859524 447547
134 72462 295963
135 225308 154322
136 659197 679650
137 855194 439256
138 754485 697640
139 698326 618545
140 693282 663041
141 178562 313322
142 751571 607830
143 100693 314135
144 917897 528231
145 66448 327971
146 53147 298902
147 95332 200833
148 139606 255635
149 892421 457870
150 955571 500561
151 682185 585620
152 28418 262175
153 714283 608062
154 93703 358314
155 720617 584096
156 475242 12703
157 438637 26597
158 969417 508353
159 46679 257356
160 119767 273832
161 894589 528262
162 707325 604554
163 551373 18665
164 41771 395288
165 929731 524547
166 396962 -4157
167 438022 65768
168 727885 662830
169 124009 287617
170 107207 325735
171 96494 284260
172 70406 274924
173 913804 409787
174 83040 348911
175 689212 658862
176 60062 358095
177 898239 508182
178 727787 670638
179 120082 211834
180 729824 643963
181 259658 202361
182 922948 486357
183 168113 235914
184 419569 55534
185 59892 315649
186 971323 484394
187 128305 342544
188 54328 305659
189 111330 282987
190 924257 480016
191 708621 646547
192 657799 634538
193 154988 254511
194 53767 249326
195 21372 281422
196 96044 253092
197 732586 585384
198 909747 484297
199 146607 214252
200 704089 675083
201 749961 624388
202 109983 237884
203 68926 403825
204 746851 616599
205 448667 -4873
206 53561 252759
207 81248 340030
208 882566 563107
209 33744 319135
210 112446 336973
211 125237 205493
212 755168 605087
213 449105 57178
214 142610 175569
215 669882 519937
216 388720 88152
217 56760 387809
218 75634 192473
219 452820 14968
220 444923 -16902
221 971991 484492
222 113838 231838
223 441868 221
224 947630 540786
225 737578 635255
226 144994 138264
227 787534 598030
228 729016 605909
229 408615 -40865
230 891565 438467
231 900799 507755
232 993014 513313
233 432234 -39302
234 112392 207743
235 394084 2173
236 731059 663000
237 683735 624809
238 746540 582139
239 418287 48700
240 430698 -22548
241 82181 368748
242 983564 535859
243 90126 286347
244 128739 292749
245 67685 333815
246 715409 618701
247 515052 67187
248 968472 468020
249 366848 32721
250 138903 218138
251 99496 288907
252 146146 121135
253 179300 192194
254 964142 487189
255 913516 503265
256 122898 305130
257 25728 364839
258 838885 631137
259 708137 684291
260 453970 8534
261 899539 494397
262 389720 65717
263 882608 514683
264 115136 133101
265 854512 480744
266 118300 149360
267 501111 -35987
268 332547 8548
269 942686 503333
270 949975 513342
271 688824 634477
272 124961 318146
273 856548 499865
274 83146 409183
275 890949 503892
276 887224 521604
277 83528 320247
278 400054 23467
279 780713 581674
280 695140 596401
281 768266 660188
282 149630 195648
283 400157 3938
284 746666 550179
285 363215 -21098
286 910838 499600
287 112419 218506
288 109988 163250
289 445432 -71097
290 480805 3793
291 673468 617277
292 420342 31348
293 980763 430813
294 460015 -34787
295 734182 656839
296 114425 158216
297 530891 68067
298 84842 269829
299 947786 451454
300 690937 615236
301 919028 532120
302 116387 210882
303 732477 666256
304 963881 442375
305 861422 506308
306 57882 344689
307 88666 314820
308 985244 524899
309 740354 582675
310 417776 -10245
311 161204 250541
312 413581 16499
313 937734 452084
314 716714 521727
315 141687 191756
316 179474 209702
317 76193 265222
318 710828 662181
319 453519 14928
320 77639 262020
321 708537 647581
322 678587 634834
323 741979 681893
324 691477 729901
325 176625 214475
326 93752 266410
327 865498 507619
328 1004787 579486
329 163126 231809
330 58641 316065
331 400993 16833
332 100811 201187
333 444347 46334
334 743372 601124
335 95113 359710
336 834404 565071
337 99560 305832
338 461091 38690
339 872042 537108
340 166941 97606
341 218133 205856
342 179679 167141
343 732085 627944
344 903350 503211
345 169418 289483
346 101759 196752
347 -40876 307402
348 456282 51437
349 398265 -28533
350 738864 702315
351 843211 527022
352 91263 139446
353 121681 296849
354 992469 498619
355 452164 57970
356 194044 394451
357 130425 277756
358 713633 671337
359 498671 51825
360 107938 160445
361 528606 9844
362 63100 267486
363 362523 82832
364 84393 368844
365 889838 564101
366 140052 221245
367 710307 657674
368 661890 596588
369 426631 11048
370 2833 276907
371 94671 163649
372 116358 180940
373 714202 580141
374 490712 -47620
375 -11284 305788
376 75575 365649
377 460528 88755
378 445154 2832
379 444484 12361
380 1018816 509854
381 725786 668893
382 776245 615508
383 430650 -28902
384 1019180 469802
385 946249 499059
386 650835 602227
387 449560 2163
388 856038 518892
389 930390 510109
390 20431 346956
391 115082 215866
392 426133 80994
393 41083 233452
394 37630 264668
395 98016 227521
396 413086 11989
397 416731 42029
398 729902 639448
399 714224 618160
400 380259 -10893
401 58471 175036
402 403794 96
403 961351 401959
404 463257 18236
405 899068 523210
406 497394 57894
407 802350 693691
408 357493 47188
409 978525 515178
410 418595 -7574
411 121143 325069
412 89213 266006
413 902155 394232
414 363065 40672
415 990031 536511
416 536835 3233
417 451282 -24138
418 867293 546381
419 908933 484169
420 927194 470266
421 83481 185060
422 93852 365821
423 467275 -21304
424 687444 639624
425 477823 30188
426 110070 140115
427 366710 10621
428 976089 430307
429 509058 34804
430 381614 70405
431 439919 26924
432 927437 537401
433 915916 528781
434 977243 478101
435 423324 25731
436 139127 250833
437 783814 635478
438 746291 639266
439 442549 29173
440 776953 654822
441 88802 328573
442 998917 483803
443 393746 51964
444 169797 213304
445 34694 313924
446 -27084 366348
447 179751 261254
448 909718 494315
449 133696 242788
450 481351 84261
451 1000898 567381
452 74734 367149
453 738775 533398
454 120541 269227
455 80356 348182
456 454418 -38596
457 659098 674516
458 77043 337553
459 746202 626330
460 447809 40522
461 458581 59886
462 892172 538858
463 718124 617411
464 873204 548561
465 108548 230990
466 121897 142677
467 684979 585298
468 704398 590382
469 118270 411787
470 897342 468328
471 866122 499942
472 72258 175184
473 487981 18333
474 454262 50782
475 668366 701056
476 723514 660571
477 408378 31736
478 464716 41929
479 116245 152383
480 924040 484564
481 409848 32666
482 52634 212711
483 488368 54282
484 898685 506344
485 936581 460947
486 214239 175406
487 710464 560221
488 105823 309885
489 454454 46754
490 955679 549545
491 711459 667255
492 368716 28922
493 140009 203308
494 896054 564969
495 92224 322865
496 882953 535925
497 24078 331036
498 691584 705037
499 731658 688368
500 128641 199225
501 432968 -16863
502 747319 663239
503 727078 674633
504 417508 -1141
505 350797 -6615
506 473546 -5751
507 1017285 466770
508 765542 642304
509 196724 347107
510 404115 11150
511 79125 377006
512 956077 461652
513 52628 339651
514 377180 23883
515 408049 24186
516 171865 161052
517 923904 556950
518 433796 26604
519 691249 600952
520 664589 662642
521 1010135 490026
522 1030553 470524
523 43449 207559
524 480138 62893
525 840341 534070
526 185154 206340
527 103040 349429
528 757903 553796
529 40293 274286
530 101910 99746
531 887927 438933
532 988843 454875
533 659444 680900
534 708280 585436
535 238568 159650
536 183763 293065
537 739754 626427
538 71558 255933
539 67827 336084
540 19192 295150
541 753971 605081
