NAME : portcgen-536-6839069
COMMENT : portcgen N=536, seed=6839069
TYPE : TSP
DIMENSION : 536
EDGE_WEIGHT_TYPE : EUC_2D
NODE_COORD_SECTION
1 149228 846506
2 882961 913433
3 157106 566092
4 741526 639702
5 474634 749316
6 203730 848026
7 768347 969937
8 209981 812013
9 860884 722602
10 410270 799044
11 815586 715348
12 768263 608288
13 25326 545872
14 551322 725921
15 16671 576867
16 829390 723719
17 30021 428448
18 281478 854602
19 298654 758409
20 967229 658509
21 210389 741447
22 6979 529455
23 63961 575986
24 419853 733235
25 153907 801159
26 343800 784260
27 344781 814406
28 202722 839330
29 946460 1008592
30 764666 1037139
31 230001 886421
32 803416 687312
33 794022 971779
34 834723 951974
35 880605 931433
36 875198 1036475
37 815570 678190
38 42099 541181
39 40175 640487
40 436471 749884
41 342130 698512
42 845971 676369
43 881763 707071
44 207699 794166
45 138142 557609
46 249064 814058
47 877341 945404
48 789797 700938
49 481860 740814
50 875411 1046523
51 138039 839473
52 790816 927012
53 128291 563441
54 820914 999335
55 883493 920333
56 819375 985931
57 821099 730784
58 872209 951269
59 195147 877496
60 785242 1096953
61 873503 619037
62 108497 657377
63 270851 799575
64 248759 836086
65 902329 965427
66 769461 725743
67 118599 645081
68 277136 796673
69 932144 970488
70 379322 783425
71 187205 766329
72 61684 481018
73 71204 629295
74 822859 1027953
75 97999 552681
76 25447 580637
77 872539 702938
78 805811 990728
79 89861 593782
80 252499 799937
81 101699 619664
82 90422 504163
83 827726 675064
84 820473 650581
85 149704 874294
86 866354 965593
87 124075 583833
88 776466 672240
89 879730 664049
90 178372 813305
91 854294 979526
92 769803 648292
93 233816 820717
94 770681 738166
95 156153 552820
96 809970 1031770
97 249015 896854
98 506815 828781
99 803047 728712
100 861722 933164
101 194778 836422
102 883034 668674
103 225940 843792
104 760037 711273
105 75160 537035
106 406346 767022
107 219481 745447
108 776371 928789
109 52280 534814
110 58790 590125
111 484173 843937
112 751182 1032146
113 9175 582305
114 204530 803840
115 426450 693387
116 789821 947985
117 817008 994739
118 824036 915165
119 770926 700778
120 93309 621840
121 91456 569868
122 366991 684404
123 210220 806629
124 75759 576022
125 55319 549974
126 425232 753541
127 867049 1075971
128 175606 825514
129 378535 751533
130 810217 989951
131 427023 751366
132 193609 833823
133 43016 611182
134 844381 941612
135 183351 550406
136 82531 556598
137 832251 733248
138 144342 829288
139 160447 796201
140 421217 732742
141 237196 841940
142 228277 804530
143 82131 590811
144 219831 840469
145 151771 886243
146 826205 1013810
147 70566 602331
148 805377 752709
149 868193 975970
150 831311 1020607
151 877858 1007736
152 842805 972758
153 435403 762427
154 92812 643147
155 49626 638729
156 92060 557979
157 427060 732398
158 20901 585009
159 448466 703363
160 79416 570838
161 775003 713975
162 801874 986850
163 184700 775738
164 234849 812822
165 59635 652240
166 32115 555412
167 14800 606069
168 67805 641643
169 159247 878139
170 862164 632635
171 483573 745373
172 851270 993801
173 900814 653515
174 227362 800593
175 805892 958405
176 175120 871926
177 190223 852128
178 403957 772157
179 185283 786951
180 445055 758894
181 243394 851168
182 786548 1055992
183 155670 866571
184 124669 854409
185 811722 669864
186 901535 967980
187 16429 588565
188 883860 945002
189 811727 950503
190 821972 640279
191 144272 568642
192 470032 774954
193 457121 767615
194 914498 888597
195 729591 742065
196 476631 804085
197 394422 713446
198 880108 1003162
199 189088 816337
200 184465 841927
201 40165 584468
202 239470 813156
203 477807 726837
204 406543 759215
205 432396 763722
206 448602 743313
207 523178 795884
208 515982 771378
209 849635 944581
210 448911 825557
211 812063 901851
212 503083 742723
213 815719 972152
214 262507 749336
215 843381 769295
216 869192 920080
217 839057 994869
218 120378 800628
219 56917 583118
220 826016 732296
221 28577 589559
222 871742 949190
223 384233 737716
224 812451 756992
225 44493 571566
226 229036 857886
227 842156 952847
228 808369 993681
229 825015 1005197
230 356838 745880
231 35705 601920
232 783941 740815
233 850787 685458
234 388025 810706
235 405309 813769
236 823993 903353
237 809445 980776
238 746298 634804
239 191979 781209
240 823516 1034119
241 897803 642340
242 790259 704098
243 217516 729897
244 77807 530742
245 183305 849101
246 826942 1002042
247 862361 644656
248 262873 804064
249 840259 985432
250 364688 669935
251 818328 676532
252 240629 762792
253 186109 766945
254 240473 819649
255 189052 895667
256 909284 937530
257 805303 672191
258 768591 937203
259 250674 821818
260 210247 830797
261 75546 536986
262 193320 750759
263 197304 812690
264 129757 659160
265 53220 531575
266 743409 715546
267 824388 660301
268 809364 657591
269 811706 688338
270 52217 636447
271 857005 979984
272 203014 741317
273 784971 711442
274 370270 726751
275 373678 770146
276 112714 607541
277 45119 592240
278 99842 494520
279 786575 729728
280 225880 772839
281 814857 759376
282 866100 709718
283 888130 1016154
284 478248 736917
285 823085 607171
286 137198 856772
287 159837 870998
288 131541 639336
289 59789 603384
290 442193 803134
291 847137 1060809
292 85692 546800
293 458350 804101
294 419561 825403
295 46948 580598
296 494811 693290
297 449407 759487
298 89205 564052
299 746709 711892
300 167239 632627
301 214962 779407
302 854886 876113
303 213169 852988
304 60298 587806
305 770913 925635
306 839105 1027842
307 823235 727104
308 14039 495110
309 444780 758309
310 159468 578459
311 874674 946791
312 790288 1003597
313 851428 1050067
314 32088 588199
315 772214 972826
316 815082 651295
317 387723 836143
318 35181 623128
319 212526 845096
320 815920 974199
321 832391 673297
322 216769 815285
323 44974 628719
324 94704 549211
325 820828 736678
326 476822 696866
327 850783 917030
328 835559 695739
329 105408 527247
330 794868 640564
331 851256 909105
332 448010 790680
333 819270 979718
334 52514 579369
335 777409 721994
336 52197 629695
337 149023 594120
338 51523 658148
339 138204 558681
340 848015 1018333
341 193150 843359
342 109926 826370
343 867252 1002278
344 893691 981742
345 437169 764647
346 782285 675137
347 842158 726946
348 410776 759019
349 408993 759762
350 821241 728314
351 195484 824661
352 792358 647330
353 218038 861321
354 222120 756100
355 829296 905222
356 243935 889858
357 779599 739683
358 832671 657511
359 431024 780896
360 769805 744156
361 443572 749213
362 228015 765563
363 878142 716955
364 899871 940022
365 213494 747495
366 187527 795502
367 842559 913917
368 215097 828477
369 166196 791477
370 70423 495982
371 433603 792935
372 749224 706692
373 851604 750915
374 329272 755625
375 807517 685758
376 74808 577257
377 446731 687603
378 146797 847028
379 115839 595515
380 192318 849778
381 372042 781166
382 462672 774848
383 843767 637124
384 441396 740753
385 242101 752225
386 440881 688785
387 277555 800230
388 873790 990461
389 345123 803405
390 823873 745148
391 872653 912505
392 500465 785403
393 871926 948033
394 467524 737115
395 770186 1036822
396 888803 930026
397 244671 801676
398 841902 649025
399 79508 640544
400 837913 965589
401 843065 938112
402 807861 777567
403 847513 706708
404 239075 874751
405 450959 699073
406 197323 893271
407 287973 826479
408 444430 725065
409 30787 608258
410 823194 711797
411 161272 825063
412 204159 852064
413 424442 816208
414 731110 731826
415 275210 831799
416 52370 521346
417 129927 539281
418 354705 791537
419 423680 744401
420 767530 910033
421 178903 849689
422 869036 984864
423 208859 857808
424 237272 873174
425 804264 706310
426 783545 706498
427 747606 710577
428 729562 746647
429 800458 990874
430 446225 711955
431 732650 662229
432 861316 1001332
433 380054 813890
434 71020 615133
435 411684 751735
436 848885 674197
437 738990 728878
438 445136 767526
439 381050 749903
440 760880 617663
441 451966 727780
442 790257 980431
443 42759 548658
444 439958 723707
445 845702 681869
446 830832 696579
447 844546 1006957
448 852569 926643
449 250293 791121
450 851006 1055593
451 353893 830825
452 420006 722770
453 230023 857897
454 750228 731170
455 821491 676365
456 134554 811811
457 817273 704816
458 395129 705237
459 394012 790651
460 11760 602864
461 751697 638123
462 35814 540183
463 479527 688668
464 192607 863806
465 924518 978685
466 879702 667035
467 100350 764141
468 862234 605597
469 393185 823362
470 118961 771435
471 400012 710765
472 18514 550052
473 113715 636192
474 864156 1003129
475 450494 769429
476 222758 861977
477 433189 759221
478 78698 633196
479 799010 702160
480 822447 727342
481 479156 730360
482 421864 778001
483 471076 759144
484 819997 1004343
485 17864 576768
486 443651 769914
487 194493 886544
488 134445 597862
489 474075 730402
490 812209 616556
491 86313 552263
492 253076 830057
493 849256 750618
494 786793 691955
495 91603 516637
496 50595 606912
497 410064 726910
498 342098 753057
499 77313 702101
500 768121 975527
501 776751 688639
502 779744 697509
503 180564 826612
504 163093 791479
505 437738 845217
506 370958 725068
507 765863 1018533
508 222913 760968
509 502678 781944
510 861656 989575
511 472001 719181
512 241292 816419
513 798809 1038919
514 452207 699889
515 89514 574617
516 141774 904665
517 98966 814094
518 221787 797719
519 756285 722806
520 902504 693747
521 41867 590960
522 162036 836299
523 278690 785370
524 787922 669916
525 850607 720620
526 882249 1005111
527 805165 660911
528 458240 737050
529 137413 793621
530 724287 709536
531 523830 749151
532 148646 884431
533 181341 610769
534 779654 723982
535 132903 864821
536 390402 706794
