NAME : portcgen-555-5906727
COMMENT : portcgen N=555, seed=5906727
TYPE : TSP
DIMENSION : 555
EDGE_WEIGHT_TYPE : EUC_2D
NODE_COORD_SECTION
1 666773 449847
2 725662 455993
3 902705 944772
4 151629 564835
5 85090 482526
6 93811 497512
7 115760 480353
8 429847 460123
9 415043 448096
10 476291 442173
11 104158 536355
12 691956 429502
13 943196 884685
14 700511 420156
15 165650 494145
16 441986 375447
17 436865 465598
18 528642 422720
19 561495 768787
20 857169 887865
21 189645 486926
22 550046 769669
23 897008 899913
24 598411 710673
25 562629 838447
26 789268 453779
27 751447 397538
28 900425 977494
29 528113 803230
30 429010 451451
31 501157 807052
32 776575 394882
33 369415 514596
34 391727 400225
35 759442 455015
36 749759 480296
37 649709 463999
38 961314 985168
39 744863 436414
40 78820 521674
41 126028 506913
42 490456 772353
43 541603 828164
44 439416 454374
45 212683 448778
46 758656 422993
47 753101 387707
48 926622 976144
49 143704 437907
50 753435 425075
51 540342 813485
52 324425 519757
53 685765 425022
54 705361 412280
55 925722 963084
56 937454 926045
57 132903 462184
58 592417 870895
59 826939 952562
60 905987 905175
61 363352 459212
62 93943 467110
63 767352 464517
64 967335 923212
65 493048 442672
66 911894 935261
67 712479 422472
68 419417 505672
69 112240 476156
70 178805 495800
71 573938 750038
72 929827 953345
73 903737 939033
74 377915 453790
75 737868 358956
76 556519 797132
77 926262 935749
78 720724 462856
79 537265 729176
80 909230 972732
81 439386 440190
82 579042 763912
83 923803 860277
84 699371 377226
85 129750 480394
86 372073 370994
87 140367 459932
88 170201 436612
89 716492 477773
90 484060 411605
91 413872 388376
92 927639 977059
93 365104 378855
94 493835 734519
95 376336 378883
96 715367 399159
97 403573 420630
98 988245 831096
99 754509 450338
100 128483 520736
101 105339 490115
102 746866 461254
103 885810 963107
104 718540 418946
105 478531 479796
106 754757 453189
107 149229 478128
108 123486 488290
109 161630 430547
110 172996 417890
111 134834 528403
112 738448 453871
113 551375 783562
114 768564 441191
115 209108 515226
116 410643 459811
117 1014036 981649
118 189230 423164
119 690724 478679
120 87678 420313
121 643482 414819
122 792916 520335
123 579619 784216
124 934796 947919
125 854455 897437
126 524953 813808
127 444089 351034
128 737698 345592
129 139383 474786
130 582486 754601
131 889823 960849
132 388720 422679
133 364792 516433
134 880296 1014506
135 671795 489160
136 250015 508045
137 713587 458730
138 383754 471861
139 729867 459510
140 747320 379545
141 669915 434746
142 970488 922068
143 347923 438192
144 834699 853997
145 134794 407981
146 602018 746151
147 700429 459749
148 622188 782136
149 889532 873575
150 155139 457314
151 176120 458469
152 147652 586920
153 471468 438782
154 184304 434345
155 511608 797866
156 414971 453663
157 466383 406549
158 392613 455974
159 926494 899789
160 470222 534265
161 893434 911410
162 997352 938077
163 745467 453933
164 151733 511728
165 769808 393011
166 358464 461409
167 408497 491263
168 517830 705155
169 585536 781531
170 589581 742903
171 532258 798193
172 523656 706568
173 877828 924205
174 509871 791617
175 924054 992542
176 736506 469411
177 902755 873782
178 382197 437174
179 889751 915737
180 160369 544889
181 721600 430880
182 77417 469822
183 392554 467021
184 942020 955766
185 562351 746849
186 945465 902893
187 409913 501379
188 210232 540490
189 441278 407332
190 695932 443609
191 915623 894934
192 696228 387625
193 553216 758963
194 848410 895251
195 728125 446430
196 461259 456198
197 590245 840192
198 716555 435195
199 681119 361756
200 705328 418829
201 486887 811106
202 224231 475490
203 445907 415668
204 432758 392931
205 690628 400380
206 347726 398747
207 953546 877445
208 701334 430361
209 389952 454655
210 453707 930073
211 920789 913380
212 416711 442661
213 411968 500821
214 194745 446117
215 91489 400989
216 137347 516129
217 433552 346489
218 222460 488833
219 383266 426317
220 735172 405439
221 364837 515597
222 897318 928909
223 147822 473200
224 599615 805607
225 104315 475742
226 205477 484226
227 452079 448853
228 129118 434831
229 941031 896563
230 172120 491613
231 149238 528955
232 139696 419575
233 488796 764242
234 185790 472842
235 180141 401308
236 749343 438568
237 578717 791806
238 945210 976654
239 526497 705759
240 960504 935660
241 104374 503543
242 389300 446577
243 561438 777446
244 398705 417130
245 919035 895223
246 360470 417260
247 502350 730360
248 930712 962316
249 102439 446125
250 530762 784335
251 458293 400515
252 165738 494727
253 574947 874063
254 557814 749431
255 357306 458438
256 981390 986932
257 423816 445797
258 440270 414442
259 172566 549570
260 705333 488254
261 649807 442306
262 629956 435680
263 184654 418274
264 697419 463852
265 66535 489711
266 502554 784731
267 500789 707534
268 1006030 930916
269 711638 429553
270 836058 395562
271 461090 444447
272 969182 904872
273 133650 443065
274 1023837 911831
275 514203 832136
276 765740 407710
277 119510 432487
278 424456 434625
279 377288 420944
280 143010 442851
281 845365 888858
282 119878 485022
283 369819 422413
284 592566 728756
285 80383 474574
286 730457 457944
287 942754 962335
288 173436 384580
289 167391 494939
290 106547 496391
291 736057 481073
292 552521 822658
293 346485 405634
294 365375 403585
295 100539 442999
296 475178 353346
297 506707 797617
298 826443 418211
299 714276 422098
300 399008 505005
301 887589 944938
302 1010242 892587
303 935894 941229
304 779213 453473
305 226858 493587
306 114678 534268
307 214630 524476
308 140306 496934
309 718981 367914
310 443579 494909
311 869245 939129
312 692873 443112
313 933822 898022
314 359050 478422
315 506853 405772
316 424792 499668
317 467716 420102
318 614862 700734
319 983789 772834
320 692451 399525
321 741852 501307
322 644159 798917
323 400426 476216
324 536559 727940
325 911428 903123
326 170049 494834
327 511990 772777
328 791812 454549
329 550794 764636
330 142509 452878
331 254785 457355
332 711554 444977
333 627317 455783
334 903065 1014438
335 587099 788874
336 732100 408643
337 903779 932976
338 498812 765999
339 473695 793196
340 770379 452634
341 736783 444751
342 902980 921508
343 607655 743955
344 441005 543640
345 412708 388357
346 868716 889365
347 422605 435218
348 967812 992337
349 212713 453752
350 785413 442658
351 376214 482424
352 706596 385975
353 574241 760939
354 638040 507723
355 904471 996096
356 635046 443004
357 910225 944453
358 161782 544370
359 427279 434275
360 85126 485764
361 570374 832378
362 551036 788067
363 980308 925100
364 892906 871548
365 395453 445011
366 907666 949591
367 426601 477443
368 438758 852113
369 717358 481067
370 173668 486377
371 786883 410264
372 367301 463984
373 952149 928946
374 431012 433026
375 359217 420489
376 589405 788928
377 965669 949290
378 565211 752326
379 409845 428106
380 952759 975039
381 140671 527151
382 373946 423510
383 973090 976964
384 947218 935333
385 549534 833945
386 172460 471705
387 223662 538901
388 337044 355885
389 491954 446365
390 689699 399991
391 920419 911858
392 776478 462342
393 174718 468531
394 402244 401944
395 478601 414424
396 749537 400108
397 749069 416653
398 942061 971725
399 185572 511107
400 659489 411707
401 145421 493046
402 904470 975290
403 972650 869313
404 691697 448123
405 661432 465730
406 136673 459877
407 455201 796671
408 713672 465906
409 110959 499981
410 434397 405635
411 693052 409612
412 946708 952825
413 529632 850148
414 725868 429056
415 428874 443869
416 937857 911814
417 114342 472003
418 185581 461870
419 987775 909387
420 433606 447573
421 396204 423632
422 925035 856678
423 929076 872098
424 676063 512000
425 149040 500549
426 864089 926907
427 479930 747794
428 189010 482895
429 110422 589541
430 349243 447195
431 909102 997651
432 529957 787743
433 127416 498865
434 434712 461636
435 442624 390540
436 882009 908280
437 916826 871774
438 803456 354874
439 457631 432224
440 443508 411938
441 564631 873711
442 527786 774701
443 713076 419648
444 125301 567536
445 780841 481704
446 736214 393094
447 171533 493608
448 157282 485399
449 232397 516724
450 680409 437742
451 663336 411754
452 603166 797279
453 735540 381188
454 514472 769529
455 411571 479495
456 967058 995460
457 626545 745816
458 445764 724356
459 289070 488731
460 409866 528649
461 478663 695478
462 516159 800015
463 451385 469633
464 501958 713665
465 983844 1056379
466 683552 436947
467 161594 570198
468 942800 908727
469 973898 973424
470 745652 431388
471 151289 502881
472 488166 774342
473 994369 936448
474 448307 401669
475 749172 500650
476 781595 434956
477 691230 520193
478 226228 481181
479 169550 409649
480 908806 879079
481 772603 444907
482 526703 743297
483 497306 773456
484 575519 759035
485 557494 803596
486 470761 461550
487 705511 438382
488 531466 780906
489 202776 470271
490 780037 499953
491 510110 811615
492 736784 431593
493 564788 784052
494 583757 765362
495 622383 770845
496 959761 1021184
497 383586 468407
498 493269 769084
499 91938 535748
500 136296 515052
501 810449 444454
502 688869 298882
503 106969 455557
504 527818 671848
505 527557 833553
506 171954 509802
507 969015 925817
508 844527 469877
509 945937 894851
510 386269 478030
511 966808 904941
512 126460 469630
513 566308 795988
514 756314 503891
515 946577 949747
516 177991 423848
517 142729 498139
518 747792 333067
519 123330 406235
520 168114 500100
521 523182 801538
522 393656 399349
523 758848 457523
524 762233 404432
525 389066 366469
526 712770 413266
527 935433 918605
528 930929 965344
529 1011025 962105
530 628142 407467
531 695355 435770
532 412308 491531
533 720224 509518
534 473936 790635
535 173222 453701
536 158351 447722
537 708907 415961
538 468839 401405
539 150189 495924
540 709076 440048
541 888323 893345
542 465097 465566
543 576463 736689
544 700599 422179
545 404369 385889
546 980037 973980
547 973889 964983
548 757753 408703
549 752209 451766
550 414030 431893
551 755377 449159
552 165975 473482
553 257751 502711
554 634122 740071
555 428284 440842
