NAME : portcgen-494-7642406
COMMENT : portcgen N=494, seed=7642406
TYPE : TSP
DIMENSION : 494
EDGE_WEIGHT_TYPE : EUC_2D
NODE_COORD_SECTION
1 352271 -40318
2 201493 646877
3 246896 553784
4 325382 3466
5 125896 48747
6 128470 100084
7 92217 36811
8 76255 75071
9 126428 5732
10 183610 640670
11 184540 559846
12 151016 610079
13 111564 7798
14 249960 877740
15 276417 914743
16 338522 -29290
17 258707 885238
18 117771 16949
19 304026 2063
20 370733 12441
21 64213 7234
22 302196 775402
23 245811 750943
24 227037 75981
25 276918 930334
26 263913 31895
27 60008 125011
28 126757 87671
29 296210 -10632
30 62020 84886
31 146016 119089
32 150922 52036
33 128767 594905
34 154808 77818
35 245316 91918
36 195759 -2724
37 303731 -30999
38 290294 71564
39 329456 904166
40 128919 16658
41 241168 843510
42 316852 -32776
43 78922 166167
44 122920 32703
45 269209 -37382
46 303464 43680
47 119570 59669
48 198800 604324
49 209084 29658
50 325214 33539
51 218623 705520
52 220994 661093
53 288459 47240
54 379841 -74875
55 262734 827788
56 94256 110277
57 310194 775893
58 110806 79867
59 289447 26792
60 223034 63386
61 174135 659071
62 105056 68027
63 209240 622488
64 68991 152608
65 203499 688415
66 255484 21055
67 199897 632757
68 218097 827974
69 362839 10339
70 124872 37386
71 113725 661005
72 66662 136094
73 125199 568332
74 183667 63806
75 299505 861132
76 79023 14795
77 105483 61983
78 56035 33315
79 371709 834709
80 290996 65565
81 102195 714712
82 337370 811545
83 328716 860240
84 102852 87667
85 248374 917645
86 298014 931228
87 195240 582958
88 291307 22604
89 281301 948225
90 254520 635171
91 125620 667085
92 325050 -3863
93 291954 -11099
94 96210 74237
95 292432 888615
96 340039 47643
97 273821 43939
98 323882 797957
99 347305 96167
100 210647 643288
101 237530 912728
102 214720 646934
103 260762 835000
104 164007 68029
105 245552 832878
106 243068 599856
107 245845 40759
108 89971 74298
109 61521 156281
110 244865 653273
111 130308 61948
112 246367 623493
113 306231 -34253
114 329547 45875
115 191496 152765
116 290268 807331
117 176652 40120
118 209500 -8874
119 335929 24779
120 330965 16637
121 301429 907320
122 134885 124982
123 183351 60640
124 204043 665455
125 143434 63590
126 331560 843806
127 155970 688374
128 384416 71010
129 294479 22085
130 114836 619230
131 303820 48162
132 120492 643440
133 243628 -23769
134 184367 593441
135 262544 63784
136 260537 75831
137 227453 106853
138 315703 830641
139 288655 13283
140 316799 32774
141 314667 58789
142 177603 761521
143 222892 835407
144 279261 -63911
145 142797 110112
146 126497 669915
147 89857 129494
148 358911 -9196
149 290649 -4609
150 223796 -6175
151 282784 401
152 215603 77130
153 305606 42879
154 85526 124493
155 -23128 34552
156 303366 804349
157 124316 68929
158 286842 920201
159 227764 -55323
160 332723 897532
161 123028 39375
162 263208 14096
163 104642 693954
164 345170 817716
165 253152 709664
166 302458 82071
167 304902 75328
168 255092 798704
169 86363 59807
170 232117 283
171 137394 93664
172 228928 823716
173 157643 20683
174 85835 123302
175 104805 40277
176 94160 691907
177 123901 112885
178 313930 828116
179 161255 586797
180 133292 686577
181 231308 628085
182 128858 80261
183 251651 690584
184 112181 112124
185 218864 708336
186 381244 818615
187 272970 880264
188 322060 850277
189 282431 6392
190 190087 67499
191 83280 95238
192 204797 47290
193 193394 70426
194 297261 38172
195 116167 587662
196 191057 649741
197 317616 -18647
198 98592 78835
199 57265 44963
200 193850 39325
201 86084 575264
202 97670 96836
203 222229 659323
204 60370 46146
205 215618 54424
206 146153 58672
207 203353 653637
208 260574 -45736
209 348695 7005
210 188945 48786
211 133430 69678
212 283436 620362
213 267247 925471
214 74117 70813
215 258866 -69581
216 73037 46940
217 256240 863412
218 273312 -24283
219 216511 58766
220 249722 615137
221 196024 42163
222 187168 580400
223 158673 561650
224 208475 762952
225 112369 -33389
226 349597 826230
227 339026 827419
228 193696 578706
229 156550 693040
230 272662 874054
231 233604 80860
232 382900 811014
233 111788 90394
234 221873 658451
235 270312 657571
236 340495 878091
237 196910 684405
238 185957 -31617
239 80230 32585
240 377592 -35012
241 249841 665230
242 247452 43895
243 257103 9232
244 238725 16435
245 260256 76
246 152601 670474
247 128746 141002
248 264635 -21434
249 217866 853428
250 188545 472267
251 260565 659832
252 192537 623114
253 289196 33520
254 320522 29135
255 165192 666981
256 119654 70542
257 143458 30961
258 344616 836480
259 160931 574502
260 157180 101106
261 257180 40382
262 46407 152157
263 247587 711856
264 265760 -7165
265 165532 632956
266 72285 14532
267 245892 16085
268 245279 20389
269 161652 41776
270 55602 84865
271 306578 832353
272 205579 616289
273 246494 799103
274 398002 106841
275 265131 -10654
276 297177 735201
277 131747 127658
278 229113 814135
279 202328 598042
280 277107 923029
281 318358 30167
282 182421 69999
283 193730 668829
284 136479 711720
285 281396 -23002
286 287820 111694
287 125584 172925
288 126981 16598
289 304873 917061
290 310363 -71018
291 67921 36367
292 193078 859584
293 324765 68009
294 116918 107225
295 105680 25711
296 287450 964163
297 128347 73966
298 341255 74869
299 164889 51778
300 237743 839628
301 123577 120317
302 121059 567295
303 178916 626201
304 308243 -46611
305 134775 668182
306 312519 812553
307 184767 591291
308 316884 60541
309 145268 -10562
310 296624 858833
311 333933 865625
312 219597 622415
313 267628 878604
314 242425 813457
315 131486 638214
316 268531 28321
317 277981 -7848
318 126617 43020
319 192389 709312
320 218218 869655
321 132814 709380
322 298789 758093
323 386830 894358
324 216830 12311
325 297546 911893
326 264155 851375
327 241759 654611
328 311046 143221
329 128248 609602
330 330994 32708
331 187063 31040
332 195032 594288
333 260425 814206
334 202527 706623
335 411088 3994
336 249442 630370
337 11704 39593
338 224720 -10905
339 124153 33398
340 328445 -1144
341 282014 901303
342 304513 26299
343 92291 73424
344 176370 616285
345 124762 727122
346 218387 100539
347 104473 724778
348 279145 859888
349 221620 -41451
350 341001 780587
351 312630 837044
352 104885 657345
353 265279 57693
354 300310 837186
355 251529 46087
356 121900 69262
357 231766 -30932
358 267402 731239
359 296282 -15913
360 262571 24001
361 184014 599817
362 127746 651216
363 170189 587117
364 283351 856559
365 312190 778327
366 47024 127149
367 294189 46407
368 68166 -5447
369 80168 -33388
370 132619 25833
371 180008 662657
372 219093 669425
373 148778 8840
374 250002 16911
375 142655 715126
376 279839 115266
377 323986 -15117
378 247972 723011
379 79435 32556
380 274385 52487
381 276037 41783
382 128045 663269
383 35443 56903
384 92018 25336
385 172806 652128
386 270462 817643
387 132014 81791
388 192629 8202
389 107167 94548
390 148228 684516
391 263951 106035
392 153246 643915
393 215128 697336
394 228789 792418
395 134904 639218
396 299333 856244
397 266769 -69212
398 273717 48615
399 164709 595694
400 309780 786275
401 222215 629404
402 265604 -12889
403 247099 843199
404 248941 841662
405 308653 860921
406 324015 23562
407 159880 622332
408 52938 103001
409 265449 826637
410 196809 566409
411 338871 888428
412 156713 65478
413 291441 809204
414 257230 25097
415 72451 100485
416 203945 537900
417 82960 174468
418 112883 74807
419 247297 -35110
420 134761 567768
421 268929 31490
422 53768 53879
423 130158 734894
424 234924 607815
425 264886 3551
426 137141 159324
427 311523 70161
428 168995 107293
429 247247 837339
430 182802 160387
431 166374 84039
432 238066 886275
433 142520 630888
434 252737 836612
435 225353 47110
436 204983 664893
437 113149 84584
438 79963 155889
439 230484 85947
440 159940 645091
441 138277 604881
442 272905 890926
443 314835 60019
444 242780 609492
445 235979 688226
446 118407 57416
447 243895 632689
448 55353 -25440
449 282528 888698
450 381527 62458
451 49550 105184
452 116338 19912
453 177966 674200
454 227122 878909
455 122998 149742
456 219839 840267
457 235661 660818
458 131927 122331
459 233557 626853
460 211936 659254
461 240439 845981
462 261974 868747
463 180839 571507
464 79747 -39924
465 216895 659847
466 105387 682938
467 216136 656594
468 162126 602625
469 101764 43573
470 105475 183462
471 270679 44464
472 141356 45521
473 281034 -17891
474 242865 910716
475 301351 -62192
476 79916 111910
477 256322 7475
478 131748 42899
479 215309 114370
480 80601 72570
481 140357 103264
482 147220 622752
483 93141 622857
484 263702 928015
485 231936 794246
486 259341 -63653
487 248181 40906
488 250985 659527
489 284747 944492
490 236750 792601
491 229614 940917
492 177744 585474
493 261068 31493
494 358010 -10302
