NAME : portcgen-482-7565716
COMMENT : portcgen N=482, seed=7565716
TYPE : TSP
DIMENSION : 482
EDGE_WEIGHT_TYPE : EUC_2D
NODE_COORD_SECTION
1 776606 573201
2 541998 272856
3 519449 362452
4 778562 490614
5 897738 348911
6 39699 174745
7 171948 75222
8 445946 328940
9 825693 509133
10 751903 565483
11 833477 525971
12 147252 49153
13 73556 44745
14 836959 553816
15 812622 542161
16 520696 335809
17 750128 538257
18 869424 411696
19 481611 280971
20 954552 369975
21 503862 374334
22 786309 560924
23 123048 47050
24 545931 351563
25 669687 519390
26 132197 159783
27 542190 348000
28 67464 171696
29 103669 190482
30 547460 293155
31 860076 570445
32 840448 274522
33 100246 106655
34 457659 430381
35 149328 134025
36 796669 517272
37 771954 586645
38 964713 344206
39 103176 105567
40 709155 530647
41 917802 447155
42 553065 251023
43 722976 637311
44 146736 103225
45 554196 260582
46 102582 115343
47 850346 260033
48 912772 330366
49 146205 116699
50 816418 472217
51 116588 104291
52 933861 337047
53 89190 46635
54 761425 535459
55 473136 363894
56 725862 533921
57 708693 547679
58 407061 348619
59 104034 133243
60 914711 580601
61 110252 172295
62 482927 426143
63 462154 261974
64 870863 317839
65 172604 190073
66 178899 137318
67 949746 432458
68 523354 351108
69 788920 531879
70 456691 328198
71 165971 159469
72 166268 143018
73 81718 190479
74 218974 135962
75 474215 334751
76 813899 509512
77 890678 368093
78 731227 509872
79 158580 101158
80 841225 354746
81 851732 317582
82 785922 587068
83 494569 352238
84 53727 166227
85 550705 268007
86 458045 351954
87 952969 379767
88 785925 601453
89 95767 74619
90 510276 379031
91 117078 125488
92 866348 378864
93 482339 282128
94 561693 392088
95 905864 377043
96 421956 373881
97 687424 607241
98 147510 125174
99 860096 369340
100 720319 623944
101 570256 295721
102 163818 129233
103 156502 57262
104 894170 454374
105 188420 111082
106 102240 217525
107 53355 115471
108 894164 294728
109 136790 139804
110 883477 395353
111 955475 338993
112 519031 365113
113 928571 409345
114 916752 371198
115 881237 388958
116 738458 566004
117 474778 386291
118 463182 327780
119 98486 88003
120 525335 320425
121 118180 139530
122 829456 330199
123 775259 304498
124 486471 377529
125 556976 303862
126 900461 366020
127 605482 310573
128 902573 353736
129 742819 550837
130 494815 323452
131 484035 354076
132 458648 298237
133 250699 196288
134 196399 152441
135 994185 339329
136 57994 169889
137 137181 107037
138 786790 312762
139 900287 300810
140 461072 252654
141 96400 240177
142 423611 293276
143 724516 496987
144 722928 486060
145 867857 250050
146 181854 124547
147 96675 101557
148 138929 131882
149 17560 126098
150 69816 205721
151 153894 84161
152 836813 483012
153 806229 511787
154 463799 372044
155 174031 122737
156 724373 547836
157 113728 88247
158 142273 173068
159 884607 507645
160 843572 394587
161 486047 408527
162 109361 52913
163 503874 266690
164 730991 498912
165 788255 609590
166 927290 380506
167 502652 370718
168 111545 142695
169 791677 522954
170 487664 299949
171 499628 263721
172 851801 398417
173 503946 226297
174 876188 396820
175 502359 365705
176 843784 510991
177 510894 291313
178 118044 112829
179 820661 385951
180 685548 623408
181 767854 638300
182 844119 523951
183 62094 172998
184 814698 549313
185 683258 500440
186 856651 420695
187 172075 138046
188 154858 137663
189 830939 586683
190 120440 113585
191 132565 30670
192 901751 363063
193 562125 338119
194 829098 310189
195 233992 117634
196 778473 478316
197 531244 298483
198 840112 557875
199 187040 127206
200 558868 308546
201 505925 206501
202 774316 547415
203 905194 353146
204 767851 593691
205 547988 304051
206 770352 550577
207 589810 283601
208 103374 178487
209 488360 363772
210 810600 393752
211 888317 396877
212 800344 576504
213 898264 397524
214 131411 103431
215 745711 560008
216 802095 524476
217 122950 176774
218 176243 127355
219 789391 513125
220 800657 528537
221 56407 140983
222 527412 320128
223 522554 340108
224 473263 343645
225 709121 502437
226 136016 194388
227 566272 296549
228 854294 337482
229 526288 282205
230 858203 486007
231 906820 329252
232 118755 139276
233 151696 124833
234 130897 103542
235 116690 90639
236 479542 336151
237 553012 304132
238 895353 259305
239 505944 252589
240 70034 131555
241 842298 353903
242 568279 274457
243 905517 296018
244 981848 387936
245 384904 308708
246 746097 530616
247 172438 177874
248 553211 305842
249 537450 271855
250 806780 568950
251 721158 546641
252 83518 113439
253 955180 299950
254 138795 112117
255 748487 526941
256 145337 141337
257 509003 236781
258 463230 315579
259 836171 467095
260 790991 541679
261 753772 521680
262 792670 500364
263 111877 95776
264 83301 56065
265 115428 108428
266 410968 329520
267 809637 336953
268 799617 392975
269 105839 139717
270 797845 492595
271 551123 340772
272 443830 328733
273 800264 417297
274 552022 245391
275 809722 527607
276 762643 547215
277 497575 441799
278 420716 498264
279 860071 387309
280 95117 157641
281 476851 291185
282 820043 553578
283 144843 117907
284 58435 186624
285 733801 503648
286 503421 393400
287 855912 355318
288 717048 488030
289 784854 551709
290 783424 397473
291 862852 314078
292 821440 610681
293 781783 573661
294 460212 405497
295 837757 386530
296 514910 331124
297 481212 223238
298 826224 328986
299 776910 543835
300 513000 354263
301 811189 537848
302 706581 562986
303 51962 87895
304 97914 162136
305 146327 122291
306 33820 113637
307 157194 136428
308 886465 361512
309 17252 176024
310 699283 482517
311 569965 390417
312 360392 288481
313 499458 367157
314 407197 346485
315 96256 141045
316 477628 320716
317 540706 291156
318 905714 418692
319 447814 278424
320 426713 280826
321 127359 38845
322 172471 63979
323 502341 298991
324 831331 381729
325 819093 585547
326 569277 333487
327 419798 294722
328 89238 89830
329 671515 443385
330 491672 268914
331 169970 170465
332 866366 375699
333 842592 372734
334 445432 304047
335 906985 448027
336 438711 300526
337 898415 443281
338 147687 74699
339 132208 181348
340 770033 624677
341 129439 109996
342 106604 126331
343 119040 145376
344 854365 626462
345 422279 371793
346 502646 293447
347 748737 626275
348 130430 134771
349 136479 191202
350 825701 380244
351 138733 158790
352 766982 502259
353 512354 338719
354 86757 204186
355 757652 503382
356 421450 382638
357 794708 412644
358 457865 442569
359 957261 477921
360 441112 285750
361 854906 329276
362 748530 585021
363 936921 306719
364 120560 105796
365 789932 379856
366 214981 58404
367 810425 393599
368 451194 351150
369 493473 323029
370 762009 543782
371 836393 401793
372 757973 608194
373 531480 326645
374 738515 611013
375 177698 108560
376 770227 571839
377 928026 351510
378 113994 115191
379 955867 280272
380 866064 596661
381 51060 149605
382 722380 498094
383 833121 366549
384 178816 134382
385 582400 264999
386 420302 326281
387 482947 323520
388 800183 556359
389 468197 292574
390 85988 34293
391 944112 346618
392 761820 536926
393 524004 362346
394 689581 551660
395 747937 518288
396 779301 549962
397 117737 101253
398 780514 551069
399 175212 80485
400 871529 392863
401 798472 589702
402 800225 525747
403 831426 581344
404 99275 80427
405 455827 374796
406 97999 152237
407 740796 546988
408 864695 436505
409 207650 91404
410 873448 347975
411 164027 57164
412 495410 289477
413 870528 395652
414 542625 364788
415 107193 68069
416 43560 134479
417 565221 330135
418 704429 582495
419 164918 78116
420 850993 307702
421 513292 303556
422 469424 343277
423 842043 369806
424 504823 296471
425 748605 497997
426 919452 320661
427 779465 601399
428 549003 278896
429 857989 379745
430 883199 327728
431 70456 106156
432 848790 399355
433 836913 474505
434 821908 294683
435 56283 179273
436 931605 344087
437 96786 36941
438 150237 119300
439 794543 298067
440 896527 416735
441 826261 415864
442 60311 116241
443 738604 582197
444 73497 134498
445 919987 405192
446 945508 356723
447 504033 371844
448 759530 555488
449 745293 574328
450 482769 312652
451 522466 280342
452 148079 102497
453 135670 159177
454 48229 79537
455 859830 328543
456 845956 351053
457 432781 381317
458 859148 393829
459 460551 265607
460 490144 399097
461 906723 460670
462 403888 229795
463 759206 568056
464 189225 147821
465 832621 534512
466 189555 105035
467 46744 153279
468 893220 369422
469 952626 414513
470 788718 574713
471 146765 228651
472 870991 362598
473 781935 591492
474 867979 342279
475 907627 364030
476 897837 364010
477 784694 492990
478 485919 358098
479 806012 538022
480 953584 349693
481 116256 178981
482 805078 501597
