NAME : portcgen-416-2763254
COMMENT : portcgen N=416, seed=2763254
TYPE : TSP
DIMENSION : 416
EDGE_WEIGHT_TYPE : EUC_2D
NODE_COORD_SECTION
1 321973 690845
2 355346 359466
3 300478 334360
4 694852 542828
5 166282 889647
6 651752 513396
7 189701 885224
8 119950 910012
9 414885 276638
10 717740 611787
11 424937 329601
12 244328 675533
13 740794 584558
14 376852 722822
15 343172 334519
16 368758 290954
17 160042 794440
18 335876 388543
19 657782 512245
20 164835 889503
21 785589 546115
22 391973 280458
23 211463 752412
24 380641 338741
25 756550 591283
26 734712 573017
27 134165 871910
28 362421 392872
29 184529 969513
30 325456 335055
31 244168 373701
32 318477 279484
33 713135 563380
34 225904 913833
35 287580 642925
36 89021 921858
37 105211 922588
38 329601 348416
39 718294 606229
40 742942 574006
41 646705 542427
42 393229 207383
43 293132 238652
44 426239 348966
45 682806 575135
46 359744 358441
47 775657 581674
48 306917 731747
49 174928 804190
50 394211 291503
51 296133 753259
52 301593 703298
53 309334 350123
54 203003 833804
55 327780 658070
56 361769 659062
57 317990 361687
58 760510 494388
59 171979 812783
60 146840 777043
61 182656 894636
62 381684 661153
63 333825 363569
64 773200 664243
65 265926 635283
66 338173 319600
67 317998 324851
68 137196 803407
69 240996 705014
70 206122 839940
71 353853 408308
72 305726 648094
73 381486 344254
74 767820 560382
75 418897 366328
76 325673 713185
77 272758 893027
78 389674 679643
79 284303 659377
80 707300 482856
81 157335 883418
82 177848 851047
83 789043 525688
84 207651 857723
85 300455 544859
86 654711 598505
87 783374 573148
88 723980 575798
89 274955 329049
90 706210 611729
91 420870 285235
92 370586 349623
93 346765 671173
94 418857 288423
95 727529 655486
96 139220 895361
97 337498 745348
98 257722 705903
99 136965 831422
100 406048 378285
101 388477 355621
102 375273 734680
103 336923 311237
104 369298 333846
105 676842 556606
106 746286 568415
107 731496 532074
108 164945 943640
109 298908 265815
110 427584 379243
111 91155 833648
112 140235 933397
113 111112 867554
114 731271 572377
115 309981 656728
116 274711 719528
117 188358 892578
118 733179 505059
119 124676 854318
120 417482 710873
121 335472 296018
122 602702 540317
123 333254 408659
124 740595 604961
125 371765 378956
126 719107 463980
127 92038 923313
128 342443 672254
129 300219 364159
130 207978 926768
131 90274 813387
132 202089 889313
133 348621 398974
134 331847 632803
135 222211 634334
136 348435 706827
137 171851 1007276
138 212664 815317
139 745654 626134
140 356941 242920
141 431057 441642
142 104522 895511
143 405063 264125
144 151214 825135
145 176935 975026
146 478184 301036
147 688595 566760
148 289204 683578
149 683567 588356
150 676001 565082
151 170321 949039
152 766169 605825
153 235273 840548
154 215952 687436
155 388768 323265
156 367111 752176
157 376984 342064
158 802165 612662
159 732258 551808
160 362620 621594
161 354867 660371
162 95952 921371
163 229302 887906
164 294813 714590
165 106902 896363
166 156051 894840
167 368302 324745
168 423222 190612
169 324133 227172
170 227686 744523
171 289791 636273
172 144267 875689
173 124116 843895
174 504593 224178
175 423960 706700
176 375121 359888
177 313291 699953
178 109454 829798
179 458928 279485
180 65613 869787
181 326391 666236
182 364217 739702
183 775730 611142
184 164046 874364
185 152596 914362
186 143623 825977
187 175191 823812
188 125174 864882
189 380278 393075
190 297660 403657
191 176443 843574
192 626448 611483
193 743271 606843
194 336792 720289
195 406762 345135
196 339613 375780
197 786296 599226
198 339379 712503
199 334959 795900
200 375220 378482
201 139480 810526
202 327257 710655
203 347097 312701
204 115893 953774
205 430487 307093
206 700845 601363
207 215546 357877
208 302606 622186
209 768110 583087
210 90306 822456
211 361680 666169
212 357866 398180
213 678015 616620
214 137255 876306
215 352695 387211
216 223592 632444
217 324828 637212
218 126921 870413
219 254551 740642
220 381328 286510
221 362744 375665
222 380519 710795
223 759146 515587
224 194308 876770
225 344940 278910
226 150685 822926
227 348960 697719
228 738845 604584
229 149011 844018
230 372533 340896
231 364512 350382
232 757978 606510
233 124375 837557
234 127617 936542
235 131769 798284
236 358341 688432
237 264572 731038
238 263599 873366
239 386974 250481
240 700733 628783
241 155477 937659
242 275724 723482
243 166257 907049
244 161258 888973
245 121755 843563
246 692636 607637
247 404223 414904
248 682929 547950
249 215998 895637
250 365925 464773
251 230614 873877
252 115426 984917
253 391671 369324
254 726388 514492
255 291785 738071
256 174047 775823
257 326753 327575
258 354066 690754
259 708542 573989
260 138647 831951
261 132280 873153
262 284546 743535
263 263468 790964
264 809480 605518
265 724958 472852
266 132598 865508
267 659752 476299
268 147176 867235
269 810832 595671
270 249044 726103
271 353680 257011
272 391317 377497
273 412462 402379
274 128141 893393
275 396624 400302
276 715483 590631
277 419699 343244
278 286940 818864
279 363079 401782
280 265571 359103
281 314489 386673
282 317281 758349
283 735231 587442
284 269409 738886
285 189989 752429
286 354787 381886
287 785694 499440
288 369508 375453
289 422120 680165
290 364857 389418
291 780046 582048
292 123144 863767
293 333310 689464
294 77212 915570
295 249015 305417
296 445090 372028
297 724497 550070
298 427846 315294
299 668712 605034
300 372975 366033
301 90923 885523
302 248274 738531
303 751300 588755
304 328985 693015
305 184247 842040
306 280868 765084
307 289846 266066
308 361374 630068
309 656893 551656
310 280729 657200
311 117562 846598
312 89222 780466
313 786569 560164
314 336477 384815
315 131341 919304
316 142856 756176
317 59742 778453
318 648591 586941
319 246542 632351
320 327904 608178
321 305583 709983
322 467320 344875
323 340879 358002
324 838623 545635
325 128508 840576
326 736872 553991
327 704882 559576
328 248850 656271
329 178759 864933
330 679108 572789
331 314187 656463
332 201303 820568
333 176719 849901
334 830556 512841
335 127482 790238
336 336552 622033
337 741277 565593
338 719530 496271
339 184654 865305
340 203250 781542
341 743034 549609
342 126841 921951
343 324753 354391
344 180783 897301
345 343920 330718
346 383837 369920
347 714055 562424
348 172674 824174
349 410623 689896
350 337675 672714
351 276742 371228
352 148446 799965
353 387969 665630
354 184633 867196
355 368449 758967
356 644940 613553
357 211195 842286
358 315824 691645
359 144163 792509
360 14071 839157
361 693374 649538
362 323704 338346
363 305055 739903
364 318718 742173
365 387483 719439
366 201822 959321
367 377219 405714
368 198370 823236
369 325628 773783
370 746696 575479
371 737734 535870
372 298071 692896
373 173592 833453
374 329864 374173
375 730007 563232
376 37331 965578
377 290926 669697
378 137538 915714
379 360419 369664
380 419317 388883
381 125884 891241
382 183423 933435
383 175131 913577
384 407210 288739
385 375785 745658
386 455301 730367
387 291643 658250
388 364921 692866
389 683740 627691
390 775805 577192
391 360880 366991
392 353860 355041
393 176326 881079
394 377177 760503
395 316579 365111
396 267092 407802
397 272209 736045
398 626896 590790
399 765429 516358
400 304488 326837
401 389995 714295
402 109969 784594
403 268073 808400
404 302200 593129
405 379909 712852
406 138725 746876
407 713914 539344
408 253435 740759
409 672699 523093
410 416664 219854
411 358494 396332
412 171356 850276
413 315513 713623
414 266870 600065
415 363224 366158
416 311185 353356
