NAME : portcgen-403-6947324
COMMENT : portcgen N=403, seed=6947324
TYPE : TSP
DIMENSION : 403
EDGE_WEIGHT_TYPE : EUC_2D
NODE_COORD_SECTION
1 445209 618850
2 360769 607101
3 63400 251235
4 1028374 889146
5 944712 870746
6 393600 654400
7 379607 578892
8 1032012 878117
9 92529 254636
10 386946 667691
11 -1474 290457
12 782480 362551
13 397777 594180
14 -2672 226828
15 836530 433354
16 407805 577585
17 37744 286975
18 331028 641390
19 1018932 849766
20 1037780 779577
21 772543 489708
22 239917 666241
23 82881 328117
24 807195 409289
25 69491 388687
26 298426 648560
27 704421 367900
28 710537 444614
29 923930 783261
30 684628 456473
31 111378 346986
32 413193 581916
33 993163 934767
34 120749 309747
35 864948 352540
36 230275 576196
37 732301 393721
38 367626 590608
39 983265 841620
40 450751 666425
41 976542 843024
42 987792 788750
43 39877 338198
44 1080 312630
45 848450 483107
46 30452 277493
47 107612 317825
48 740465 428153
49 766189 420857
50 680688 502603
51 985661 791561
52 47875 318929
53 384067 559975
54 823875 454996
55 791867 458765
56 753126 391611
57 1003091 812454
58 712392 433851
59 825645 367698
60 71308 278451
61 375061 627035
62 81998 256654
63 847403 429605
64 346668 560685
65 1048719 861953
66 786254 493455
67 403654 664008
68 459183 502488
69 1005476 887231
70 981071 805868
71 717946 414596
72 409307 608432
73 3895 352458
74 895282 913033
75 330485 677926
76 106464 266159
77 955755 838873
78 355896 602944
79 725263 489549
80 -68845 255808
81 940534 867434
82 1046677 842635
83 14961 267449
84 301391 685630
85 994462 834311
86 757993 377706
87 841216 471807
88 433016 610217
89 793948 529552
90 143091 273673
91 970996 836272
92 74974 237587
93 1050556 807538
94 53839 379826
95 92603 281354
96 284669 661914
97 298419 676213
98 1078127 714252
99 404316 635727
100 1070234 837572
101 951594 826391
102 1077214 826026
103 1062658 781596
104 804754 375255
105 30229 289418
106 486319 651340
107 366052 529193
108 771181 519337
109 768864 491784
110 940889 880181
111 749757 432876
112 299139 675997
113 9219 309435
114 52437 329646
115 984034 867466
116 911227 876890
117 111677 310066
118 338944 702470
119 881146 419457
120 388503 632830
121 45007 348586
122 750102 469807
123 129677 293908
124 915426 880852
125 759208 395919
126 14098 257921
127 733034 384750
128 963165 874385
129 1042846 740705
130 998801 870588
131 1010517 748099
132 668323 435578
133 91790 403026
134 445364 615669
135 811558 486411
136 86682 302665
137 78143 323221
138 84568 234021
139 70157 276079
140 459155 615667
141 911918 828094
142 -21504 199306
143 29950 265176
144 967409 865805
145 709684 424426
146 1086828 884121
147 407307 582208
148 1064591 748566
149 369486 644627
150 747994 410990
151 386980 562213
152 763230 466353
153 56718 285112
154 1047333 803685
155 854074 467524
156 88267 261071
157 1041420 727241
158 476835 573084
159 995835 764615
160 984723 781740
161 444113 612519
162 457580 639517
163 1014742 847851
164 81443 232196
165 780054 374680
166 54249 243857
167 986250 796919
168 1039160 831414
169 334528 583561
170 378728 666989
171 333043 570765
172 419957 630953
173 771569 416128
174 812665 440132
175 406375 639809
176 329534 610497
177 22570 323325
178 778736 361924
179 886249 913892
180 1041928 861050
181 341052 583005
182 770302 422156
183 1075335 805123
184 982349 854937
185 398702 628684
186 940388 881851
187 465963 572349
188 1027767 868030
189 111879 338054
190 391670 643182
191 792384 418193
192 660302 424985
193 363176 552807
194 435526 584143
195 788825 495192
196 140382 359189
197 773592 417361
198 1017051 810640
199 949059 824846
200 1013969 804846
201 991855 893258
202 788527 434039
203 403226 591533
204 820619 455380
205 1028556 804837
206 921166 819183
207 82171 428253
208 720408 382877
209 817395 441967
210 413694 602589
211 411101 583411
212 25802 249171
213 1056949 761558
214 195298 667912
215 377560 698371
216 902902 849906
217 455632 513268
218 788220 359319
219 787624 408876
220 36869 309634
221 334466 661289
222 19484 290782
223 140851 288539
224 731272 430228
225 804402 524454
226 447111 691975
227 35149 285416
228 396831 677373
229 710069 460894
230 154269 209411
231 815875 413243
232 1016046 853115
233 315067 630261
234 991544 863874
235 877262 813306
236 754932 423457
237 763023 343582
238 1048852 861472
239 48648 232337
240 961773 853716
241 436704 527027
242 1036643 912944
243 408448 659302
244 760279 394715
245 974070 832390
246 827334 433932
247 708975 449223
248 764126 434748
249 90677 269363
250 895420 869485
251 -12225 346579
252 995054 794857
253 982852 924844
254 1051594 863037
255 1072673 825210
256 15006 328462
257 63800 297491
258 987108 861708
259 1000957 857967
260 110010 260765
261 755159 472551
262 132084 264489
263 949808 913257
264 966267 905106
265 756051 444412
266 682981 485795
267 351065 685059
268 355139 653593
269 -43175 287783
270 765018 473350
271 55039 326643
272 1034651 845090
273 728039 484152
274 18447 290637
275 398798 665313
276 299534 655587
277 816969 400154
278 94563 292049
279 850329 408799
280 697520 389575
281 -16564 272001
282 966030 859194
283 758723 383858
284 23466 285613
285 391651 554283
286 760408 459145
287 1014953 824571
288 916510 881961
289 396275 677845
290 288895 692381
291 908386 870360
292 111410 196249
293 845308 407674
294 678722 348314
295 344821 652519
296 1028672 819447
297 989784 878540
298 102562 261374
299 722606 495152
300 772331 409375
301 23368 277667
302 823575 377464
303 1019093 860481
304 831158 424808
305 977398 706748
306 385553 619430
307 363132 634490
308 -11964 260861
309 762358 442369
310 6848 222877
311 419207 596701
312 1039351 769912
313 961734 801737
314 409388 591748
315 392295 553732
316 754183 418383
317 954528 862085
318 55213 271748
319 851065 398223
320 690653 418673
321 799323 335796
322 788309 367615
323 740412 445425
324 320300 621141
325 24224 296038
326 1007864 872365
327 788450 477459
328 22390 287307
329 681424 462480
330 1057465 900684
331 371289 577748
332 1007176 807597
333 89195 300760
334 775405 396691
335 995069 811649
336 443145 592874
337 368453 590061
338 760823 520111
339 39220 302255
340 -29861 371229
341 764704 425018
342 431850 650274
343 717300 501668
344 751978 324872
345 277361 678778
346 130628 181346
347 56923 275182
348 1054068 784805
349 345796 494178
350 -27159 242289
351 406055 559677
352 87160 223853
353 750941 478633
354 847944 452870
355 93331 255296
356 794678 421165
357 807141 399710
358 1022739 812355
359 54225 261386
360 723733 392376
361 335898 623104
362 353841 594401
363 469719 579473
364 428819 633104
365 960783 868632
366 322873 670054
367 1074962 826546
368 265614 657112
369 398148 522078
370 734836 325613
371 16411 312104
372 817291 454001
373 1037397 913729
374 390171 586798
375 414198 553581
376 961990 941067
377 322383 526976
378 1016386 855777
379 80248 296026
380 979495 859934
381 96761 258613
382 -35902 341478
383 1092933 813689
384 962105 886623
385 774547 501546
386 371277 658916
387 1127230 793686
388 816233 403486
389 10673 256370
390 286441 647966
391 761151 472482
392 707869 434681
393 374450 623720
394 254026 646846
395 100896 351649
396 -11326 250444
397 43965 368564
398 986862 915525
399 752560 498117
400 1004279 846103
401 382844 570931
402 988629 785620
403 777011 411043
