NAME : portcgen-501-6248791
COMMENT : portcgen N=501, seed=6248791
TYPE : TSP
DIMENSION : 501
EDGE_WEIGHT_TYPE : EUC_2D
NODE_COORD_SECTION
1 435976 912337
2 457915 934284
3 739406 826697
4 621021 578515
5 915421 882226
6 1027273 994675
7 806529 604717
8 785623 687568
9 820944 697894
10 435396 848286
11 319650 882873
12 864422 718154
13 913903 985718
14 679054 623603
15 671196 662493
16 1021832 1028464
17 788945 675464
18 396887 856461
19 767683 738240
20 456925 798404
21 745248 668217
22 740077 623181
23 930096 859659
24 687670 629137
25 900775 784572
26 680052 524050
27 720621 608201
28 982141 867652
29 968960 1008842
30 849354 654163
31 417270 842928
32 657983 634545
33 901813 712733
34 1019991 790776
35 730450 713288
36 1038448 968139
37 676676 559607
38 671483 665586
39 393837 816042
40 694615 566723
41 781895 752518
42 927292 810584
43 958031 999852
44 770784 689759
45 1019989 1023423
46 1011352 757739
47 907567 878095
48 808286 852029
49 668976 685646
50 983368 945565
51 671601 591590
52 829968 715244
53 929524 855131
54 970221 972197
55 380280 874709
56 915838 712385
57 938045 793926
58 980207 969916
59 993199 1011778
60 1018866 1075915
61 804756 666104
62 422582 837486
63 909462 768971
64 596748 582186
65 456773 847022
66 849556 777687
67 994892 928831
68 430018 838382
69 810164 735141
70 1025411 1060968
71 1001822 1043485
72 958201 823807
73 797133 705859
74 708900 554123
75 924702 843656
76 833358 703108
77 413233 902237
78 396213 808133
79 414339 864576
80 695571 664966
81 853423 716798
82 453132 909086
83 765895 716184
84 892736 818899
85 869683 646495
86 766959 675474
87 747837 676595
88 300461 859620
89 736454 714147
90 387680 677937
91 747624 665379
92 703520 571719
93 435972 783710
94 757832 583967
95 914372 761364
96 387145 873056
97 982732 834739
98 832382 749233
99 897712 702645
100 412090 829792
101 807668 638632
102 973721 923191
103 395755 815292
104 692333 572777
105 944126 855758
106 468633 830300
107 727275 674011
108 1073558 961490
109 375064 846188
110 1025087 1027462
111 940152 1068018
112 792768 754298
113 452818 871475
114 687157 673315
115 401235 842738
116 957858 894502
117 776147 616672
118 798578 749232
119 668820 590604
120 445673 828241
121 421351 814498
122 386877 907487
123 989166 962779
124 414928 828411
125 770632 685754
126 438488 807362
127 608759 539767
128 1010443 982745
129 772908 640257
130 393130 913846
131 668180 497998
132 760173 713232
133 877050 779397
134 978428 958632
135 703561 726581
136 420474 819998
137 699263 608648
138 371942 917614
139 937564 921518
140 760621 703670
141 624770 604920
142 419592 815333
143 995584 967036
144 1023846 969195
145 645376 686607
146 830199 824166
147 707902 694112
148 1062520 932382
149 396644 831148
150 1009713 1033969
151 489385 840054
152 828862 690480
153 970750 1056894
154 413341 807002
155 892330 791880
156 995273 976666
157 971071 875859
158 388795 876983
159 1014129 998411
160 833572 685473
161 449079 824028
162 872451 847092
163 665571 562073
164 479959 849292
165 932299 834373
166 407329 911010
167 784178 654940
168 711522 549017
169 967623 763092
170 368630 735558
171 853251 610402
172 847259 882726
173 917014 718507
174 947121 1070219
175 751609 761377
176 1048339 1008362
177 691868 538171
178 444494 856923
179 403293 811075
180 900324 978032
181 883785 733662
182 491527 848612
183 946747 949849
184 959975 960436
185 812951 704540
186 719310 542375
187 1007761 990659
188 773942 713327
189 931914 939721
190 808382 679748
191 559840 594974
192 656454 652427
193 996144 981105
194 973446 967199
195 431396 819374
196 963737 998794
197 797220 709174
198 829441 655894
199 385535 820719
200 751680 744760
201 903364 725898
202 1006759 1046029
203 693533 587144
204 742342 697701
205 851926 821788
206 846399 599335
207 390461 837361
208 702165 572742
209 680444 599213
210 964320 1047058
211 694810 563932
212 448322 819827
213 445925 808770
214 415271 775650
215 443980 847524
216 742371 754935
217 792239 669791
218 1012170 988008
219 909253 936003
220 707515 711166
221 829953 864814
222 398057 966645
223 978688 967264
224 910447 818817
225 943049 970024
226 933959 1007596
227 838651 623942
228 904935 821253
229 847150 726782
230 750300 647451
231 455054 804715
232 704949 724290
233 368062 871549
234 890536 825828
235 672066 563378
236 971379 1053827
237 985914 735967
238 1058107 783881
239 1000983 787125
240 866955 665867
241 747228 617319
242 1039283 940834
243 741525 613343
244 770671 637250
245 337042 823468
246 813422 629728
247 363148 787464
248 975647 1026808
249 1015451 964531
250 975204 983248
251 958927 846491
252 673965 643674
253 957920 833415
254 851515 770339
255 926882 861997
256 847871 727775
257 832592 664711
258 686187 567498
259 939506 835891
260 365718 825851
261 759850 708477
262 702024 559272
263 1021308 927088
264 832706 687952
265 716664 666087
266 780254 684561
267 512418 844207
268 366852 857132
269 418673 917715
270 901038 807090
271 705914 737942
272 771754 709035
273 659566 654047
274 673073 622303
275 392815 821118
276 792435 717628
277 899490 709776
278 980202 941731
279 489785 837878
280 804636 707404
281 813578 762623
282 374306 861172
283 710475 582681
284 652317 611301
285 616539 577818
286 790904 677081
287 790629 656288
288 710717 589719
289 938163 995787
290 715833 738742
291 958848 859471
292 804584 729080
293 830799 666366
294 748272 725654
295 710847 637381
296 414371 797330
297 714043 643100
298 843246 669193
299 934890 793316
300 947829 792429
301 710220 592434
302 781390 704795
303 677383 673429
304 759368 678674
305 1028771 893634
306 788204 716018
307 687083 664026
308 1021655 917634
309 778420 723503
310 689986 648540
311 760009 798693
312 857594 951621
313 705312 649253
314 935177 705270
315 641020 674442
316 996193 1016592
317 978668 1016168
318 958383 1019158
319 1027597 959844
320 377652 891816
321 906871 813410
322 908678 977857
323 946083 976639
324 931757 1004102
325 722707 622199
326 671837 665814
327 844825 750249
328 730904 545364
329 699032 573426
330 706050 626399
331 396945 916111
332 967735 1001072
333 751482 502224
334 901566 912767
335 822964 706365
336 921981 956522
337 778643 786118
338 985360 858944
339 856591 657965
340 950082 924339
341 887072 804934
342 406723 878787
343 407267 711867
344 961140 787971
345 391605 863917
346 382138 829232
347 830254 764173
348 659946 660502
349 868516 778578
350 962322 1054196
351 977180 1043968
352 344534 801100
353 670505 596659
354 777246 640871
355 834192 623282
356 753636 637211
357 967391 962267
358 1050320 932392
359 998349 932937
360 972897 964032
361 409769 848563
362 832463 802535
363 768441 698075
364 1015736 971713
365 927464 845667
366 908666 997287
367 956280 1016614
368 878273 805519
369 829529 615693
370 929054 1037885
371 977309 998957
372 980029 722546
373 940791 792058
374 1009332 960712
375 667130 654402
376 801429 692826
377 1009346 818808
378 699856 521662
379 630263 572447
380 867736 696895
381 829489 687722
382 406481 800382
383 1060131 942236
384 359729 869829
385 814847 701606
386 922116 796927
387 934381 784053
388 1003711 993284
389 317808 854787
390 349005 925945
391 556786 712839
392 952549 1001998
393 690888 564378
394 699877 575085
395 437265 866756
396 948733 1012040
397 802690 659397
398 802433 712474
399 961202 1004537
400 860119 766359
401 393968 885096
402 395250 887581
403 406389 854799
404 939215 1016312
405 899708 751200
406 998475 1101640
407 902653 859021
408 926695 772342
409 716134 629743
410 973320 1010269
411 995735 965750
412 1038220 925901
413 698137 629581
414 997632 773149
415 767524 674405
416 1007824 923294
417 831966 693384
418 945799 788697
419 830142 786438
420 421775 789038
421 979110 823770
422 747050 634500
423 733555 531498
424 843497 778336
425 732464 700861
426 737924 727418
427 800733 598563
428 994055 1022526
429 833828 663964
430 724543 557096
431 416656 823602
432 734584 654770
433 958772 881141
434 708780 619800
435 702012 563745
436 839610 686927
437 760464 730652
438 368698 883780
439 802144 730407
440 891050 1015252
441 454080 878807
442 847662 991977
443 963279 966847
444 482969 880238
445 768061 522577
446 963633 1007684
447 970014 938007
448 927413 762515
449 631111 584936
450 735089 567295
451 802816 719999
452 457042 817692
453 1038652 1006728
454 776340 553404
455 1000392 1010621
456 430369 882149
457 704308 542735
458 731175 671855
459 987853 996407
460 601181 554534
461 789356 665055
462 898811 808317
463 820056 792897
464 877783 691169
465 755328 575803
466 677616 691470
467 970563 958867
468 853159 783966
469 1010744 862615
470 876244 770550
471 382516 864803
472 879034 741748
473 995396 797257
474 649512 608664
475 987276 1044704
476 434943 904136
477 696144 603982
478 906468 774123
479 952706 1005218
480 427360 858143
481 424246 741835
482 981240 1018998
483 380565 825858
484 907319 899915
485 909878 934577
486 907843 797688
487 831322 611826
488 955868 910933
489 457066 804139
490 896641 798335
491 1036678 942102
492 825079 615955
493 394897 886467
494 445317 890478
495 884961 781486
496 681524 644647
497 1003711 1035621
498 691064 742349
499 760176 722546
500 964994 866577
501 833591 819138
