NAME : portcgen-485-5110748
COMMENT : portcgen N=485, seed=5110748
TYPE : TSP
DIMENSION : 485
EDGE_WEIGHT_TYPE : EUC_2D
NODE_COORD_SECTION
1 147272 674809
2 221141 671829
3 785364 76050
4 601979 530592
5 580182 520942
6 832568 144830
7 591829 496128
8 867219 10600
9 846581 167775
10 148475 662905
11 678746 603500
12 193302 686690
13 712581 26379
14 892215 217113
15 151574 635648
16 166891 590107
17 815331 162658
18 762010 244465
19 770267 15873
20 150631 592539
21 715853 65356
22 804136 129913
23 701255 38549
24 836407 255499
25 181555 655300
26 197291 698040
27 258858 704292
28 130132 643309
29 665662 534637
30 680908 47075
31 874020 158294
32 193742 574126
33 722656 19365
34 757607 73593
35 157197 611332
36 664993 555369
37 754346 52051
38 162485 595273
39 704481 560658
40 111447 695530
41 209942 652985
42 757647 81158
43 575611 553595
44 202843 615384
45 795521 203699
46 747492 112846
47 806605 -5940
48 771029 94719
49 193606 634518
50 745866 7098
51 744369 40496
52 823363 164184
53 615160 561094
54 190868 650732
55 227502 704620
56 73688 647793
57 644395 609881
58 690597 464622
59 764318 82277
60 154161 628888
61 703534 554609
62 882741 270360
63 778722 55395
64 619710 595765
65 160251 615983
66 600465 581698
67 770149 156362
68 770848 153116
69 173853 666041
70 769621 97928
71 683913 591439
72 770185 82227
73 802704 162282
74 629315 582501
75 780764 114195
76 767759 107684
77 758300 -37798
78 596526 574636
79 251558 627928
80 609244 589392
81 695778 564098
82 255792 662377
83 769887 113487
84 689623 573051
85 796429 206829
86 154898 708736
87 572352 504507
88 781398 1821
89 133950 607298
90 653723 506847
91 627785 554170
92 621589 563457
93 778486 102092
94 700452 87093
95 678063 79408
96 703425 61763
97 809382 239603
98 650582 524763
99 764721 18397
100 665555 496854
101 702363 584327
102 640440 534514
103 110111 692984
104 614708 578195
105 718612 603457
106 835829 175429
107 769441 22290
108 871284 123931
109 837142 150864
110 128387 580174
111 116447 537322
112 738292 -19499
113 843500 182511
114 648503 629453
115 851604 177736
116 826780 132749
117 795677 70598
118 784408 63376
119 107898 585902
120 188262 619661
121 864598 146791
122 63555 616557
123 152632 562864
124 742505 524538
125 59078 687752
126 794812 135250
127 770832 108065
128 150243 600523
129 800275 77502
130 823526 42736
131 84146 582439
132 134590 599123
133 192689 626246
134 182275 694181
135 154469 651948
136 192017 575275
137 834232 83927
138 658772 579448
139 559171 567482
140 141383 636695
141 679463 628232
142 133399 572827
143 798514 49325
144 529723 608063
145 779866 30045
146 133988 694783
147 753310 48802
148 859110 206827
149 542884 566735
150 709604 33596
151 796555 158438
152 116218 614352
153 177298 557894
154 713215 -16981
155 751892 100548
156 839736 130433
157 758328 7356
158 796373 191419
159 191738 641085
160 628585 554064
161 802408 208754
162 837903 173050
163 820922 146656
164 612146 590175
165 624841 638300
166 633237 590697
167 723823 22839
168 729052 31904
169 796996 209077
170 609190 568358
171 795737 84263
172 791291 90219
173 168018 580015
174 825240 69604
175 760482 217537
176 671408 602200
177 219533 685964
178 745163 15437
179 802357 -10764
180 555302 550744
181 592465 513270
182 806921 262971
183 185669 654220
184 809467 93164
185 164843 700907
186 751541 121365
187 705856 563192
188 480936 610573
189 758094 111787
190 825889 172576
191 193489 578253
192 850744 142882
193 223864 682863
194 819589 172473
195 802420 79562
196 726201 56588
197 849312 170689
198 536516 534945
199 772276 98891
200 138841 620476
201 167869 633908
202 592476 541831
203 179103 571766
204 577288 559828
205 529413 532949
206 776547 85613
207 667158 558213
208 728213 -57857
209 726201 85049
210 172973 606805
211 129995 623814
212 740811 -8103
213 693804 484990
214 807965 68005
215 181218 665240
216 768188 -2438
217 783135 74319
218 828003 271656
219 206109 625089
220 784641 49480
221 629387 583916
222 661975 598715
223 792002 206201
224 734584 83664
225 850972 101236
226 169901 587608
227 757358 102629
228 759278 68122
229 146144 574912
230 837069 198771
231 114795 616021
232 818137 193520
233 868585 85044
234 763116 145105
235 229301 523903
236 792966 88115
237 783991 192931
238 194013 590657
239 673503 512265
240 782045 84680
241 701334 547584
242 752385 66088
243 786553 190072
244 777079 34380
245 700956 9349
246 785684 192273
247 759847 52285
248 185860 639889
249 838722 280561
250 718863 -16141
251 101924 617843
252 768680 149552
253 821760 275823
254 566060 608087
255 768235 82007
256 780228 146051
257 820118 -5374
258 654791 553354
259 673722 555785
260 670347 511783
261 155629 693756
262 691979 547172
263 715288 204205
264 598725 506830
265 682531 556459
266 691115 597961
267 167458 720812
268 932072 159999
269 179056 549837
270 848925 214828
271 601091 627952
272 153380 668796
273 577091 635883
274 256832 573600
275 647956 520388
276 745403 176316
277 786623 23013
278 179913 558799
279 813406 272991
280 717676 109414
281 778771 224378
282 134231 544062
283 730838 133386
284 847002 164416
285 644150 596258
286 802808 111200
287 652619 641419
288 611537 582121
289 846939 162042
290 810133 170174
291 637100 586706
292 65444 582661
293 754155 72783
294 831775 56819
295 840138 159828
296 151662 608106
297 613272 573665
298 616724 518043
299 788662 87216
300 658969 562555
301 625968 573138
302 765709 -43195
303 763074 194054
304 600406 629486
305 656791 58749
306 637108 581143
307 757814 52793
308 645603 573399
309 824309 57760
310 771589 57233
311 630459 488580
312 201895 637997
313 191003 633386
314 86960 666747
315 146432 649864
316 749301 53316
317 763744 173618
318 833548 236450
319 643831 577760
320 676091 2049
321 215083 615332
322 590647 606332
323 772507 2926
324 207364 598048
325 695880 53113
326 773205 17322
327 628091 599394
328 736086 64030
329 720786 -36077
330 776450 108775
331 797948 32929
332 813972 184297
333 147517 596350
334 664523 552114
335 764730 43959
336 836853 169456
337 698146 27917
338 850513 115962
339 825476 260539
340 857388 186937
341 629859 487102
342 801771 139983
343 210985 662911
344 830523 132875
345 117818 622687
346 136301 656115
347 819102 189284
348 185516 650967
349 842112 83621
350 732590 97850
351 773567 107517
352 827678 224749
353 143098 617711
354 765542 62012
355 772814 184438
356 567639 549275
357 622948 558901
358 702603 536457
359 578877 553828
360 684375 65323
361 624440 572391
362 697809 33679
363 799010 145401
364 185871 620615
365 717258 488658
366 765968 26316
367 695222 26193
368 794503 191902
369 620895 451294
370 846009 169892
371 760672 136817
372 826697 152805
373 798254 162653
374 170043 591973
375 805680 122354
376 838250 36834
377 190475 643824
378 602416 527996
379 769355 180608
380 836893 38275
381 691919 -7475
382 834487 165100
383 725805 46874
384 787110 112881
385 182671 577505
386 822693 226523
387 769658 230929
388 886922 169310
389 827779 116634
390 811652 216955
391 607960 583934
392 158877 632922
393 777538 80168
394 597221 641256
395 801816 169074
396 718775 -3849
397 716681 91839
398 614169 571045
399 594551 554684
400 133654 572086
401 732347 14871
402 576840 497019
403 89912 660060
404 737036 590598
405 98818 655844
406 103895 581084
407 767693 138791
408 914398 168070
409 702025 526587
410 805089 199858
411 148979 623570
412 142403 618190
413 622612 564153
414 221522 634139
415 656048 543999
416 658005 533198
417 120174 608526
418 738719 43028
419 852461 107846
420 146778 559886
421 730408 60118
422 138707 601014
423 152493 599195
424 620545 531924
425 659453 554658
426 584089 515705
427 96115 600905
428 620501 548746
429 746726 74640
430 592569 562746
431 668639 475354
432 729288 54536
433 105322 605337
434 798269 140362
435 736331 17865
436 774200 28591
437 766882 29305
438 795460 184942
439 740516 7530
440 787062 156489
441 583370 495999
442 787377 171819
443 740472 80339
444 602457 626863
445 87160 569396
446 156375 709977
447 896912 167440
448 114741 659448
449 822817 224984
450 580711 580588
451 124981 633414
452 195498 641770
453 779184 185302
454 154182 655194
455 568589 556013
456 641487 570126
457 762099 -20512
458 678345 596522
459 144418 668311
460 630557 549346
461 751308 -9802
462 678628 55342
463 661019 581369
464 991004 171176
465 88429 639736
466 760905 242850
467 752805 74421
468 828560 142074
469 785454 182885
470 773301 128655
471 239967 675881
472 187462 695660
473 733269 86505
474 707119 56117
475 578174 629055
476 848435 209132
477 724023 553879
478 557011 462914
479 156681 617557
480 126224 627885
481 649341 561724
482 165593 544377
483 611522 581118
484 822448 205931
485 617302 556400
