NAME : portcgen-542-9035017
COMMENT : portcgen N=542, seed=9035017
TYPE : TSP
DIMENSION : 542
EDGE_WEIGHT_TYPE : EUC_2D
NODE_COORD_SECTION
1 297799 208818
2 398362 698117
3 558101 715504
4 421533 667669
5 553542 668737
6 580850 751702
7 439053 678195
8 366210 215978
9 559410 748117
10 378557 408283
11 326834 454789
12 567078 650202
13 337701 351263
14 406759 398963
15 369831 235232
16 578635 684209
17 391615 420521
18 354876 487458
19 345590 460290
20 276631 298175
21 495761 652260
22 438628 714189
23 405711 428746
24 365994 356037
25 321029 215435
26 348117 237548
27 552488 682565
28 522713 674224
29 638210 730259
30 382768 489356
31 312380 256215
32 304850 394746
33 575064 671603
34 352232 223050
35 451988 700101
36 426736 624874
37 545467 715057
38 612646 634726
39 360613 295565
40 476712 704854
41 643401 660347
42 380164 663467
43 383646 181456
44 622085 698368
45 286437 227541
46 519748 735231
47 598399 696728
48 637973 722845
49 463128 688623
50 573506 740132
51 391848 240954
52 582036 707615
53 491605 637292
54 395565 451717
55 366065 280964
56 514710 687301
57 367834 409443
58 385494 396506
59 369775 438379
60 594870 702703
61 580051 668003
62 354974 239337
63 303492 402990
64 357622 259453
65 526774 699570
66 647060 601541
67 669504 654732
68 565481 736603
69 546025 719638
70 478568 731196
71 496512 691955
72 284148 270114
73 307564 207051
74 660064 727551
75 528111 615767
76 329187 161279
77 309797 232123
78 466494 686217
79 553531 716971
80 436268 670782
81 525356 783632
82 327431 306716
83 333049 240497
84 632362 681961
85 382967 174289
86 564286 674905
87 609519 754461
88 397997 463754
89 541921 757288
90 386579 430607
91 318526 238114
92 595444 794940
93 561586 732199
94 437165 704719
95 322673 242627
96 335584 325331
97 398948 430570
98 328635 281807
99 299723 162411
100 550122 742911
101 529308 670792
102 402452 411691
103 471855 642817
104 612185 657800
105 484098 678687
106 398970 217930
107 413967 263461
108 417279 431370
109 296718 223745
110 423721 401306
111 351450 426754
112 281894 429686
113 343924 404023
114 312517 427029
115 567988 704198
116 645796 726662
117 511403 718447
118 335276 386646
119 486039 623109
120 259733 458103
121 587046 673916
122 534100 653724
123 674027 679811
124 420701 667734
125 371496 420918
126 470069 657578
127 404879 715848
128 565261 704960
129 295002 186168
130 630666 641505
131 343759 401832
132 302156 279296
133 246040 273551
134 248945 158786
135 638600 725176
136 375081 167318
137 545319 728896
138 262656 260206
139 379198 453490
140 633374 716184
141 588336 678349
142 430452 370931
143 626753 698804
144 377385 479175
145 387209 441599
146 571992 686967
147 590170 637488
148 425417 380565
149 423449 685436
150 547598 624416
151 296831 193555
152 555001 682892
153 388746 426098
154 534061 722846
155 352527 285205
156 333935 432607
157 600793 788416
158 498774 707427
159 449877 660764
160 349073 196821
161 428470 209642
162 577856 641922
163 400716 218220
164 656684 580905
165 470957 792700
166 597222 767720
167 451625 639771
168 291945 325118
169 342148 435221
170 585597 710188
171 569228 714074
172 677410 738480
173 542011 637100
174 411846 681374
175 303123 183520
176 541880 765855
177 312562 217760
178 417635 621581
179 616835 638395
180 315763 181410
181 571000 705200
182 346777 265081
183 292102 392284
184 302359 199031
185 618680 676474
186 567151 686303
187 386465 242699
188 338751 243075
189 557490 767809
190 444370 660763
191 280135 206749
192 520347 645808
193 339717 261929
194 379755 674883
195 395830 672274
196 339096 682804
197 526047 684742
198 430601 693054
199 731956 667547
200 584492 617762
201 362250 471317
202 502794 616654
203 436142 392870
204 623956 687649
205 342156 229978
206 580952 705012
207 382555 646397
208 332751 283978
209 329086 207079
210 517301 670109
211 506004 616937
212 296522 197268
213 462158 682345
214 606483 717087
215 648177 658386
216 302856 249731
217 350101 219894
218 418312 374531
219 557217 642477
220 346294 443432
221 380368 245104
222 690113 615012
223 634241 706034
224 312409 226423
225 333186 418592
226 223689 255998
227 327031 242449
228 600382 626423
229 562858 614036
230 382488 236191
231 495011 647297
232 572587 645560
233 315306 246948
234 631216 635169
235 609769 698760
236 365809 508216
237 399496 387830
238 616201 620824
239 337588 294162
240 373263 321101
241 562476 617041
242 634622 666322
243 600463 806745
244 226799 231698
245 392744 421875
246 583128 598556
247 639881 705294
248 450779 486963
249 479478 390511
250 306077 241299
251 610948 590453
252 590036 645438
253 528520 716679
254 591244 744727
255 293774 235199
256 447472 646053
257 549815 703630
258 595698 654342
259 343134 283141
260 578271 633057
261 354804 435952
262 310312 264454
263 549966 735640
264 607849 669783
265 570696 643508
266 623429 622918
267 610128 624466
268 545598 773967
269 396336 343014
270 592471 643568
271 328182 459299
272 526747 667930
273 335032 238634
274 566183 724421
275 332570 257690
276 668974 631768
277 627041 634261
278 419767 700734
279 639897 592336
280 483668 626312
281 369917 408333
282 353678 182604
283 350832 238331
284 325380 247288
285 628286 681647
286 527873 676651
287 470892 664973
288 611985 706262
289 334104 283685
290 586790 816313
291 348570 261979
292 283071 184676
293 544848 644380
294 340745 417766
295 374365 372220
296 615644 652083
297 338085 430619
298 585106 737002
299 434358 479600
300 398171 702118
301 293860 208147
302 663303 591655
303 390763 380528
304 315142 207616
305 586609 752234
306 537738 616535
307 317080 432070
308 572725 698156
309 411384 388327
310 329134 412177
311 385672 471136
312 649013 681735
313 348306 252788
314 638570 644600
315 522376 635489
316 650893 634552
317 648087 629229
318 457554 599196
319 434269 723083
320 618627 647901
321 352844 231869
322 350533 307027
323 395569 647523
324 589846 724587
325 444985 210567
326 294828 412871
327 615104 562046
328 270525 203291
329 604175 651441
330 671962 743636
331 267213 484726
332 621102 687731
333 332349 458278
334 613356 708246
335 384814 422871
336 465381 690409
337 315504 239315
338 303358 201020
339 295695 239768
340 344066 471886
341 297135 237233
342 477659 679485
343 364442 425853
344 344551 310017
345 623648 741803
346 646966 693851
347 513432 687831
348 631528 692070
349 573825 584318
350 499271 724861
351 655706 647690
352 433631 581699
353 628377 655342
354 579138 694191
355 537713 674733
356 430326 720287
357 456758 672447
358 305894 304567
359 561661 671104
360 355698 251146
361 457885 434727
362 657232 658633
363 476185 654080
364 670221 587701
365 542816 724014
366 363867 232398
367 617435 713648
368 363736 392680
369 320262 304981
370 465028 628432
371 320279 173595
372 368855 472745
373 447901 629358
374 492409 655373
375 613885 706637
376 667488 656999
377 564376 703312
378 483954 688220
379 561087 668225
380 319405 258044
381 479380 643326
382 451951 626164
383 344945 240319
384 551971 635402
385 468243 751257
386 338681 213786
387 355032 185363
388 321934 183079
389 411433 447680
390 654344 707822
391 563574 636915
392 640692 707454
393 371291 236419
394 536378 783701
395 590896 615638
396 340709 246164
397 435682 648949
398 587952 728581
399 305055 247823
400 617426 670664
401 455116 632367
402 455197 390364
403 650260 612652
404 692084 711149
405 383045 302597
406 669556 691865
407 444881 455863
408 362109 440182
409 353907 267398
410 340281 254139
411 673031 630543
412 598010 666185
413 632144 612101
414 588470 725819
415 445992 700498
416 291516 183056
417 608684 738486
418 390278 228370
419 521060 723270
420 370488 293947
421 328193 393884
422 355565 405615
423 357177 329849
424 663595 683460
425 607482 726746
426 417692 594300
427 477835 632104
428 336696 249264
429 456563 404973
430 284496 153369
431 405652 398584
432 349175 145366
433 500621 735545
434 337776 449794
435 398787 447393
436 500174 718498
437 544033 744070
438 591483 631946
439 626632 674846
440 468490 699180
441 265567 445551
442 420879 722993
443 392888 254745
444 479160 676059
445 411191 290440
446 329492 310330
447 344237 279312
448 350535 276783
449 579051 698718
450 376057 488916
451 496052 709005
452 381820 383896
453 596865 637956
454 575224 603234
455 295012 230254
456 686869 631240
457 559444 700095
458 404016 493615
459 665948 672861
460 636414 669367
461 600386 620584
462 646759 660370
463 521521 373162
464 354716 328998
465 605985 718848
466 628502 705481
467 369703 410215
468 501162 734672
469 610303 631748
470 434095 724804
471 449431 423782
472 540750 724245
473 545543 683685
474 643391 702176
475 623748 791608
476 606407 687776
477 631715 695532
478 538552 603838
479 346367 311601
480 319787 230932
481 550194 722412
482 592949 788760
483 448944 405604
484 355643 388553
485 427288 641512
486 294638 285477
487 624406 623456
488 400346 636163
489 415639 704093
490 492159 713789
491 571222 650741
492 612165 681267
493 262636 386252
494 558900 722698
495 319251 423542
496 625486 602972
497 351460 274423
498 319571 170050
499 640897 680204
500 502765 650176
501 286744 275586
502 342047 390996
503 446891 667241
504 467751 659538
505 675746 668481
506 210856 228390
507 694174 668645
508 351047 429329
509 277628 418256
510 596892 702609
511 284105 440204
512 580659 750854
513 343796 367021
514 637499 723637
515 307189 459309
516 585002 716689
517 299353 284444
518 572913 687930
519 604903 687737
520 529172 636982
521 613768 679312
522 579026 762806
523 367624 260242
524 362616 457331
525 530874 646829
526 263839 277225
527 393255 406404
528 322861 248463
529 306282 412207
530 646119 678761
531 414707 635074
532 426336 691123
533 397589 410436
534 306514 405212
535 419015 378715
536 367424 232265
537 291604 241775
538 651101 746294
539 307076 213424
540 336608 463707
541 333062 182208
542 528351 782777
