NAME : portcgen-561-430690
COMMENT : portcgen N=561, seed=430690
TYPE : TSP
DIMENSION : 561
EDGE_WEIGHT_TYPE : EUC_2D
NODE_COORD_SECTION
1 142912 342017
2 796044 689954
3 780094 90874
4 705436 12577
5 736625 -46803
6 620175 86159
7 799361 806226
8 659978 -43356
9 642942 70891
10 559783 18417
11 630795 71924
12 129998 387338
13 606276 8132
14 770913 737766
15 549635 -1711
16 650214 90991
17 135371 400359
18 855053 776355
19 77735 454405
20 71950 384821
21 859249 139134
22 822266 728854
23 678482 29849
24 689960 87974
25 643547 -85719
26 751038 135459
27 552251 128574
28 835129 172514
29 118659 412216
30 813264 760128
31 761783 178506
32 548842 13556
33 93492 410472
34 774884 184189
35 547161 60800
36 671579 -6589
37 674439 66990
38 554102 9482
39 552084 13882
40 592274 72918
41 669202 -10542
42 813149 146503
43 568428 53898
44 667914 96971
45 137077 476575
46 831122 700168
47 576430 -1653
48 74779 351267
49 526651 47344
50 696665 -112829
51 772657 129410
52 640961 -48447
53 581854 52439
54 726689 777999
55 803208 136957
56 752546 765738
57 824085 731689
58 722686 30819
59 671472 183967
60 770151 824166
61 572861 15173
62 123718 348203
63 502304 36166
64 774300 735243
65 752245 -71005
66 562406 98624
67 554949 94885
68 614742 18754
69 793186 117610
70 593160 126536
71 827563 739977
72 691113 133139
73 551903 -9239
74 680871 120971
75 684661 31733
76 529800 112338
77 759922 117715
78 134289 420867
79 106475 381368
80 775133 756803
81 719152 641915
82 130192 444079
83 619106 127499
84 866224 711938
85 669545 21596
86 592154 -5534
87 641346 -16978
88 100178 419356
89 827321 814087
90 598907 34086
91 190860 372607
92 717336 -41207
93 614856 55350
94 655983 -61814
95 797589 787348
96 560987 64623
97 95836 390173
98 637879 -7468
99 746497 56829
100 801493 177540
101 574506 94918
102 824199 714237
103 669662 70152
104 855889 755082
105 831757 137148
106 606316 21047
107 656751 24791
108 87752 421229
109 772131 42840
110 649992 80122
111 97405 386463
112 640448 48785
113 770096 54910
114 94429 374867
115 597951 65563
116 791478 714368
117 759089 822523
118 773583 739521
119 761467 799468
120 670052 122398
121 644238 -32382
122 749534 99605
123 663437 83641
124 92402 346576
125 515110 6977
126 680914 -27944
127 771284 138521
128 588329 20072
129 134054 458333
130 806449 708393
131 65318 408548
132 157332 343958
133 857207 699884
134 740930 82089
135 883393 736157
136 864476 740305
137 789318 817141
138 805708 113097
139 665075 23649
140 144423 425974
141 822047 136295
142 789227 747551
143 775522 782690
144 630136 -26772
145 658773 -103838
146 613373 41401
147 88027 385138
148 778090 99803
149 528572 119318
150 565347 14016
151 685048 -68607
152 672640 -10496
153 15952 358416
154 825193 778085
155 667563 22657
156 618543 -13039
157 694795 98919
158 577892 45237
159 660079 38650
160 715105 116484
161 847272 744151
162 121835 397657
163 716632 115179
164 934707 807680
165 716847 137944
166 625481 51006
167 618770 36758
168 819815 733781
169 821502 824118
170 699640 61896
171 716923 -1093
172 86432 465662
173 670587 -45238
174 773056 60840
175 806484 721552
176 849928 723334
177 551146 68537
178 587472 56041
179 26170 372101
180 708672 139152
181 789163 152137
182 707137 156660
183 91783 388726
184 777262 783681
185 619929 92219
186 742223 197467
187 131357 404279
188 814234 157450
189 657686 12799
190 703619 27283
191 97400 350527
192 131352 411342
193 754894 123861
194 709073 94245
195 634271 -23742
196 701580 54439
197 812390 158313
198 593541 58883
199 723672 128915
200 723807 63837
201 721355 -3184
202 593815 -26604
203 734601 135396
204 44486 362198
205 798497 723220
206 809562 746407
207 629610 34710
208 771070 719311
209 812926 768309
210 125473 343533
211 98786 423731
212 811969 775297
213 501740 26860
214 119251 344277
215 610337 -68457
216 567921 110954
217 560904 68956
218 794810 802085
219 192209 378377
220 565288 79885
221 81883 434145
222 752214 759048
223 715045 -43405
224 569379 40260
225 749227 752568
226 102253 353329
227 69638 384061
228 600939 27821
229 744622 681966
230 764202 79856
231 779861 157947
232 791817 117716
233 709941 191504
234 709352 809702
235 76411 406081
236 772928 755979
237 116286 446887
238 714286 146248
239 616965 -12186
240 781018 674584
241 785180 741160
242 837976 727876
243 779068 98788
244 828342 772553
245 101439 391793
246 633143 31881
247 809169 108670
248 635099 -17784
249 777049 773148
250 710967 -8202
251 796035 787446
252 723488 -74836
253 77002 421967
254 670649 79746
255 592875 25421
256 819526 799076
257 117134 439922
258 754810 729675
259 748108 110150
260 206213 327030
261 781945 126398
262 843820 166182
263 153005 372007
264 792137 785636
265 730018 51967
266 32121 366592
267 649161 -56265
268 87752 390877
269 602996 -23513
270 740098 141479
271 648305 -20112
272 606870 58901
273 38748 484913
274 720356 712079
275 750545 190056
276 771412 183101
277 780532 174102
278 84660 428947
279 648972 17370
280 514125 60304
281 646124 -47899
282 830530 781155
283 741586 133447
284 842581 721660
285 575202 23126
286 553952 32908
287 698014 71329
288 820008 134374
289 704698 -558
290 829515 150430
291 566265 85525
292 133773 353974
293 590197 58862
294 548697 90242
295 789990 154205
296 736755 -1489
297 837358 74514
298 588260 28417
299 644505 23438
300 59798 301211
301 586955 59265
302 590883 46224
303 129597 407851
304 764012 157648
305 697299 -30828
306 710515 162167
307 556052 3966
308 706842 117885
309 589310 68059
310 696068 20264
311 534670 -43455
312 801804 727508
313 631585 19643
314 166282 434670
315 111543 343432
316 789863 716693
317 762915 755473
318 879438 755840
319 -13118 409424
320 105609 425475
321 720932 62628
322 794325 812608
323 696789 -649
324 712405 79682
325 577788 43411
326 708996 694858
327 748799 169217
328 551546 28114
329 697190 13364
330 610978 -54684
331 582328 41485
332 605174 100218
333 707985 188570
334 705077 156984
335 686314 18278
336 776916 817640
337 500445 49325
338 604880 94141
339 697267 -75743
340 621363 91441
341 126149 347657
342 163653 384479
343 75561 346016
344 753458 135226
345 631416 -46189
346 82595 318406
347 627195 22260
348 60752 412061
349 699185 32723
350 127130 441331
351 649043 -39750
352 641332 -29856
353 567786 50889
354 557915 137677
355 854586 838788
356 166544 373504
357 68131 318790
358 832681 130496
359 792603 734943
360 800136 736208
361 755098 112601
362 664587 43317
363 151084 355009
364 633952 87465
365 159053 350986
366 505236 14724
367 538625 3217
368 539386 30461
369 793118 148225
370 502723 111902
371 114064 366529
372 624501 17989
373 812579 802374
374 706416 48832
375 720707 718494
376 107614 364148
377 130917 403509
378 785379 111023
379 658488 -4564
380 102858 411059
381 793955 828079
382 655686 92787
383 785453 147139
384 706882 33151
385 822673 156448
386 798955 685782
387 599305 40295
388 125971 397454
389 58858 388049
390 798705 112649
391 647499 33377
392 674365 67137
393 726704 50626
394 578759 -4180
395 678665 15619
396 732330 101626
397 777894 144407
398 696840 120741
399 697768 36034
400 55346 363680
401 90066 350337
402 784745 170559
403 640002 -103714
404 712300 178806
405 582839 3724
406 773100 77249
407 813656 807638
408 685156 783561
409 60204 378595
410 845178 761049
411 743077 771137
412 665580 -42413
413 766019 654563
414 632618 -44298
415 785876 688067
416 715321 136571
417 782664 721574
418 581068 -61404
419 702246 154407
420 811269 99369
421 716712 -56086
422 626224 42306
423 721401 151827
424 92800 340650
425 737815 156508
426 686382 18675
427 654537 60426
428 139742 337839
429 684141 -39997
430 90926 405806
431 634703 50766
432 801848 719666
433 471898 6265
434 820170 777631
435 602850 -8777
436 85601 436594
437 171968 428985
438 156118 385401
439 685997 78588
440 844993 763287
441 802126 818723
442 47065 443397
443 790290 762946
444 672939 8032
445 631864 93562
446 803792 785597
447 624405 12047
448 654258 -22383
449 597261 49701
450 83999 413344
451 682547 25600
452 512764 57079
453 871851 752802
454 130179 426239
455 565525 21233
456 726672 148727
457 134739 396162
458 127737 476913
459 61649 393549
460 122742 412233
461 167107 433681
462 616173 67573
463 84195 332169
464 782781 713006
465 634058 36967
466 69562 417240
467 780720 704676
468 784621 688046
469 720862 133888
470 66625 392624
471 596655 87737
472 544638 23084
473 858374 769477
474 730885 39042
475 78218 418677
476 806668 740541
477 99214 410985
478 67704 422052
479 556911 97517
480 577410 85009
481 730109 136667
482 103693 365541
483 860698 727678
484 55003 398964
485 747110 108088
486 791090 162166
487 66649 410461
488 613024 64010
489 766867 107142
490 775108 146270
491 737648 97853
492 571602 2155
493 624450 -39705
494 804468 732505
495 780762 111800
496 675074 29450
497 736090 132380
498 846663 749544
499 632129 18921
500 661441 93384
501 632677 -6881
502 79468 406585
503 628072 -30943
504 834754 719504
505 610245 24844
506 822698 91058
507 681075 -13580
508 611187 55837
509 721260 66217
510 641908 6903
511 90902 422571
512 608670 -58
513 686316 103092
514 149091 376660
515 594546 36170
516 546691 63273
517 40054 482876
518 760378 749391
519 722922 6908
520 88412 455369
521 700478 39892
522 593197 -50529
523 723372 175679
524 823318 616761
525 777184 750016
526 783038 737245
527 745566 773647
528 801955 763764
529 762873 160175
530 31751 434148
531 119355 393522
532 43637 345292
533 841370 758414
534 140513 365500
535 119888 293398
536 103577 423536
537 795359 714650
538 603585 70953
539 814498 709927
540 907311 676905
541 589384 -12490
542 90887 382378
543 721309 691922
544 549571 53265
545 628011 84629
546 806871 158514
547 718545 -6926
548 90119 399640
549 107521 378973
550 784081 167074
551 160842 390145
552 596222 88424
553 612819 131343
554 563911 24305
555 51863 407916
556 686431 18664
557 755477 831505
558 731267 35321
559 98181 427680
560 99913 492642
561 767430 139660
