NAME : portcgen-458-4418360
COMMENT : portcgen N=458, seed=4418360
TYPE : TSP
DIMENSION : 458
EDGE_WEIGHT_TYPE : EUC_2D
NODE_COORD_SECTION
1 108883 525446
2 -24161 468756
3 330359 855879
4 505183 809777
5 732666 394396
6 923690 801735
7 976322 866913
8 500681 877161
9 101600 559079
10 920288 786244
11 -5219 518915
12 905644 769810
13 42295 493764
14 457010 814960
15 45925 569656
16 953600 796384
17 703279 424252
18 34984 514096
19 993954 668755
20 950397 776177
21 34827 512481
22 945321 735952
23 351784 849105
24 392760 807921
25 933966 711606
26 454020 793710
27 -52897 456581
28 880105 774156
29 484583 845198
30 407442 865499
31 752903 460698
32 703669 430954
33 438001 884593
34 688555 350302
35 976779 747653
36 385967 911575
37 878009 783480
38 663441 401679
39 425563 842192
40 651699 324431
41 -31336 527987
42 -3783 520176
43 -17316 509085
44 713206 376167
45 698798 430436
46 390526 802694
47 376300 786637
48 352765 723123
49 413812 794467
50 -40055 583292
51 -46949 580166
52 376440 818552
53 730398 396854
54 9474 455825
55 44150 512422
56 956202 779692
57 469435 845460
58 425727 825868
59 503732 799420
60 403800 794979
61 968644 772729
62 851974 687930
63 -41157 622598
64 678027 325169
65 380968 878389
66 665748 431769
67 869606 866349
68 738810 377205
69 783456 290854
70 708529 400357
71 710445 416732
72 724020 449669
73 362493 923210
74 -25399 576417
75 623259 401440
76 697945 406918
77 719327 418918
78 33560 574528
79 -66260 595290
80 1003848 791409
81 41922 550835
82 873610 708189
83 398471 810936
84 694532 402559
85 660130 362636
86 492091 880595
87 992224 728763
88 30352 496767
89 433335 823065
90 896744 843482
91 496115 844672
92 699085 444520
93 955301 828758
94 939761 760936
95 731830 423470
96 862584 724657
97 8823 590741
98 875571 720429
99 439679 799171
100 57870 482448
101 923919 754533
102 441040 847835
103 913850 731739
104 900886 735211
105 740925 390599
106 822423 452704
107 -47314 492316
108 419145 836459
109 363353 812248
110 941175 711743
111 727008 446420
112 664890 355580
113 461809 888230
114 848359 870487
115 932174 717923
116 409260 846832
117 451297 743468
118 82207 483243
119 714719 373871
120 712237 408455
121 469257 753331
122 430305 836136
123 733491 390513
124 409663 828359
125 419914 870658
126 438157 941580
127 689295 359629
128 704475 394560
129 737005 357667
130 400821 877745
131 74405 551560
132 304235 814235
133 795586 370792
134 330821 881164
135 920304 751315
136 36488 552035
137 706688 440089
138 447005 848453
139 493890 898558
140 678305 408200
141 985218 817911
142 -68751 560913
143 429004 854879
144 979162 733956
145 932598 808348
146 884886 702418
147 882592 776116
148 883956 788606
149 957771 743680
150 429821 811533
151 941941 707754
152 403986 875191
153 693378 336106
154 708669 379153
155 718269 383653
156 -40786 583139
157 417684 951655
158 878768 665601
159 633638 481224
160 917257 810764
161 704559 350130
162 33658 471395
163 620944 422105
164 919360 799020
165 739892 371398
166 906243 762253
167 483931 822263
168 597452 442783
169 923727 772869
170 342371 850959
171 -17680 426940
172 732277 374466
173 855529 744218
174 698105 442740
175 -6540 411630
176 702457 311519
177 878919 713627
178 411680 891742
179 945545 721285
180 -96873 515512
181 878041 722125
182 40011 577935
183 908850 726443
184 416767 791232
185 63008 570780
186 902060 687535
187 29498 555952
188 659900 411452
189 14128 493192
190 480183 768901
191 24540 542012
192 742886 380938
193 979333 775618
194 -33643 501755
195 946583 780791
196 847176 681504
197 951091 761860
198 661986 415333
199 433619 851506
200 445428 873360
201 877791 651671
202 910595 708467
203 686764 496385
204 45635 506106
205 919094 781978
206 26738 575682
207 733076 379529
208 705329 359335
209 920502 786900
210 946442 757152
211 948186 749850
212 674581 441393
213 857014 717298
214 679961 475423
215 78243 507431
216 836297 285184
217 46614 501801
218 645569 372549
219 463973 785785
220 646724 395349
221 508770 891568
222 60551 532018
223 746693 343005
224 738785 404041
225 -63546 599779
226 727240 331289
227 936066 726092
228 463303 826397
229 850655 740103
230 665043 396360
231 670765 453929
232 44557 603640
233 773988 380306
234 482992 830798
235 945983 779775
236 406167 866248
237 822256 394866
238 901053 753715
239 653727 400169
240 14009 615440
241 487696 892031
242 36019 556888
243 441300 763553
244 684345 430899
245 889484 750957
246 899551 837031
247 935452 700473
248 887386 787621
249 -81239 478231
250 -7537 557943
251 341731 832707
252 66400 452570
253 461733 947893
254 33834 482542
255 47101 463427
256 450921 881842
257 477173 782204
258 837298 684369
259 59372 454630
260 633186 403987
261 640540 345272
262 -19771 615210
263 898130 817490
264 909188 802450
265 734546 522509
266 -10231 552604
267 40692 492713
268 956774 774742
269 465206 875243
270 913913 729743
271 941902 784233
272 362110 900001
273 816442 412003
274 448791 913766
275 722672 467759
276 945161 752170
277 40650 574215
278 949315 732516
279 967847 702757
280 -6204 532315
281 685742 381247
282 963588 715193
283 689842 362773
284 419677 814694
285 495136 789411
286 523465 903895
287 881013 730905
288 969370 729889
289 484708 807196
290 417531 880334
291 27694 526256
292 757954 452128
293 1788 507158
294 26316 490406
295 406028 842076
296 686171 416191
297 702322 481192
298 22098 465756
299 5428 547842
300 468952 857063
301 620854 388513
302 964212 794541
303 857540 811829
304 898251 726868
305 739525 330092
306 855776 752618
307 -25617 543096
308 -100316 542011
309 840970 759074
310 938476 748424
311 47901 476431
312 -71124 476017
313 19433 518632
314 406251 843547
315 33098 486840
316 8616 592382
317 729030 422536
318 35426 544332
319 396606 810335
320 890509 800874
321 730739 318894
322 647921 452690
323 721198 374250
324 740710 449776
325 614650 372221
326 373763 812158
327 716959 359457
328 361272 823647
329 704522 384979
330 695592 399829
331 -66746 559329
332 104588 495299
333 683375 417157
334 50601 478165
335 934719 859777
336 347147 822844
337 737609 317868
338 59683 496734
339 -40183 515186
340 840601 726822
341 24617 621712
342 382056 909091
343 6403 438831
344 991963 698594
345 904334 751440
346 696339 384211
347 58150 511087
348 419136 758859
349 -21186 492042
350 956044 774572
351 -39851 528098
352 752474 428225
353 -13972 498802
354 964934 698378
355 766553 356206
356 -10466 621306
357 789849 413104
358 447377 841451
359 82671 592420
360 796693 421488
361 1018820 714001
362 94111 566117
363 967920 694689
364 84305 538398
365 917770 726743
366 741039 467497
367 754925 401623
368 -45843 529040
369 86980 545173
370 527619 845959
371 39541 524442
372 971725 809414
373 850949 735258
374 7421 658028
375 662656 360298
376 905668 752169
377 916570 786074
378 685569 353323
379 7377 482273
380 678046 383149
381 625950 283458
382 954659 808873
383 998904 804144
384 916443 726166
385 418020 838622
386 887060 713828
387 404835 848951
388 -44624 617583
389 -13428 590683
390 11227 582811
391 921392 727596
392 754282 315981
393 715596 396383
394 691990 387308
395 -18969 533174
396 912413 667524
397 998932 798010
398 707180 266971
399 593111 372317
400 109231 488489
401 6434 565724
402 425971 809764
403 917797 696117
404 674219 373610
405 745525 389294
406 2097 602281
407 808750 450110
408 902249 691714
409 507581 800764
410 384444 845980
411 971371 693031
412 53184 508235
413 767882 405423
414 416895 781654
415 -62435 567459
416 -38208 566099
417 918578 708054
418 739195 394373
419 948277 690195
420 903531 708790
421 351405 833250
422 695536 433760
423 922171 772080
424 463006 885998
425 444785 885591
426 878221 759458
427 941144 714778
428 312431 825069
429 507575 865159
430 883347 804950
431 937502 841436
432 2153 522291
433 -16878 547836
434 -90840 583970
435 -5473 535474
436 -56673 536700
437 739208 451232
438 872190 776508
439 982412 766505
440 -40529 586684
441 969332 699520
442 376012 792070
443 126999 531017
444 85115 571260
445 667720 388895
446 557348 826151
447 760797 416009
448 438633 841602
449 905684 714277
450 419528 742711
451 53434 557570
452 894700 754777
453 333025 814945
454 402699 836158
455 -1486 577533
456 808835 387312
457 323792 870714
458 506332 779528
