NAME : portcgen-434-4563547
COMMENT : portcgen N=434, seed=4563547
TYPE : TSP
DIMENSION : 434
EDGE_WEIGHT_TYPE : EUC_2D
NODE_COORD_SECTION
1 892522 111531
2 872445 26590
3 986960 233377
4 470573 630453
5 855372 71620
6 1050941 287971
7 486882 502637
8 903177 48298
9 323439 590227
10 853854 -11240
11 399106 666575
12 406247 678918
13 395375 562419
14 477964 652547
15 872588 -3472
16 413460 653159
17 868101 27673
18 800277 85124
19 -23168 323811
20 84662 327942
21 328539 579594
22 387561 567925
23 976995 -34249
24 792246 85154
25 995647 249039
26 190233 242614
27 16914 223380
28 848127 103947
29 364440 586926
30 750507 27188
31 474284 688077
32 136437 211650
33 866592 72850
34 916290 210931
35 843237 21471
36 93662 216461
37 142260 214046
38 986369 14544
39 774234 106103
40 951351 343806
41 382779 590572
42 457603 634256
43 407962 626780
44 798945 123635
45 81108 249984
46 908396 65121
47 399729 543221
48 810298 176357
49 1031610 204895
50 106276 280646
51 453691 625089
52 913156 91852
53 962617 234924
54 359846 626046
55 133303 220870
56 1053614 327643
57 419516 639131
58 813682 106658
59 1043022 296929
60 963033 348740
61 406703 640593
62 136546 264368
63 1012800 329641
64 846967 109753
65 1040167 275300
66 322256 693039
67 848246 23081
68 935326 23642
69 951597 216073
70 941109 55523
71 1029264 219906
72 831413 3747
73 356199 661449
74 824630 37265
75 1000799 263217
76 1017873 250470
77 55313 140417
78 462301 599860
79 124596 309121
80 391220 598377
81 32309 335899
82 441244 671697
83 1037617 204856
84 406170 540235
85 381024 618946
86 207811 388427
87 445808 637705
88 918999 15741
89 426477 540856
90 144805 329955
91 54921 331314
92 132473 295088
93 836536 129647
94 427536 606982
95 942263 302247
96 25661 323728
97 1110255 274934
98 438541 528768
99 169922 328338
100 886534 59898
101 963545 378762
102 449515 690873
103 161883 311041
104 444955 695513
105 399093 685938
106 816793 5639
107 105985 285541
108 1034043 300101
109 928471 266946
110 469640 542054
111 21336 263937
112 543626 643493
113 970114 257123
114 847914 121839
115 1030475 239309
116 1042294 321199
117 899271 90518
118 404699 639234
119 430448 637771
120 979451 238999
121 915698 65406
122 350785 446292
123 333307 624976
124 421025 537488
125 117659 307629
126 995170 212956
127 924128 230928
128 393814 611698
129 942730 190762
130 118239 263916
131 428156 501162
132 950332 343504
133 133046 311630
134 1003586 257779
135 391781 587641
136 1012718 292892
137 471784 496566
138 179709 258444
139 52379 301798
140 970189 234917
141 80290 306497
142 439472 630783
143 421640 643801
144 457983 666353
145 89875 272754
146 943994 270834
147 809961 75588
148 473181 559077
149 879782 84314
150 381007 570043
151 154720 269343
152 852375 128864
153 881589 113397
154 398587 517687
155 382816 544700
156 395911 558447
157 984216 315470
158 100897 243104
159 1062054 241128
160 821022 17421
161 1072040 226840
162 956958 271724
163 351912 603649
164 301088 590203
165 347768 631361
166 1055810 240006
167 75856 387789
168 93621 300211
169 61217 343709
170 406640 683371
171 432286 515880
172 412319 631395
173 408978 583551
174 868829 109450
175 1071549 159956
176 883335 29019
177 1035668 313240
178 57462 343219
179 895404 99772
180 408251 542074
181 998791 304266
182 1096314 215047
183 846224 102725
184 1030835 274396
185 914303 99767
186 833424 74816
187 293646 626592
188 928934 26003
189 170253 324046
190 907671 276593
191 1045778 225604
192 844432 104993
193 870539 45890
194 72138 266579
195 1004818 272908
196 1035315 349206
197 467261 581884
198 74195 237517
199 827229 150826
200 474019 556844
201 814640 81320
202 341081 505081
203 967350 254774
204 1055133 267429
205 997913 197795
206 112431 241714
207 1025032 205759
208 883000 -12733
209 1039733 251574
210 351952 562267
211 305595 589977
212 244178 249847
213 1021035 289502
214 319090 639954
215 1025768 229357
216 398313 542478
217 901529 12313
218 391012 524506
219 382302 666269
220 333188 576194
221 1013221 339364
222 900887 -38675
223 8558 256321
224 422344 615887
225 126754 318978
226 955911 234406
227 819750 -3585
228 188080 277263
229 401452 518241
230 399700 609867
231 992349 272336
232 366578 651275
233 1013534 265872
234 162299 158572
235 1006232 257930
236 798063 61124
237 160053 323971
238 786789 15978
239 1020767 219674
240 858286 18290
241 53133 352079
242 166897 250973
243 1015418 314176
244 996907 237540
245 988636 214963
246 806970 -17886
247 1016320 293159
248 1078845 185223
249 816838 52919
250 1011798 187028
251 229888 259506
252 834938 134327
253 979297 294789
254 115700 344728
255 816069 90157
256 836296 91743
257 127387 296996
258 176828 268896
259 423087 599982
260 958867 64183
261 827931 -9885
262 160551 310952
263 71402 303051
264 455377 690022
265 1027191 248589
266 1081404 278391
267 442141 595626
268 113402 215803
269 360857 718328
270 1005735 284557
271 983217 260755
272 137272 231531
273 98051 235887
274 888604 121079
275 164021 386948
276 989959 259720
277 1088464 207390
278 1021015 301895
279 199752 247155
280 1051406 193979
281 1016272 148349
282 115724 276062
283 950709 80001
284 62094 357629
285 463159 629880
286 922285 218548
287 935664 193922
288 994751 261057
289 127845 270188
290 1014846 223280
291 857574 116486
292 100132 281638
293 857249 71054
294 832467 23196
295 382544 679558
296 462559 631444
297 391950 671550
298 38968 245328
299 185868 224125
300 372773 613763
301 421697 641142
302 103473 299652
303 861657 146843
304 79107 258464
305 141148 317401
306 825140 71586
307 969656 198938
308 979406 148549
309 1019199 273834
310 911948 85122
311 917021 -18232
312 150481 303268
313 36972 330167
314 1026458 243630
315 1017601 219328
316 1095503 187409
317 876798 50595
318 924512 50058
319 170068 231962
320 348073 477126
321 350092 545835
322 430748 652754
323 498952 640507
324 52908 333960
325 371637 615454
326 473410 443792
327 1056788 257892
328 989680 226964
329 880328 60686
330 862956 -4208
331 902592 83229
332 395007 665321
333 452467 606744
334 373449 539308
335 867288 153319
336 61119 308905
337 832112 33995
338 888750 148080
339 372813 562199
340 824038 94203
341 804043 104011
342 957327 -5563
343 994726 304379
344 952254 217461
345 126074 300518
346 883090 90833
347 835790 86049
348 1128065 294881
349 899854 -75957
350 470790 626796
351 887485 108744
352 863214 103581
353 1031456 264482
354 938193 319166
355 824467 181940
356 964025 246706
357 158999 298054
358 361436 513446
359 538045 608682
360 966805 228142
361 428326 539690
362 977416 157693
363 886977 99973
364 892113 86417
365 409847 702850
366 895632 51548
367 367406 601176
368 169864 250648
369 440516 582341
370 997126 252850
371 123985 251982
372 65392 261664
373 72493 290731
374 518967 525052
375 163074 283487
376 914854 76043
377 910091 -37214
378 985758 272686
379 414834 563224
380 960597 271599
381 185760 264412
382 841537 177535
383 41278 308351
384 361868 587462
385 289078 561647
386 353091 556083
387 463242 620597
388 44201 278095
389 14436 286440
390 921825 89532
391 82208 262729
392 978474 -12592
393 138573 198862
394 102438 335160
395 863194 43288
396 869642 137765
397 999723 236801
398 870632 20061
399 99983 297846
400 965801 261924
401 128115 289793
402 127748 321558
403 157377 293916
404 952170 376886
405 854521 123509
406 1069860 300851
407 938909 23909
408 491179 580899
409 869393 87424
410 981539 282867
411 865904 177989
412 1034730 283583
413 142918 309722
414 27016 268206
415 124029 193539
416 851224 40357
417 1002827 264421
418 146575 280052
419 403519 606473
420 1010880 295812
421 430428 656068
422 30309 245575
423 1074869 176999
424 104320 231201
425 477078 567477
426 955191 70792
427 1041644 255781
428 1075510 198486
429 999011 332695
430 436605 611292
431 404555 564882
432 994646 166705
433 919130 344633
434 384544 604275
