NAME : portcgen-567-6553752
COMMENT : portcgen N=567, seed=6553752
TYPE : TSP
DIMENSION : 567
EDGE_WEIGHT_TYPE : EUC_2D
NODE_COORD_SECTION
1 427211 110770
2 423050 122833
3 11638 792155
4 954115 348386
5 934809 353009
6 162531 444760
7 942306 327855
8 505950 236171
9 60486 855429
10 974219 287370
11 98738 446032
12 573894 132081
13 931918 318396
14 1025610 337837
15 1011307 321629
16 114040 460045
17 452930 202288
18 549746 176287
19 1070808 374194
20 176417 453577
21 437187 89198
22 60128 491444
23 942975 416323
24 112558 504916
25 476280 84363
26 -50300 790382
27 552005 184329
28 995834 405707
29 961282 369520
30 393236 168148
31 987400 277562
32 154880 477440
33 54988 456864
34 332321 114407
35 134760 556951
36 1007718 345737
37 -8303 813926
38 936751 362862
39 88981 857417
40 941115 405149
41 547167 229673
42 976035 361818
43 443872 147083
44 419701 164417
45 474333 254595
46 112210 554743
47 957856 311209
48 347208 234726
49 60211 502770
50 460643 110430
51 105524 510662
52 426952 129566
53 422050 126159
54 23847 857510
55 464429 116613
56 108969 477108
57 74061 788978
58 1026913 228020
59 61553 439981
60 11388 836215
61 459839 51435
62 105255 465581
63 938928 370335
64 979497 435305
65 929041 413341
66 -14367 730329
67 6748 839738
68 90049 496218
69 132578 462352
70 11599 718110
71 487872 170085
72 995787 347377
73 930138 333620
74 385407 73289
75 -32771 827477
76 1040732 287951
77 442125 115110
78 380224 122983
79 75425 398812
80 354064 160800
81 543516 238344
82 62199 506254
83 485416 180936
84 610845 221699
85 103779 417484
86 444009 244789
87 11729 854419
88 73046 457218
89 32008 823895
90 25047 803285
91 1017819 331238
92 162811 447717
93 63939 827032
94 404917 142174
95 954589 396092
96 606245 259636
97 990887 359171
98 79645 436738
99 355985 144163
100 156796 448732
101 -20584 864629
102 22305 829253
103 978172 352742
104 132309 444411
105 904003 369086
106 445234 218169
107 461892 179566
108 512037 266102
109 576350 257816
110 102640 555182
111 166727 409520
112 -16587 771236
113 971476 305745
114 -30796 867653
115 526940 188671
116 545384 185967
117 973348 389878
118 994744 400544
119 956590 360967
120 993857 349840
121 553243 225836
122 965436 304544
123 411900 102740
124 977670 347113
125 933196 362546
126 960866 407365
127 949478 327932
128 956028 294956
129 641513 148612
130 471121 65712
131 462603 62034
132 -36774 762931
133 610526 186577
134 553445 263021
135 33736 796860
136 408266 147010
137 360911 106137
138 99457 539494
139 23563 751435
140 134194 508720
141 82410 444406
142 122844 419137
143 -701 836296
144 40797 759398
145 1001895 366686
146 80833 759930
147 464127 126422
148 114162 525526
149 79322 469419
150 130165 511237
151 440065 192322
152 42915 484134
153 441736 96444
154 957106 345381
155 408672 109580
156 412493 109449
157 410088 129596
158 436850 110247
159 460941 119435
160 976704 329407
161 423351 72165
162 59247 762014
163 511939 257363
164 69061 719266
165 571290 265618
166 75974 787007
167 -40012 798633
168 433594 114005
169 448913 175559
170 575878 242408
171 129235 485764
172 111102 430992
173 510145 280123
174 364579 158301
175 113975 788929
176 -71844 782126
177 155431 407166
178 -12448 793374
179 -3856 816933
180 1012488 325558
181 558211 210879
182 973876 292281
183 -4006 849985
184 645149 303374
185 -1939 775592
186 974335 347378
187 584401 183310
188 91548 391577
189 399669 169422
190 -4574 845482
191 432182 164091
192 945588 439815
193 438073 69768
194 -23471 785200
195 475398 91308
196 968172 417288
197 93496 456241
198 961685 322389
199 971519 303726
200 86467 403642
201 81527 489825
202 980958 357494
203 458220 88268
204 4547 833595
205 39996 489688
206 497036 286033
207 572662 153430
208 570042 339373
209 1030670 264401
210 55758 827614
211 92487 451889
212 446163 103842
213 53036 790811
214 589003 257288
215 53134 406474
216 75486 545312
217 576639 116437
218 927230 394516
219 507369 214468
220 19864 780940
221 493057 231374
222 117454 460853
223 47230 433402
224 376686 142314
225 25241 830805
226 74944 448713
227 543303 291258
228 -8474 807405
229 856777 362591
230 89117 459914
231 398971 82344
232 825084 319442
233 174554 516875
234 138446 461270
235 10542 753477
236 987567 347963
237 946650 338371
238 931825 337545
239 960891 274903
240 562803 254141
241 -30754 780311
242 370554 144873
243 98356 775794
244 -66041 810756
245 135608 435290
246 474646 109292
247 531097 254252
248 930226 337776
249 477038 176161
250 592328 142952
251 413018 93677
252 404224 148379
253 349851 92261
254 539231 258372
255 893084 331152
256 70621 872627
257 390571 160593
258 30960 915341
259 548291 182124
260 918448 352633
261 56992 441010
262 444490 182872
263 445344 115979
264 537073 343951
265 371884 91831
266 87489 792434
267 524407 194576
268 159230 496975
269 137033 533372
270 440304 147676
271 125227 523574
272 882462 295683
273 117830 497775
274 419644 168710
275 28484 799041
276 417561 210544
277 107292 409720
278 457234 81850
279 383672 151825
280 968883 303361
281 931296 245187
282 7077 819472
283 -39336 756722
284 569325 246576
285 94866 900084
286 574830 178280
287 569602 259519
288 109141 547143
289 369178 106559
290 987383 344827
291 430444 82509
292 967256 374776
293 896843 356346
294 24037 400468
295 36101 797808
296 620657 227883
297 927956 276290
298 43488 851639
299 37342 783997
300 198521 499901
301 975560 316348
302 20155 778695
303 911078 382224
304 8914 773238
305 868764 373048
306 71064 476406
307 117568 423758
308 104549 798523
309 74525 492365
310 960883 282734
311 442073 83981
312 967665 371423
313 958488 359437
314 562721 230691
315 117720 467396
316 575442 297358
317 970830 383157
318 576277 152283
319 74465 783947
320 164198 446789
321 465823 148731
322 135798 473652
323 611863 176143
324 939446 321205
325 991034 430178
326 20209 849814
327 873210 438669
328 516818 170556
329 57034 469476
330 129019 453517
331 107642 488579
332 -104339 839841
333 365393 87470
334 72333 434859
335 11549 831306
336 40321 810290
337 29945 454379
338 431917 151604
339 430111 132110
340 905098 315835
341 1008085 335498
342 -8174 801395
343 47664 511314
344 65310 769805
345 109815 487832
346 563184 240154
347 432535 79294
348 971017 345043
349 -9758 814270
350 448373 91966
351 28093 781496
352 422511 88729
353 86979 808981
354 535288 181309
355 456376 135389
356 159021 435974
357 481061 112821
358 -7315 825082
359 19286 826451
360 86915 407353
361 996037 355443
362 423888 190599
363 523685 231352
364 440991 81812
365 421942 111229
366 380886 151317
367 81544 527666
368 110926 514136
369 522028 89680
370 97281 503443
371 461496 94578
372 564282 202515
373 935909 334053
374 1081261 331184
375 65133 410635
376 1000276 379323
377 -16184 778551
378 67309 784373
379 -30400 751618
380 -108137 774275
381 397339 169266
382 83163 488760
383 908125 412457
384 1049793 379635
385 405364 123628
386 969063 315650
387 357152 100558
388 497990 81569
389 108993 416149
390 575756 216850
391 4568 819410
392 997588 380645
393 487359 88530
394 -9222 878268
395 461165 128121
396 90241 816438
397 482923 157437
398 458868 48698
399 458802 197440
400 934368 351302
401 438884 135431
402 391547 117972
403 954032 304447
404 7924 464077
405 988552 396352
406 555333 171184
407 380031 125252
408 379851 99879
409 68021 821946
410 520415 298977
411 -63558 783866
412 141096 441868
413 45902 774529
414 584017 224607
415 939150 266725
416 -14468 772230
417 13557 816387
418 960971 407657
419 55659 427287
420 161577 471424
421 579141 178068
422 70852 451073
423 553903 230783
424 410325 112956
425 951799 287420
426 472250 105770
427 500908 200452
428 544588 243331
429 453022 129898
430 438455 111574
431 917313 340639
432 84287 525159
433 483778 209450
434 1029327 358983
435 402795 164154
436 31282 797831
437 506751 187326
438 53244 737011
439 996469 334745
440 521193 164702
441 -64892 852488
442 1730 776877
443 472895 130219
444 536279 143487
445 564539 287917
446 141309 447964
447 78914 712328
448 954500 335949
449 61470 873223
450 428102 166904
451 463576 74105
452 -4846 423265
453 566196 258625
454 455490 182493
455 40353 860663
456 548112 173087
457 597007 153694
458 437065 106359
459 527431 162823
460 427879 114073
461 883542 323686
462 554711 231552
463 619295 242045
464 58688 496312
465 390618 150366
466 93877 509439
467 992437 337833
468 389604 122080
469 21072 850561
470 463487 135480
471 983725 345641
472 591552 229076
473 492137 181380
474 208065 480741
475 49485 500621
476 429816 128903
477 2265 763026
478 1020038 345395
479 31633 849619
480 94072 485215
481 931274 349472
482 112877 416582
483 153769 391432
484 140353 505729
485 2972 714939
486 37268 452519
487 1020845 378800
488 937854 400935
489 998742 368051
490 958492 378598
491 410794 137153
492 399925 150286
493 965026 243066
494 425098 123301
495 947514 281816
496 918773 349249
497 68826 523150
498 1059986 399036
499 496450 298359
500 493606 149706
501 410913 137933
502 414332 138822
503 540878 203308
504 123935 529227
505 544280 217144
506 24128 789031
507 2995 739716
508 454213 103783
509 371672 99427
510 423911 151017
511 901548 316668
512 586840 239317
513 -21097 791272
514 10255 880799
515 428131 70386
516 -72981 788858
517 74526 784477
518 550899 219579
519 576709 192546
520 25191 813567
521 895471 370454
522 94444 540438
523 415517 102387
524 1006296 338431
525 550646 259993
526 48596 519209
527 981394 369868
528 68595 437051
529 914247 290427
530 42663 863672
531 183523 460909
532 952156 397028
533 537363 229145
534 91288 422675
535 549418 256512
536 25991 739434
537 98335 525626
538 38585 420920
539 580742 166887
540 438220 80315
541 991812 378499
542 967274 389389
543 105567 472441
544 383536 69950
545 433065 165686
546 411167 191135
547 64094 431728
548 963231 390290
549 519510 222129
550 426719 156909
551 67054 906613
552 44821 467754
553 504337 314757
554 279062 165830
555 -22911 829248
556 475661 154612
557 426540 215839
558 891924 330749
559 158319 490759
560 570982 252648
561 610194 159591
562 26875 832268
563 29962 750658
564 45656 769458
565 451570 142954
566 390195 99433
567 57879 752370
