NAME : portcgen-504-2128010
COMMENT : portcgen N=504, seed=2128010
TYPE : TSP
DIMENSION : 504
EDGE_WEIGHT_TYPE : EUC_2D
NODE_COORD_SECTION
1 970112 224792
2 347944 280083
3 938472 314605
4 922527 230161
5 948989 233696
6 439700 404333
7 500134 541913
8 882579 272601
9 812430 233573
10 431333 334619
11 341803 582404
12 362618 369434
13 418262 255389
14 338691 334267
15 384243 425802
16 409100 576177
17 80529 284047
18 143813 229749
19 976442 184061
20 933645 180515
21 947008 226164
22 949529 191697
23 147004 318457
24 462066 462502
25 999832 219799
26 470397 597656
27 178347 437091
28 190754 300699
29 127257 342289
30 967552 113028
31 471791 340847
32 372446 386144
33 364985 452831
34 914209 212055
35 840390 200926
36 386190 601828
37 918045 251967
38 418146 652439
39 351404 302052
40 869600 199204
41 963880 232966
42 408947 390786
43 95460 300979
44 91200 318608
45 1037753 127896
46 361056 590221
47 963224 203899
48 956004 237906
49 398163 389407
50 395950 378566
51 428584 520110
52 372835 413978
53 375403 429448
54 310759 353725
55 362318 601366
56 957900 177562
57 422036 347280
58 188641 296904
59 167006 322978
60 99797 272326
61 405622 704159
62 967937 111735
63 329895 592440
64 94686 291133
65 960671 165303
66 989273 185293
67 311752 408507
68 978993 241341
69 94319 290040
70 380385 405481
71 368828 414424
72 1075161 261512
73 149768 310809
74 989135 260918
75 1059853 214096
76 407647 595094
77 336721 596429
78 936871 275740
79 399690 615079
80 291840 430989
81 426839 635740
82 394418 642816
83 180113 317539
84 407593 563655
85 87653 336288
86 127717 407452
87 920304 274014
88 122714 381586
89 358030 332203
90 298021 379813
91 340932 352994
92 141416 296644
93 142736 262131
94 911559 276105
95 166381 247323
96 450868 428584
97 177995 328395
98 1020827 135977
99 371079 349312
100 942878 291275
101 897689 223273
102 124617 285949
103 113711 291442
104 310729 431690
105 88057 275416
106 813491 181101
107 400377 674928
108 400739 357485
109 908110 292562
110 390110 638664
111 204061 265320
112 318777 419726
113 996411 202810
114 380060 618635
115 884757 313256
116 996690 176905
117 158872 342180
118 1009359 275057
119 1001539 310460
120 459248 652166
121 389845 356237
122 406730 339761
123 390716 533494
124 902677 308622
125 862028 282789
126 444677 564428
127 156724 340872
128 907983 257331
129 931927 237797
130 387772 362930
131 238577 255343
132 907017 173315
133 1017004 224373
134 897668 232925
135 899124 225665
136 1043959 167921
137 940327 171802
138 146725 303876
139 1001378 106057
140 377829 361741
141 337389 348654
142 971808 301782
143 186190 375386
144 132864 392897
145 447105 654975
146 898379 255706
147 375296 626251
148 898170 235162
149 328165 389651
150 1060973 155748
151 80847 230280
152 954395 147468
153 329175 561756
154 376328 598360
155 966934 231071
156 457732 580473
157 1008870 213329
158 346456 539211
159 123766 290659
160 152819 406271
161 137115 280178
162 201282 238422
163 387300 630904
164 94513 304063
165 402491 576560
166 73517 317469
167 115215 358494
168 932467 170355
169 166903 359937
170 380884 553703
171 379390 366045
172 212294 259039
173 912819 202001
174 986809 164284
175 920409 252361
176 383327 635585
177 921528 306915
178 332690 399918
179 360540 452066
180 828866 230842
181 908629 287018
182 416548 547396
183 367342 381466
184 1103555 185320
185 827244 296013
186 292253 403840
187 873771 221745
188 428934 432527
189 405818 421771
190 165227 297558
191 928912 227398
192 998943 230453
193 423578 504784
194 171262 330639
195 301218 436356
196 985775 195622
197 952744 251094
198 966087 267273
199 1039920 147499
200 1011349 192985
201 398297 626347
202 405248 545019
203 932256 184247
204 951309 274757
205 924653 227249
206 437463 557012
207 133911 334357
208 929856 258238
209 929840 216495
210 827218 290039
211 450886 628548
212 313902 524772
213 110428 308280
214 895602 288702
215 343825 261070
216 983765 149780
217 108765 303351
218 149705 318486
219 369461 431757
220 839519 185725
221 972451 258364
222 349856 336741
223 439682 415683
224 485997 630068
225 138002 319037
226 450116 567961
227 437701 602414
228 449783 612016
229 427769 620347
230 102080 349875
231 957248 254230
232 898503 245449
233 862141 185357
234 413777 568362
235 870472 249315
236 410066 386044
237 1030644 217245
238 387215 442957
239 355970 396654
240 399578 637714
241 373641 535073
242 397878 344208
243 879002 233714
244 967041 295914
245 376271 534296
246 1000732 183350
247 170600 266420
248 296049 356233
249 936881 210836
250 178844 334638
251 947858 169867
252 909381 192361
253 379028 325627
254 1007166 129943
255 394844 627380
256 393647 626653
257 186701 384145
258 390876 388401
259 149259 322805
260 847673 123867
261 309202 585710
262 323725 434436
263 416868 618133
264 928597 161574
265 140036 331412
266 431745 332911
267 137044 283051
268 116057 291710
269 327966 368360
270 1009504 204551
271 861437 300847
272 810778 278978
273 145967 317430
274 932605 302529
275 482537 492950
276 48079 335076
277 204286 348835
278 442778 604447
279 984904 131247
280 386450 413171
281 1092765 114265
282 154180 265208
283 113468 325782
284 984518 188626
285 167656 399761
286 1063132 195569
287 461508 582146
288 958510 278566
289 121850 312413
290 421270 570779
291 898338 267030
292 994415 175444
293 108722 368776
294 476953 560091
295 383303 562838
296 988833 174674
297 460849 592276
298 338362 311129
299 900888 235637
300 337735 362301
301 926798 259031
302 367449 365562
303 403324 358623
304 1005621 165636
305 890605 268775
306 863112 279820
307 426797 388098
308 938347 230052
309 891487 179499
310 182634 299575
311 422961 576348
312 154087 381458
313 395316 545729
314 71318 336591
315 953330 206107
316 930029 175740
317 935112 206107
318 1020201 152813
319 359399 597900
320 388206 687002
321 456586 278003
322 75695 283076
323 109156 302613
324 397994 581274
325 1018729 199915
326 171132 303016
327 929742 196319
328 424103 424739
329 974150 194672
330 894750 251628
331 382252 581538
332 420341 542621
333 415489 445667
334 352245 385554
335 387796 550271
336 355825 642385
337 964432 249134
338 928464 218545
339 984714 292574
340 887605 226716
341 137992 351361
342 116203 302492
343 449034 334252
344 973990 246592
345 379534 382279
346 146934 318937
347 178199 261087
348 339543 388469
349 76850 335869
350 114185 257837
351 464027 440454
352 423514 645630
353 463958 321508
354 854273 231582
355 360431 310904
356 488383 629074
357 81002 397584
358 999578 330457
359 381345 315824
360 1071959 185816
361 132566 308341
362 313339 388645
363 422249 592606
364 1011558 240783
365 153206 322282
366 973697 185319
367 995811 210799
368 900251 222500
369 1089345 126240
370 443410 572509
371 1057039 242046
372 450006 556120
373 430623 414712
374 397665 568183
375 1028214 245751
376 396791 419373
377 146002 269881
378 361093 561102
379 962406 174329
380 939304 273788
381 1045514 145517
382 109840 228631
383 384270 409305
384 421810 626930
385 415074 693363
386 1019458 216938
387 471725 382426
388 36016 264594
389 915271 218242
390 883352 280058
391 425267 580171
392 877015 241883
393 363945 470786
394 349597 391312
395 962452 200361
396 977486 152748
397 311797 324458
398 1032500 213298
399 49826 364180
400 119806 264015
401 1032150 193586
402 927606 196848
403 359056 363502
404 424786 617262
405 305060 314524
406 145148 333775
407 502021 537552
408 1013930 171492
409 427214 381513
410 1000638 175285
411 390739 586032
412 157329 290436
413 959517 115660
414 894985 220088
415 102328 256696
416 318710 441971
417 247072 355945
418 824179 307024
419 824420 259609
420 967499 264363
421 963257 190546
422 786929 313757
423 125767 371381
424 441262 580377
425 935327 231048
426 57000 369787
427 910015 278623
428 1053974 305047
429 1017535 166301
430 422816 493432
431 94648 324788
432 986920 196311
433 859827 208851
434 891611 127394
435 342649 349537
436 1014998 210565
437 41832 376822
438 378801 349352
439 401715 442485
440 967987 233164
441 62335 350845
442 911958 210108
443 929494 321303
444 388018 340327
445 172372 316325
446 392260 314331
447 214561 320323
448 418100 602114
449 335114 388605
450 94610 396230
451 980570 150035
452 387566 713869
453 321959 384727
454 110409 335363
455 379486 599398
456 189601 339711
457 362918 387155
458 931551 210473
459 964447 262159
460 178338 340785
461 925891 296243
462 905221 237590
463 1018908 183641
464 361147 582680
465 356504 586663
466 1035850 226941
467 980424 262501
468 942628 205903
469 342851 575312
470 530897 620762
471 323082 385676
472 868657 250525
473 1018458 308388
474 412758 648445
475 220009 331114
476 221875 387621
477 362977 497239
478 334579 446104
479 929446 322686
480 939193 154035
481 411789 406578
482 911803 209388
483 370457 390053
484 92323 242784
485 988967 261998
486 401060 531840
487 105213 355616
488 983265 231198
489 371220 609344
490 377063 351921
491 1001431 154314
492 884578 229932
493 93504 370229
494 829196 200495
495 453271 654186
496 924955 236031
497 947774 280682
498 401705 305397
499 952381 243245
500 372716 389003
501 984839 174292
502 467080 647606
503 1072463 264028
504 392070 607679
