NAME : portcgen-496-4779265
COMMENT : portcgen N=496, seed=4779265
TYPE : TSP
DIMENSION : 496
EDGE_WEIGHT_TYPE : EUC_2D
NODE_COORD_SECTION
1 284975 579638
2 211562 198662
3 584722 969566
4 280711 505519
5 331647 633122
6 23879 460705
7 263889 458493
8 207293 235956
9 38867 490000
10 218366 180247
11 4265 457313
12 107562 163988
13 -27442 449591
14 296558 551129
15 228891 224155
16 580519 976335
17 341936 529996
18 481250 952994
19 622044 984618
20 655141 941864
21 222202 201666
22 186833 174354
23 216181 151210
24 687881 1056550
25 271890 545643
26 556530 959088
27 368002 552705
28 241559 176717
29 14253 458793
30 -3479 469627
31 57385 396405
32 586183 973292
33 400460 629080
34 610652 1027518
35 566828 929463
36 213853 178923
37 589190 1042304
38 11790 483580
39 345966 474768
40 159964 175021
41 145981 195856
42 335262 570844
43 577676 941740
44 558444 966640
45 572188 1061782
46 689916 1017351
47 351938 544844
48 -14687 446646
49 288881 588094
50 280340 537467
51 312761 590489
52 285571 494634
53 44506 518422
54 -21518 477119
55 226536 204524
56 135871 131894
57 361899 592286
58 -7330 487112
59 207220 112843
60 199792 262997
61 159944 179420
62 197034 181489
63 176045 166431
64 608884 930470
65 183370 139508
66 294309 475262
67 316602 581300
68 46370 416039
69 54739 443905
70 507377 857760
71 -9118 520351
72 536955 987950
73 223546 546911
74 20294 450447
75 326572 570357
76 366524 559611
77 302304 213783
78 563886 1049437
79 44819 453036
80 -4095 435156
81 136615 153964
82 223758 449654
83 275767 185557
84 175274 233024
85 351106 452431
86 292254 485440
87 334615 535852
88 130752 160042
89 162086 158589
90 380544 468778
91 125147 147904
92 549577 1064979
93 47113 474865
94 31660 432298
95 296774 262381
96 332698 579613
97 68170 392537
98 640990 982316
99 168486 129367
100 597885 994170
101 596829 1057018
102 4888 452318
103 555926 1021072
104 184915 141966
105 35458 500555
106 303389 547748
107 247275 201755
108 57355 428374
109 178403 169170
110 123018 452776
111 550339 998044
112 222340 207209
113 98398 430953
114 265324 472588
115 231313 226650
116 561294 947333
117 371293 487758
118 -25251 481374
119 323292 547419
120 9266 442890
121 232419 236657
122 507299 1005151
123 310261 582548
124 240802 481856
125 496578 912130
126 504112 1093353
127 34833 576366
128 206111 241123
129 83671 520909
130 342396 538571
131 239037 153891
132 576029 1017181
133 15892 434100
134 168518 124979
135 516440 981962
136 382159 591332
137 132703 207303
138 235435 226892
139 370652 464731
140 36645 418543
141 187667 541037
142 79887 427569
143 24743 413772
144 159450 173934
145 17418 448769
146 659295 966951
147 303615 567946
148 -61193 487970
149 346403 591245
150 574653 959797
151 206187 195823
152 238909 148990
153 133232 274956
154 38451 427843
155 381158 507434
156 -729 442820
157 306794 607271
158 34243 499055
159 578544 1053986
160 614422 1076524
161 605911 957428
162 417880 605337
163 518788 984245
164 512435 917446
165 -8039 514788
166 199013 275116
167 146191 192104
168 370832 559915
169 360574 548174
170 554654 1017017
171 189510 186379
172 459502 934181
173 3654 403189
174 250940 183014
175 36859 488882
176 76823 472416
177 196650 232904
178 202739 98405
179 372645 543734
180 217867 262750
181 166110 132940
182 -28047 453416
183 27367 384530
184 52793 498739
185 262188 164799
186 328208 504491
187 458617 1005595
188 320283 190123
189 107287 480950
190 216025 226002
191 181049 155601
192 587862 1013880
193 75211 447005
194 250302 211345
195 160377 174670
196 216972 211033
197 580201 927964
198 153958 179397
199 632370 949093
200 308681 513335
201 659726 973281
202 288266 496073
203 388781 551913
204 282001 227658
205 74122 489227
206 369875 523840
207 548016 1048074
208 393656 579557
209 86002 523552
210 165525 245157
211 118551 291796
212 21622 541270
213 227156 201076
214 231441 231128
215 327473 627201
216 317847 541032
217 13398 508677
218 37284 456616
219 312094 184351
220 168726 108220
221 9532 440835
222 292618 452811
223 -71746 480503
224 -9433 487637
225 327472 555275
226 245024 521045
227 314967 592963
228 168795 245059
229 309029 493992
230 333751 543867
231 628988 908274
232 601472 1034283
233 512269 1029493
234 234904 160399
235 40600 443671
236 408687 543425
237 110718 495762
238 -1504 436246
239 559136 1028023
240 520201 1029043
241 558298 940399
242 556339 999874
243 574640 995791
244 94602 480914
245 555870 1064522
246 642744 987972
247 286304 146268
248 524079 1053141
249 127918 227070
250 264546 212628
251 30636 476370
252 73086 430514
253 528701 991630
254 32954 479072
255 502242 968428
256 62078 437084
257 296774 447753
258 625835 1059823
259 619194 988492
260 66124 509545
261 275487 206139
262 353836 592877
263 592832 1108144
264 170212 228741
265 63462 424291
266 591681 976288
267 188304 130485
268 -38113 490344
269 509770 1042580
270 194908 96682
271 599910 1017281
272 179003 191901
273 205838 247440
274 2913 436865
275 187561 178984
276 10458 482539
277 539433 974474
278 170534 249071
279 326399 503453
280 343879 513272
281 184895 223588
282 143493 229115
283 520416 917481
284 283590 576179
285 209759 203658
286 431060 1026749
287 157614 263045
288 582680 976183
289 118485 191405
290 17508 419807
291 191425 216869
292 309543 524833
293 218352 179325
294 199752 246002
295 286267 541179
296 306254 530190
297 67585 457562
298 50189 473358
299 33765 492989
300 54211 527568
301 621513 1017075
302 152160 317296
303 214398 202588
304 558578 1015158
305 49484 453086
306 567496 988153
307 326321 562246
308 302084 580684
309 622315 966934
310 44567 439622
311 361729 546451
312 197998 192141
313 41999 564514
314 625714 967092
315 -82489 464905
316 628849 946005
317 269713 566283
318 601402 979639
319 203770 226420
320 -14458 413013
321 97991 383385
322 293566 584949
323 16701 508610
324 641626 1002068
325 160279 203892
326 525654 1001574
327 192143 186324
328 371529 469160
329 195922 243718
330 243331 146758
331 59300 479792
332 195322 189843
333 537135 1048172
334 18645 426972
335 191850 270981
336 314600 560231
337 710060 996240
338 243173 575752
339 476655 983408
340 283915 668910
341 215245 162019
342 576192 946261
343 544483 1031521
344 62904 534219
345 156952 256400
346 231466 255308
347 3251 482783
348 533250 984427
349 312859 602559
350 556562 981753
351 15706 515897
352 532578 1011150
353 99076 455149
354 60010 488378
355 569479 968385
356 245031 155586
357 562959 998714
358 30223 461783
359 529785 970480
360 182674 175913
361 233016 172244
362 115544 161669
363 478355 1013805
364 168199 143032
365 584784 1021177
366 508326 1015326
367 179154 159537
368 559882 1086017
369 52207 407525
370 357036 548168
371 297046 537198
372 571017 992675
373 328037 525229
374 345898 566470
375 479129 1014748
376 278832 608813
377 436379 535968
378 242635 186644
379 107040 185572
380 155598 198013
381 120091 214248
382 661854 972478
383 562680 891091
384 63216 514713
385 399831 550458
386 203877 171018
387 371736 465486
388 354381 529307
389 382015 490522
390 544521 1075519
391 19626 469053
392 201988 159210
393 29399 456457
394 16911 484073
395 242329 146888
396 324683 236629
397 197986 213046
398 554553 963815
399 325200 454004
400 168074 174975
401 345611 584392
402 504758 1082504
403 307086 477381
404 4255 508794
405 492782 999806
406 194516 565340
407 222038 206691
408 182229 173663
409 -37795 549131
410 216400 135055
411 25955 483562
412 326296 454740
413 539532 901758
414 313908 505917
415 616625 1041572
416 325114 605127
417 168107 201817
418 92927 171555
419 252382 537179
420 35536 442533
421 542952 975577
422 562829 979278
423 174932 203470
424 628200 1017934
425 -42144 422682
426 54856 556116
427 318765 548622
428 213077 208864
429 561271 960150
430 662914 1032308
431 523209 1030550
432 200602 219073
433 513195 1085816
434 8959 466815
435 48693 406250
436 -5297 458060
437 -42146 526435
438 555986 946743
439 94206 454587
440 329086 559196
441 623251 1065743
442 523898 1003148
443 152726 284902
444 231532 166867
445 222085 219415
446 347760 554248
447 44766 489190
448 547078 908492
449 611357 967647
450 540484 1051101
451 371886 523665
452 285803 176524
453 74631 505574
454 270858 576651
455 453624 647737
456 30069 408968
457 73580 408550
458 -7199 436259
459 163877 223441
460 338747 510636
461 172228 191856
462 323529 542943
463 350421 531018
464 437062 509826
465 509652 975484
466 186906 178910
467 571042 1008129
468 580064 975339
469 -35225 409060
470 95919 472515
471 626202 1019746
472 200776 189453
473 617550 942955
474 112433 487901
475 351397 504703
476 652101 989440
477 321180 522712
478 188045 218998
479 339539 558028
480 205200 247906
481 -33237 446789
482 132506 170846
483 529686 1074326
484 11586 452271
485 324101 580827
486 176521 274420
487 553598 1031070
488 344413 511965
489 548934 1027779
490 383416 570012
491 356048 514964
492 218833 213631
493 281914 469884
494 338167 495689
495 632705 1044424
496 546444 1006005
