NAME : portcgen-481-6364552
COMMENT : portcgen N=481, seed=6364552
TYPE : TSP
DIMENSION : 481
EDGE_WEIGHT_TYPE : EUC_2D
NODE_COORD_SECTION
1 869517 955704
2 911012 507397
3 968000 46815
4 797638 468731
5 884209 872407
6 929618 105078
7 901157 236146
8 1004807 258906
9 916876 437307
10 838270 490086
11 790235 822745
12 977732 186684
13 775721 804761
14 1040495 146068
15 877638 607753
16 637678 770389
17 951592 38859
18 764012 457343
19 864967 534236
20 826460 753622
21 808219 800200
22 809971 874384
23 792000 806129
24 829752 441442
25 1062313 216983
26 702341 877153
27 921918 155676
28 955915 269316
29 1023060 325753
30 981724 236016
31 818581 476040
32 785336 711815
33 960472 77181
34 937264 58413
35 927611 134021
36 988103 52022
37 871795 200228
38 797512 492724
39 866530 495287
40 966032 63244
41 809500 823920
42 969254 102355
43 822479 841418
44 799594 794201
45 1023255 116895
46 947850 110468
47 1002345 187481
48 864384 517356
49 981878 78253
50 872709 799240
51 957995 56258
52 832227 436865
53 924491 206262
54 979162 181157
55 979813 106606
56 841423 509180
57 944572 121469
58 836248 852622
59 1000988 131055
60 860334 204235
61 967478 462819
62 931151 226598
63 1025195 298083
64 949585 308216
65 869843 447051
66 781978 494281
67 903887 572801
68 823285 468802
69 981154 94529
70 1012416 140524
71 813414 762342
72 974278 120019
73 937270 183911
74 837478 763646
75 763911 486455
76 1019737 100114
77 890198 560304
78 995566 230874
79 930817 514392
80 954721 125123
81 970065 141606
82 873367 391233
83 906457 129813
84 962096 75357
85 768106 815761
86 954611 68881
87 1061948 -6642
88 960116 123195
89 917504 477840
90 974568 253183
91 721431 881339
92 903437 480076
93 967986 74995
94 930917 20840
95 997780 69740
96 934979 159480
97 1023659 211443
98 955136 123623
99 1018485 24422
100 747415 839791
101 1052375 38720
102 802287 833135
103 930472 197158
104 945011 41805
105 1026567 38629
106 948639 101497
107 770121 893342
108 785295 538046
109 991669 221525
110 970577 202979
111 698651 895036
112 947855 181879
113 953832 113072
114 709071 789357
115 989167 257194
116 998828 143409
117 736795 797500
118 1001457 281168
119 980630 93442
120 919383 207833
121 760804 444419
122 965871 250911
123 827646 865649
124 948123 176507
125 791486 817272
126 1040196 110121
127 951702 123035
128 886648 441575
129 861972 487145
130 957165 265450
131 918046 409716
132 789394 874978
133 825775 502076
134 943614 148432
135 936084 68693
136 942405 220762
137 818359 484280
138 889129 547033
139 1026779 127619
140 1011536 131552
141 866807 115510
142 891168 52733
143 794809 487570
144 1040829 26921
145 971991 163560
146 853854 468423
147 978586 235045
148 794972 825934
149 905901 860800
150 1003421 187462
151 747492 880452
152 952700 197331
153 967872 190063
154 988389 197982
155 815275 771716
156 952210 163084
157 901448 835228
158 807705 501369
159 1008195 139369
160 958400 245333
161 982437 318061
162 946208 204036
163 994446 90612
164 791465 577997
165 1002129 16408
166 926011 224264
167 951991 82031
168 706758 861242
169 915673 457482
170 835663 869951
171 1076760 158843
172 892827 802494
173 879023 505856
174 737121 826796
175 853633 508800
176 919856 287245
177 1021354 161527
178 967553 178785
179 848096 417090
180 795150 883047
181 1021033 169516
182 798580 512113
183 895804 327055
184 875735 181431
185 907838 254075
186 883704 498479
187 830834 452866
188 962512 88466
189 808641 381975
190 972877 187260
191 797718 412158
192 861819 767342
193 923958 105193
194 931106 165776
195 925741 35697
196 980858 167987
197 908094 72165
198 1002888 134231
199 822325 466380
200 885898 274658
201 815818 810889
202 1082374 76571
203 875040 214908
204 820382 777110
205 990405 86086
206 883928 427771
207 894031 82537
208 888310 -29586
209 888934 435188
210 824694 514775
211 917115 46446
212 953611 244164
213 758890 794768
214 945013 352330
215 919635 64148
216 1010847 255133
217 860705 370644
218 828802 482659
219 887187 237398
220 981557 112154
221 837839 774621
222 820696 472727
223 811316 800045
224 756512 822181
225 953237 31472
226 818903 457260
227 937405 68529
228 971974 -43805
229 1017605 255147
230 811383 485750
231 1029258 158862
232 857478 380942
233 972228 186693
234 881851 217902
235 967516 221200
236 882540 146131
237 903023 117334
238 893711 441881
239 849628 458328
240 842963 553815
241 953784 164446
242 1042592 240064
243 905829 477382
244 828057 231697
245 1038934 198054
246 839271 415217
247 860266 826285
248 842421 803925
249 854898 332918
250 858399 498760
251 1005827 180837
252 771201 827090
253 1002639 188067
254 787915 719904
255 947998 212125
256 914948 227344
257 952140 154340
258 986899 255617
259 1007134 251342
260 1026129 260621
261 908222 237261
262 847938 316762
263 745022 784399
264 984035 210624
265 776376 762570
266 761343 530405
267 944308 131644
268 817470 519640
269 957040 73338
270 787833 743404
271 975618 148090
272 822830 815564
273 978202 292641
274 763897 775928
275 911405 6185
276 938844 127187
277 816084 885416
278 851428 466934
279 936850 487395
280 984689 109667
281 851222 450772
282 1022084 279267
283 794386 453446
284 963477 125882
285 1024859 156337
286 861000 233503
287 812628 450688
288 876686 427344
289 925516 214972
290 1015218 93416
291 793470 843819
292 1034901 105517
293 841692 742037
294 878534 503229
295 806939 554469
296 826874 783160
297 1004416 126537
298 779810 487202
299 776088 770131
300 800559 817609
301 869700 494325
302 942051 128482
303 773058 486037
304 897878 264919
305 777905 843264
306 918407 129382
307 824661 483874
308 1019145 65269
309 966583 9152
310 828937 506597
311 956465 231401
312 772365 695035
313 848383 370119
314 807649 784225
315 801371 860275
316 822135 530341
317 800779 772147
318 850074 815705
319 1014978 268238
320 912893 229678
321 775884 792395
322 775522 774906
323 909143 211516
324 955664 181726
325 921743 159424
326 821165 834347
327 1038883 99073
328 785248 836608
329 881698 44589
330 1026837 237229
331 877369 479016
332 894527 418599
333 844049 172190
334 914956 244000
335 764852 795884
336 774099 746226
337 1031331 181819
338 895264 554333
339 862680 891070
340 968862 164045
341 812130 914253
342 960420 185445
343 807640 846641
344 891686 153753
345 872915 533836
346 963119 77869
347 854372 544081
348 797563 464888
349 772169 787761
350 845386 835196
351 888991 497757
352 944413 92691
353 936058 75616
354 1008801 71951
355 956328 191436
356 874956 15106
357 980305 50494
358 883999 241336
359 991280 216229
360 835907 739484
361 907381 214279
362 1009660 206144
363 923616 119983
364 892552 189181
365 895816 476629
366 870403 437146
367 895829 791172
368 938138 97722
369 765339 705513
370 804299 462707
371 999247 129157
372 1018930 293731
373 794238 823046
374 910770 192262
375 717166 710906
376 974393 171423
377 930871 100080
378 736418 806240
379 1037251 171802
380 971789 259611
381 910125 192316
382 845892 513466
383 944323 41942
384 999309 137529
385 752631 450972
386 868561 747419
387 868229 530691
388 829015 764425
389 1001716 163062
390 945503 77015
391 892498 936129
392 980166 252154
393 974285 173454
394 1078353 28716
395 928410 182537
396 700372 777765
397 909982 165004
398 828911 414985
399 803530 516976
400 935577 505204
401 949170 141877
402 819610 522771
403 747693 739415
404 783342 451003
405 818278 438257
406 818944 541562
407 957236 128629
408 729835 864674
409 787174 421652
410 922789 225793
411 788269 881513
412 892940 240292
413 993528 49115
414 892843 478156
415 796178 454272
416 957815 75712
417 926286 227839
418 899345 167484
419 907864 484172
420 900661 80427
421 952187 50243
422 766031 477231
423 790146 857969
424 1020970 46613
425 891041 421251
426 908650 473160
427 877743 457122
428 829134 880746
429 778998 840241
430 1000837 82967
431 803502 418150
432 1071452 122932
433 859770 758667
434 906484 174519
435 801380 492596
436 974614 135460
437 816886 925600
438 1049535 129817
439 901091 100346
440 1049441 101772
441 847150 471180
442 1019526 234026
443 963889 102919
444 994619 137470
445 807684 836491
446 1005019 148536
447 857463 792977
448 686783 836213
449 842731 516088
450 915835 270246
451 853423 398083
452 808925 833881
453 797238 847319
454 941975 222300
455 1019362 239588
456 847717 426826
457 771278 854863
458 983065 225633
459 828790 802314
460 971624 176541
461 716185 852034
462 788887 527583
463 937949 169002
464 926526 59763
465 948895 89807
466 1012305 223938
467 917898 75566
468 1045104 175582
469 1008583 231284
470 854546 489648
471 1010787 -4976
472 942086 179955
473 1041435 109623
474 953133 97722
475 804685 845820
476 993763 257642
477 832266 509055
478 977892 85931
479 826082 446601
480 886063 473207
481 764849 774015
