NAME : portcgen-585-3958709
COMMENT : portcgen N=585, seed=3958709
TYPE : TSP
DIMENSION : 585
EDGE_WEIGHT_TYPE : EUC_2D
NODE_COORD_SECTION
1 104054 208625
2 397964 407111
3 343824 139654
4 329230 425811
5 443092 498251
6 407915 212795
7 371786 131552
8 500850 138879
9 42571 294734
10 403533 158796
11 106092 373532
12 42573 267402
13 69389 290623
14 266843 524501
15 802533 594172
16 75036 314187
17 411117 86324
18 458576 126273
19 789116 628609
20 231770 440344
21 364135 531522
22 70485 259543
23 151762 293903
24 381947 134762
25 331173 102402
26 804578 547007
27 377499 567192
28 55641 219385
29 390286 99663
30 324678 528250
31 509640 123427
32 336647 63225
33 411140 443855
34 288994 81572
35 392998 136511
36 804798 617986
37 318083 133382
38 451794 128300
39 371882 486287
40 363518 420400
41 300507 484215
42 487603 185187
43 307983 387897
44 804883 575295
45 400792 180979
46 423888 492029
47 794204 615339
48 428346 167438
49 377475 389847
50 332616 102125
51 424602 135696
52 777104 691233
53 363725 95304
54 766372 564600
55 87872 287856
56 450094 145043
57 752388 643884
58 472299 171996
59 330794 490480
60 455192 155664
61 840165 629694
62 789966 647551
63 439680 454732
64 478712 135556
65 767975 701842
66 460443 131652
67 374413 447185
68 451177 389589
69 472562 249362
70 438615 225079
71 368478 442403
72 322114 419108
73 386924 97244
74 344784 487517
75 386787 470973
76 50262 274705
77 730679 613374
78 771128 622739
79 327535 395831
80 440577 210465
81 492833 151972
82 419568 47379
83 386288 107642
84 415836 131952
85 415782 453799
86 820747 640492
87 361202 460664
88 834176 626519
89 486961 137661
90 371679 176134
91 376604 477201
92 461655 158820
93 347838 460666
94 410661 118522
95 134654 286051
96 379822 120233
97 799466 619958
98 499449 138986
99 451302 157189
100 56811 286690
101 392425 489462
102 472989 216299
103 360866 453791
104 530237 153486
105 450046 125240
106 319450 123469
107 321041 450406
108 399867 64571
109 510394 210032
110 503495 231244
111 423167 122210
112 337337 91121
113 413594 114093
114 93710 243970
115 479235 237144
116 371146 476034
117 41033 219466
118 397185 479120
119 319814 87644
120 407158 536483
121 6221 307865
122 66714 357925
123 76662 282246
124 829094 636926
125 99581 323203
126 392287 452116
127 58024 313068
128 738592 563891
129 521931 171983
130 372825 445459
131 386216 161255
132 282589 94676
133 13854 246705
134 439443 86688
135 776235 635578
136 386961 181492
137 420668 150093
138 338450 60344
139 451854 220972
140 367325 513102
141 48410 164756
142 388213 120146
143 52234 282169
144 350205 527104
145 295205 167298
146 30802 229010
147 782128 657015
148 813594 641284
149 420155 157267
150 123776 301026
151 863093 620821
152 82667 251420
153 85287 290648
154 384920 116934
155 846203 663147
156 292607 71506
157 88969 311732
158 160358 291540
159 363406 464981
160 465469 222585
161 852039 634499
162 328455 479756
163 88546 253850
164 764814 662723
165 815042 645406
166 764872 717199
167 361235 470055
168 324452 104912
169 110556 208112
170 847210 593136
171 712056 618353
172 354157 410798
173 87761 316450
174 343122 475127
175 480273 212036
176 89931 283598
177 475857 91251
178 65611 287141
179 290872 466330
180 337196 458043
181 305089 78882
182 782480 615076
183 493302 170907
184 416545 155041
185 438955 406362
186 428418 163496
187 790644 626248
188 448164 140959
189 293284 514763
190 460304 122504
191 426066 105272
192 415357 458214
193 469575 185114
194 330907 17969
195 332989 390098
196 845525 602010
197 171218 274325
198 843635 591376
199 797156 630650
200 111544 288161
201 464885 126381
202 502852 181887
203 22223 279485
204 350386 520593
205 510720 207773
206 73883 249888
207 795315 651654
208 362932 66029
209 69796 291580
210 482675 160989
211 434478 76772
212 358865 533575
213 861592 678280
214 321096 458733
215 797946 629505
216 836979 640989
217 358976 449170
218 866070 585134
219 448929 191358
220 312650 491564
221 497811 130132
222 63866 313349
223 285118 463731
224 336627 186994
225 348340 105207
226 787605 663523
227 354646 82793
228 761924 611415
229 415055 154830
230 411324 195520
231 29440 310491
232 819792 676214
233 297354 463189
234 -897 284529
235 342081 508596
236 823300 631474
237 341242 137545
238 435180 145615
239 774296 560709
240 103511 353494
241 783271 623923
242 820038 650344
243 779690 606216
244 809841 665762
245 349378 99647
246 350668 65468
247 45850 237108
248 349328 57738
249 832806 539720
250 351408 449081
251 508438 116175
252 456671 119268
253 399890 221156
254 368282 458628
255 489600 204549
256 776344 735924
257 358287 436924
258 389640 126882
259 199939 488650
260 79156 339631
261 481476 188918
262 302297 519151
263 265632 489597
264 800959 610105
265 128791 278396
266 377544 471365
267 433998 74005
268 390855 81983
269 307819 483933
270 488957 197249
271 838522 631271
272 96000 291394
273 408345 136326
274 464302 171656
275 463606 143218
276 86560 269458
277 835381 631028
278 829835 667072
279 335001 430692
280 273928 463017
281 819578 668117
282 803639 609848
283 466854 208190
284 755957 598438
285 81725 289219
286 337901 503262
287 318256 152708
288 384100 83725
289 320848 495567
290 435983 222435
291 439622 190155
292 145922 316499
293 393533 139200
294 404150 75121
295 453839 104151
296 102983 196361
297 344301 211479
298 119136 268026
299 340943 104637
300 377183 552717
301 370838 65518
302 353125 119594
303 390728 6102
304 823553 647535
305 366410 166364
306 787147 683588
307 410018 116870
308 351070 478142
309 879036 605082
310 360971 52826
311 401988 115980
312 440756 156750
313 805631 581378
314 387931 459264
315 785662 636832
316 444155 169618
317 468663 147360
318 788766 647414
319 785832 635679
320 428577 176423
321 452475 192314
322 396103 70063
323 102506 307093
324 307948 187305
325 370767 146535
326 368579 112377
327 108006 213016
328 465138 190186
329 90479 249524
330 379028 96389
331 112562 280505
332 309794 375290
333 391094 -8691
334 72690 284000
335 474578 147394
336 323126 493349
337 355160 528199
338 384268 503115
339 310848 461997
340 410288 182202
341 322079 493368
342 393936 82562
343 363305 92336
344 468589 140154
345 377262 111004
346 503164 117860
347 430311 162422
348 347927 515611
349 86446 271968
350 79312 296057
351 87262 301927
352 386448 456077
353 816670 585553
354 413110 82312
355 440219 506056
356 342404 186904
357 747994 585506
358 343302 428791
359 837777 616253
360 386104 440830
361 304570 514995
362 107669 297277
363 687445 633841
364 799849 640589
365 92932 282619
366 369735 101887
367 802035 614939
368 792032 649323
369 310617 436107
370 108864 267205
371 308046 506237
372 771143 627362
373 455331 147868
374 458435 207306
375 447142 131125
376 362749 143978
377 757668 622487
378 330370 72604
379 369485 452666
380 373862 240585
381 855669 535643
382 345808 500512
383 402152 143676
384 430348 127552
385 443972 171995
386 324129 495216
387 445742 159683
388 24963 215610
389 424264 93079
390 17419 335433
391 418973 120504
392 418384 103348
393 379894 508446
394 24132 263479
395 360794 507909
396 688106 697080
397 404124 459682
398 398050 395752
399 839341 713612
400 461499 208818
401 387154 514675
402 309938 494864
403 808434 625537
404 905278 653715
405 41819 223389
406 471795 154464
407 78095 318818
408 416310 125195
409 268183 456953
410 87353 229640
411 349242 115329
412 465710 160291
413 53274 279734
414 327960 447015
415 378498 102470
416 306587 399940
417 377849 92002
418 350408 499303
419 741128 643107
420 39416 294950
421 408494 96069
422 319205 427923
423 332401 494451
424 372017 93624
425 756208 628833
426 463963 156269
427 422381 17457
428 438426 182793
429 787660 665258
430 344551 475575
431 407863 497410
432 89796 213197
433 68766 279942
434 346945 66809
435 792195 639177
436 336103 413119
437 835964 663684
438 451992 198582
439 46300 323842
440 782373 666502
441 524157 143719
442 138421 313596
443 821852 638014
444 383854 146155
445 -19774 228323
446 364846 -248
447 348379 476376
448 353416 142524
449 828048 619530
450 359227 418722
451 490196 88207
452 869460 623676
453 836295 722367
454 344084 499625
455 439108 -22836
456 379707 420804
457 304891 64378
458 329335 437961
459 847862 609129
460 422724 128357
461 427552 219127
462 345640 518035
463 453568 226225
464 85974 263558
465 769003 603178
466 410694 121209
467 436832 208749
468 792975 621087
469 464987 77859
470 396515 146296
471 382407 54728
472 772140 651529
473 376574 415764
474 413548 121433
475 809338 655372
476 118375 276164
477 346846 501416
478 99550 306776
479 329731 146749
480 479941 199800
481 395171 108489
482 359065 51883
483 837497 632232
484 400086 46765
485 781812 643407
486 773243 632497
487 503790 153636
488 371033 463179
489 360261 85169
490 438982 133259
491 402248 486292
492 529043 171189
493 434179 225215
494 319892 449766
495 825466 603061
496 434172 94648
497 811082 666233
498 313354 450599
499 528275 173017
500 442169 192507
501 390370 446306
502 840718 687012
503 376634 79128
504 727729 638867
505 304009 446168
506 298873 527833
507 782923 596642
508 301449 398093
509 855015 698859
510 309504 67981
511 493543 178289
512 258316 401519
513 355977 500388
514 458165 113752
515 93132 325016
516 49608 252855
517 874800 577281
518 82761 287979
519 379361 112621
520 457194 239419
521 822679 590898
522 829089 615503
523 379972 83110
524 461883 228244
525 448332 180808
526 307108 147356
527 475242 238886
528 360455 26878
529 13169 214611
530 444409 282966
531 56761 250721
532 408294 59666
533 467101 103919
534 365698 100194
535 781710 562451
536 374126 500405
537 94396 263529
538 56039 321522
539 401465 465738
540 452526 188432
541 536611 141797
542 253432 526680
543 825961 618228
544 351472 103462
545 379134 138950
546 44273 284944
547 771003 603068
548 382688 54267
549 372568 35944
550 391824 149869
551 432575 151920
552 396700 128409
553 71418 289962
554 805756 561830
555 823754 659427
556 402215 98340
557 458140 143913
558 338238 122460
559 787867 761814
560 491727 149482
561 373780 167047
562 392717 133033
563 395168 50340
564 347906 106378
565 470797 170804
566 469232 126089
567 805562 628116
568 135471 317389
569 92724 263877
570 460602 84286
571 401249 175115
572 494051 131638
573 101897 285557
574 459377 185514
575 339506 484824
576 330279 466283
577 440654 178741
578 505255 137910
579 95296 371943
580 406791 80928
581 363836 98115
582 295694 491690
583 73906 303005
584 832944 721812
585 411258 509360
