NAME : portcgen-567-7005938
COMMENT : portcgen N=567, seed=7005938
TYPE : TSP
DIMENSION : 567
EDGE_WEIGHT_TYPE : EUC_2D
NODE_COORD_SECTION
1 832100 648290
2 767155 705472
3 100448 847834
4 552888 876246
5 694118 397663
6 466507 47250
7 532668 23721
8 439140 106219
9 497335 914036
10 443066 828348
11 581605 56299
12 146282 881040
13 496543 81264
14 561281 75781
15 574744 58575
16 857382 695998
17 873957 660998
18 140957 866691
19 494786 880827
20 433586 928948
21 681387 359959
22 730429 315803
23 615879 405969
24 518359 -3580
25 131868 823632
26 866767 712516
27 478987 876024
28 45378 827188
29 399697 871232
30 843419 693143
31 777606 361930
32 511331 913909
33 579175 132713
34 68490 909990
35 602636 350932
36 100632 797930
37 421215 943659
38 728044 376152
39 218238 835126
40 405763 925591
41 134657 789174
42 525231 -10056
43 198664 815483
44 895517 654474
45 596874 49074
46 546077 136524
47 529974 7369
48 435485 870334
49 557385 87950
50 919720 725454
51 495045 874114
52 681172 355070
53 742352 320178
54 440629 863601
55 849169 767236
56 389836 949460
57 59744 818827
58 415508 936063
59 153376 856283
60 590895 68777
61 483563 947997
62 494711 17644
63 466526 952308
64 473115 -19804
65 660113 332838
66 510334 961666
67 552460 868751
68 692885 410990
69 174351 854035
70 554279 49704
71 541383 62870
72 398506 812363
73 720348 381059
74 157093 832630
75 107751 884611
76 698262 346203
77 545798 128913
78 677343 366619
79 447606 854216
80 89278 847239
81 865918 773784
82 557850 95067
83 431734 110738
84 620969 400370
85 530934 115947
86 495509 833691
87 383046 894432
88 148100 873762
89 835450 732050
90 474091 919593
91 467593 17469
92 536720 828817
93 170663 826777
94 398882 966882
95 164688 800773
96 167756 808220
97 186310 860838
98 153399 841362
99 694761 281348
100 681373 354103
101 503280 126305
102 872397 723097
103 717036 333341
104 456946 966397
105 695341 347249
106 219836 787095
107 534126 58884
108 517179 45782
109 699052 412561
110 114232 848063
111 455457 884395
112 515250 105049
113 520977 101530
114 894921 690852
115 477211 123513
116 740535 395085
117 727133 266790
118 196857 868108
119 480941 138743
120 550932 901801
121 857467 703723
122 417152 950493
123 131045 773722
124 636455 338062
125 692186 264968
126 717091 337472
127 444305 837059
128 110351 843345
129 685499 372548
130 146775 846199
131 506405 108583
132 546251 27081
133 420038 898637
134 891539 727237
135 428740 849028
136 141143 796965
137 550176 6184
138 516703 141434
139 684362 405755
140 729655 401251
141 531894 75452
142 744905 360142
143 560403 75281
144 689543 406664
145 743442 380966
146 824208 644784
147 160674 748509
148 437229 825179
149 858344 690086
150 180742 777524
151 695298 370428
152 893010 735489
153 458731 927336
154 856160 742837
155 884404 700194
156 468335 904772
157 837067 687552
158 143080 789663
159 819059 766061
160 547586 101344
161 811507 653846
162 420114 939843
163 477879 845115
164 152146 747460
165 784045 757100
166 507663 788650
167 493917 87318
168 681263 313848
169 484557 844388
170 138044 819700
171 815511 617076
172 637921 399558
173 146768 792175
174 720248 271697
175 484143 873077
176 647284 284449
177 795777 717729
178 510805 24804
179 783417 446088
180 569840 56647
181 788486 716970
182 673352 267089
183 108619 857198
184 485414 923056
185 485462 141897
186 623365 319661
187 125355 844123
188 697143 433721
189 838192 725644
190 866397 710100
191 81618 802418
192 846171 629895
193 184083 828937
194 198894 804631
195 129044 788568
196 872136 662363
197 494815 920999
198 475524 910251
199 583188 -20053
200 514137 149591
201 679395 377615
202 865173 703302
203 754861 696875
204 570447 115600
205 468465 855041
206 551935 101020
207 700860 266582
208 461166 896499
209 461687 870589
210 440220 29531
211 516717 180988
212 878349 687799
213 743041 400432
214 418805 861096
215 778884 350077
216 444621 895297
217 479799 933065
218 716791 359102
219 558334 63723
220 715900 316853
221 801903 693384
222 457750 945792
223 191508 919768
224 196586 785585
225 140913 836266
226 575339 191535
227 183823 837127
228 426810 948446
229 718796 328239
230 706113 328628
231 102290 812575
232 689917 444320
233 423944 860356
234 866892 688040
235 804618 702524
236 667470 290824
237 590840 350319
238 183634 751989
239 796270 641749
240 874117 709641
241 722300 371025
242 72105 804080
243 460023 940345
244 91820 878360
245 497497 873899
246 868172 799090
247 450415 917982
248 189793 841250
249 597355 102158
250 638002 337334
251 471353 86779
252 208130 840773
253 656454 216803
254 497997 816034
255 677387 418358
256 221362 841560
257 511516 -17032
258 176842 793122
259 84868 851644
260 677194 359503
261 758659 313691
262 770026 714689
263 535323 23777
264 152454 818676
265 464237 859721
266 207595 827643
267 493576 36421
268 693826 365090
269 471614 85520
270 130403 806699
271 649926 412218
272 795690 755010
273 799385 701460
274 478953 46341
275 683899 385121
276 170469 847190
277 611328 464190
278 676977 437392
279 454797 802426
280 753847 703640
281 152351 845612
282 547425 145676
283 587251 181972
284 450262 872091
285 572240 57229
286 149642 808725
287 655976 389109
288 893023 642744
289 546336 137202
290 705590 316471
291 925160 717651
292 682644 298331
293 168549 791264
294 177501 871480
295 875796 771148
296 156867 814177
297 858584 693777
298 558416 167468
299 157498 867942
300 417131 902365
301 153144 772559
302 843853 655781
303 720440 308113
304 760715 390879
305 159897 862812
306 123089 782084
307 691143 326704
308 731110 279502
309 197084 896517
310 803479 666806
311 805684 626832
312 492792 77036
313 137102 901241
314 706188 374252
315 823414 683238
316 834708 717980
317 554608 23062
318 446864 950732
319 471840 895010
320 881608 683948
321 679503 369190
322 927998 752424
323 177941 759997
324 461940 128367
325 861885 726123
326 142807 842210
327 480154 70154
328 213896 851355
329 90783 869820
330 495919 896352
331 514851 917987
332 661622 376677
333 387958 855459
334 75368 835791
335 512131 11146
336 127955 803296
337 144930 737340
338 538499 -15369
339 564413 95321
340 429643 922341
341 853499 752967
342 182689 766258
343 451585 810346
344 727032 381547
345 793016 652232
346 577140 25946
347 152963 768240
348 757919 368922
349 800953 724616
350 494894 123014
351 495446 80168
352 874153 685882
353 700087 333848
354 446827 885168
355 792475 430167
356 824360 666651
357 106434 833696
358 580491 72335
359 473889 900295
360 164880 784453
361 818607 669195
362 152148 799110
363 900269 705300
364 482443 51874
365 814694 729379
366 886949 662819
367 550998 79333
368 783216 716258
369 690512 383005
370 849422 683568
371 488927 940202
372 702434 357412
373 864850 775673
374 888563 687182
375 866919 756048
376 536775 52742
377 529164 53064
378 479823 65154
379 817437 726875
380 68203 764402
381 804027 706865
382 858760 687078
383 839825 738310
384 562645 95724
385 173758 814021
386 428683 898641
387 541306 25775
388 686462 397462
389 174686 828619
390 470965 920731
391 136845 850928
392 797845 755956
393 700997 414106
394 845506 712727
395 855013 737171
396 789942 762069
397 509347 17420
398 677715 429533
399 480426 885556
400 718739 398250
401 407246 940340
402 661625 394568
403 804555 717044
404 98585 818775
405 626235 20663
406 715589 348569
407 205688 807730
408 707269 330340
409 576198 33503
410 804512 744346
411 679028 363248
412 833628 752322
413 664462 344523
414 134748 856654
415 148940 816483
416 705475 334922
417 491355 146979
418 682204 347263
419 716910 299922
420 835802 728662
421 549711 135139
422 669968 421799
423 500805 944585
424 827440 644101
425 616163 83911
426 150433 826325
427 478353 66224
428 627894 317807
429 884279 630180
430 895091 694792
431 91623 882490
432 109873 813872
433 641683 402444
434 508246 169838
435 680759 381859
436 189085 801545
437 561820 125338
438 810974 715022
439 413597 923827
440 439589 924951
441 509198 102146
442 778770 736555
443 152032 830374
444 560088 155502
445 526865 139901
446 534548 35631
447 530189 172634
448 425611 924347
449 479124 827855
450 223852 822920
451 554242 32231
452 505014 921125
453 625140 330394
454 890308 641881
455 506416 61844
456 682547 373527
457 87832 785493
458 439085 956075
459 128195 786378
460 721976 370558
461 143200 868569
462 532413 60781
463 838928 696865
464 454471 997380
465 563848 77915
466 787734 701970
467 786788 330948
468 450129 878176
469 469822 851216
470 700906 378457
471 436481 927731
472 660021 344105
473 421359 931468
474 570015 111932
475 485754 891439
476 679641 309496
477 758235 696102
478 657243 385755
479 572474 38453
480 513013 70313
481 153444 784808
482 801081 677746
483 436931 898450
484 114811 845960
485 539661 87561
486 539463 33494
487 175343 893403
488 819787 685074
489 484429 797594
490 841270 732834
491 520236 128147
492 505998 43814
493 404391 883580
494 814099 707264
495 889044 707867
496 120722 819280
497 859615 680525
498 171257 838439
499 671086 342335
500 717473 302654
501 129546 857391
502 511904 865598
503 83567 857014
504 83727 833881
505 647892 285664
506 707187 328077
507 151339 805729
508 522342 86796
509 878344 728478
510 510931 961185
511 684792 280168
512 881636 678680
513 147192 903287
514 819889 721319
515 485118 902686
516 131286 897712
517 560643 104436
518 504249 804730
519 820547 703410
520 115982 785729
521 540961 925882
522 869628 632492
523 73527 804698
524 537095 919974
525 834903 667213
526 557630 68272
527 691387 391192
528 903081 691976
529 739957 705047
530 435246 921361
531 420071 884992
532 783583 662027
533 482188 74210
534 525162 25591
535 823337 635263
536 159084 781918
537 893477 728256
538 682265 373861
539 492050 72009
540 628069 326488
541 443747 899995
542 464638 66493
543 740165 365194
544 703352 438295
545 218769 768720
546 458597 935108
547 852161 754880
548 186140 699786
549 545159 14861
550 691882 387609
551 609799 122953
552 652112 395951
553 700876 333847
554 415052 931104
555 398873 904537
556 565546 815854
557 479668 80302
558 553451 52081
559 573981 284533
560 452600 924742
561 720073 385655
562 127108 822682
563 459878 885489
564 528886 42888
565 855724 744344
566 474381 71918
567 117128 832786
