NAME : portcgen-463-15789
COMMENT : portcgen N=463, seed=15789
TYPE : TSP
DIMENSION : 463
EDGE_WEIGHT_TYPE : EUC_2D
NODE_COORD_SECTION
1 864303 5530
2 795410 178465
3 837611 60679
4 884232 10920
5 256152 514682
6 882671 -4422
7 274531 391877
8 948660 71952
9 780991 176228
10 68206 550996
11 669371 245462
12 842982 93930
13 781397 138569
14 903665 19095
15 881635 -72394
16 334986 339012
17 802883 -31215
18 796527 -2649
19 194322 414321
20 203178 433278
21 851582 12892
22 775292 164897
23 408347 398924
24 114792 430109
25 662361 149299
26 765561 153491
27 806069 43125
28 222373 439270
29 365367 332497
30 209780 519737
31 868958 -5824
32 746475 14982
33 241372 509801
34 891358 -31049
35 884980 43657
36 318290 367502
37 851758 71163
38 187854 526594
39 874157 31988
40 181879 510503
41 354736 327734
42 917871 -1031
43 262473 450971
44 758056 122139
45 855541 -32874
46 360759 371471
47 322073 370515
48 288785 443333
49 919541 69323
50 715292 74455
51 164557 389945
52 291443 413873
53 726564 202063
54 788303 123880
55 201875 504806
56 902449 -13775
57 277089 363059
58 804499 59169
59 802153 200361
60 846571 4331
61 285088 277766
62 892943 -103556
63 211735 413251
64 356530 375051
65 887761 50539
66 177801 454578
67 782199 13498
68 314832 465826
69 793678 158349
70 343383 307773
71 101072 455321
72 132370 484656
73 102787 504563
74 768870 -42551
75 115231 421075
76 840334 -85730
77 753535 79921
78 895091 -63692
79 851901 -89819
80 838907 128606
81 818451 46845
82 128914 345236
83 388124 446394
84 721909 145606
85 849437 84335
86 299049 414547
87 947525 55981
88 917413 -22020
89 906016 -2426
90 849817 10146
91 929156 28951
92 908330 16946
93 824957 26788
94 186043 550838
95 379321 413125
96 770350 190474
97 836126 3471
98 756643 150960
99 767727 55564
100 807911 127402
101 400019 437570
102 359252 299427
103 908091 -13519
104 753103 18022
105 931771 -17448
106 150282 420771
107 815522 143843
108 330931 382335
109 822112 141977
110 231621 450312
111 882920 22
112 682795 213220
113 284137 332616
114 130516 449313
115 833748 -4946
116 81112 524381
117 894650 -37880
118 278291 500628
119 129561 474515
120 186784 419165
121 822278 199890
122 883627 -5911
123 247628 368612
124 272454 353469
125 834866 -1377
126 726835 186631
127 385102 367892
128 935366 -90734
129 117876 572101
130 296648 411896
131 694628 98427
132 930085 -29355
133 202505 395899
134 879527 -63339
135 802651 17218
136 737206 137783
137 919385 34452
138 787247 118301
139 354243 407778
140 821148 153540
141 875509 -36687
142 428600 430293
143 285796 375878
144 743644 135553
145 888334 -20787
146 861512 -62959
147 749838 -96050
148 120176 486217
149 746796 102706
150 325621 368811
151 218520 496062
152 307530 498205
153 770707 87439
154 836381 147807
155 707834 151890
156 196685 414752
157 410742 451478
158 261366 458156
159 438114 434423
160 761267 121638
161 185371 402147
162 129933 435213
163 790669 93672
164 147823 431594
165 753311 117740
166 791050 184253
167 166752 408867
168 863883 -10008
169 845029 160595
170 355327 441564
171 163459 541671
172 791162 74575
173 867837 6977
174 161217 449766
175 861765 62670
176 839243 19470
177 841840 114368
178 246936 459782
179 803371 123881
180 340207 396092
181 718699 126915
182 302549 359056
183 931120 59826
184 349546 424188
185 744242 99153
186 876425 86320
187 805688 200112
188 146678 488612
189 724845 98455
190 328791 407647
191 352218 384184
192 246869 346163
193 341845 403327
194 406938 403226
195 219889 470054
196 414447 326218
197 908466 36665
198 779175 123434
199 323920 331475
200 167978 482932
201 732316 102818
202 326521 434247
203 322330 329824
204 240333 474402
205 787099 136838
206 275950 462591
207 827628 -38353
208 275856 496460
209 236882 469598
210 911471 31480
211 300402 460388
212 816429 -11063
213 781866 128996
214 880621 -16292
215 747346 205500
216 257131 533155
217 765690 135968
218 326495 482743
219 326427 378945
220 867308 -45091
221 875182 -77863
222 816351 152414
223 139507 478782
224 170967 481973
225 357815 410573
226 900799 103390
227 982954 54209
228 164734 449189
229 113765 481154
230 269596 372135
231 771888 142566
232 337490 377026
233 750432 154629
234 778205 189553
235 836212 -4674
236 454711 365588
237 764944 114817
238 247256 456854
239 208296 443471
240 114880 496563
241 361479 359349
242 223572 513458
243 381854 384626
244 52965 399295
245 219176 505069
246 285213 323807
247 171925 447320
248 340441 461807
249 334554 367606
250 259061 310222
251 918520 106921
252 812761 91535
253 856939 -30000
254 346291 340137
255 797752 204916
256 813194 200636
257 875734 -17538
258 782394 86470
259 146954 385827
260 866581 140948
261 145485 454595
262 102691 474614
263 182012 331541
264 871632 -38175
265 660282 137959
266 742826 126656
267 149655 411615
268 199854 410792
269 244346 544572
270 728357 117627
271 766796 142333
272 391670 295901
273 828041 62749
274 790359 154886
275 336328 400291
276 887444 60610
277 408674 379554
278 859999 -46886
279 895568 -1522
280 354596 382820
281 339150 385413
282 893244 11473
283 810952 182322
284 882228 30071
285 769541 77861
286 324716 371830
287 904911 -2136
288 898939 4738
289 185374 349869
290 821166 173133
291 391153 281044
292 202953 395680
293 363735 474509
294 412596 399340
295 750689 176830
296 424839 345062
297 178336 573044
298 819609 166882
299 122187 448389
300 358065 395630
301 352002 349318
302 796303 166364
303 743609 163269
304 126648 391107
305 230637 445831
306 214340 489380
307 356134 398800
308 305862 488079
309 719641 121067
310 904376 -88876
311 191718 489328
312 257452 343190
313 869014 -95997
314 229114 467563
315 93069 436956
316 178991 489529
317 368014 452572
318 245548 478140
319 153837 442003
320 888761 38112
321 131641 359777
322 322041 424056
323 333137 327574
324 358419 413333
325 952830 -16305
326 186026 488632
327 910764 10451
328 779028 166039
329 771387 -41091
330 315509 367332
331 880201 -10110
332 873335 39905
333 729136 122061
334 776596 105228
335 914829 -33013
336 805413 168435
337 826142 88591
338 338199 377882
339 808538 89455
340 289537 321939
341 122954 413153
342 168691 479604
343 260482 463598
344 310109 441465
345 352578 407886
346 831370 52945
347 256982 369527
348 217772 408269
349 839552 149713
350 180943 513199
351 90683 440055
352 213890 445029
353 772868 10342
354 864284 6056
355 797593 171558
356 399004 431267
357 162004 420194
358 170465 436360
359 322151 416465
360 815204 128663
361 787122 169542
362 302239 417286
363 744608 95729
364 184773 465968
365 763468 165608
366 277733 354459
367 665428 83066
368 356621 351235
369 876029 2866
370 851047 95767
371 821236 173367
372 829269 89031
373 370797 358040
374 131260 453204
375 757184 105383
376 794758 194740
377 170397 409518
378 887673 -8082
379 849822 -9072
380 95279 496698
381 891926 10595
382 282288 330626
383 374486 412250
384 381357 412361
385 920041 7559
386 358385 393697
387 793069 4006
388 148278 451592
389 910088 16327
390 759420 119852
391 382798 346972
392 233321 577178
393 884367 -533
394 213179 349307
395 832252 81252
396 165347 408592
397 868332 -59041
398 966592 -42170
399 142251 418801
400 797330 105790
401 704110 122403
402 789151 29275
403 239547 458377
404 223143 445257
405 315675 403420
406 862257 45307
407 800261 90690
408 855660 70205
409 831442 -41842
410 224920 545706
411 122070 433317
412 240847 451724
413 373030 439510
414 259217 433068
415 374457 374905
416 162250 328014
417 351052 400475
418 887338 24668
419 386724 437120
420 325666 326360
421 877176 35016
422 268189 356223
423 336740 411715
424 781030 132873
425 700745 181810
426 757852 147982
427 170361 435556
428 804080 105972
429 903481 3524
430 709069 213384
431 187314 376381
432 785515 77323
433 808864 118442
434 389236 445391
435 145376 479958
436 885257 -18379
437 351344 405862
438 845890 1250
439 923055 -985
440 814359 125627
441 190724 427868
442 419742 398025
443 184800 408896
444 354245 408922
445 733055 102492
446 900989 1022
447 270091 427752
448 783898 159194
449 236163 381891
450 867739 -27555
451 191337 526487
452 832650 117858
453 140740 410237
454 365705 341567
455 819385 116359
456 811228 -103447
457 851857 27937
458 793351 22660
459 689831 144812
460 774408 -61105
461 885000 82238
462 177075 434332
463 183772 403888
