NAME : portcgen-508-5489416
COMMENT : portcgen N=508, seed=5489416
TYPE : TSP
DIMENSION : 508
EDGE_WEIGHT_TYPE : EUC_2D
NODE_COORD_SECTION
1 24726 937484
2 382808 381395
3 181762 168750
4 150784 82750
5 176016 177605
6 230278 907937
7 173530 892668
8 75675 276297
9 -41632 863766
10 53426 829745
11 598124 847836
12 311702 528041
13 249187 918445
14 62876 931360
15 233405 878647
16 560272 749529
17 567541 784057
18 651397 714670
19 247055 1052898
20 113732 274842
21 211993 922663
22 412159 527446
23 601051 739969
24 320656 441407
25 190421 978128
26 147373 205835
27 209750 952323
28 278438 928020
29 581892 833921
30 179834 153307
31 169014 137442
32 239819 198667
33 49715 892136
34 494608 737607
35 575668 748427
36 608098 644181
37 158352 968085
38 518856 863224
39 508243 769620
40 485040 702450
41 35175 834892
42 153240 176279
43 183017 160637
44 375659 507157
45 29835 960637
46 -28380 924792
47 -17103 917353
48 198522 990352
49 381558 416351
50 21976 913329
51 633744 757501
52 328222 540017
53 277983 943526
54 115342 141655
55 -18130 911765
56 567338 782427
57 177465 903429
58 -67994 943212
59 3603 835442
60 135761 894236
61 520718 786443
62 793 946052
63 99151 152915
64 234270 916368
65 194193 149661
66 611601 702524
67 229640 905078
68 141709 987562
69 211925 931964
70 3432 921696
71 192978 171445
72 5163 862703
73 624821 769616
74 156569 157648
75 21302 895530
76 360651 447870
77 297993 375661
78 -49212 925680
79 319087 568511
80 124949 153681
81 -74609 931577
82 18350 916937
83 199014 229760
84 553549 791251
85 506824 693303
86 148350 887746
87 105591 171802
88 171289 930588
89 575585 698185
90 408271 540902
91 123309 233975
92 142590 911009
93 -16098 930239
94 532749 740195
95 567418 738394
96 295180 501203
97 -48452 945262
98 350277 504669
99 407800 462988
100 373417 527329
101 154315 172719
102 533083 867837
103 600034 799647
104 344488 488023
105 253920 212019
106 555123 771161
107 686440 759987
108 592119 700223
109 121686 217039
110 584919 726607
111 319731 414616
112 642772 734559
113 198302 168915
114 134275 118968
115 530586 830048
116 187349 956416
117 179584 897968
118 401535 499731
119 177870 152303
120 288041 555667
121 362827 434574
122 489822 758443
123 -22654 926814
124 295405 969341
125 276932 981176
126 627100 789727
127 315456 433037
128 214138 989372
129 314211 445849
130 375259 421430
131 151877 169115
132 -106545 897068
133 -48284 854217
134 619723 722176
135 533120 726599
136 417687 458439
137 27601 855541
138 219408 974070
139 248909 923972
140 356788 419792
141 -20171 863561
142 -33585 877923
143 46517 1008858
144 553185 779427
145 266227 453191
146 167317 968105
147 39 897326
148 528767 792918
149 201353 847777
150 313463 452244
151 602039 733806
152 -15072 842391
153 -28598 947433
154 69082 868603
155 647483 756657
156 564146 730945
157 299357 465507
158 247209 948013
159 193482 941966
160 605085 779887
161 370631 561203
162 167617 947078
163 196068 1020057
164 -32641 892713
165 155085 144172
166 214992 927759
167 59206 947475
168 193883 162997
169 251088 967835
170 301807 427713
171 286726 486586
172 259856 993854
173 372340 534641
174 593798 752493
175 692452 790670
176 582077 810257
177 -23750 931545
178 84118 965429
179 371786 375182
180 44545 968613
181 264184 1047163
182 365348 381077
183 311933 359998
184 326457 445532
185 354713 530004
186 237238 891690
187 178762 249538
188 58834 849233
189 4683 857593
190 564332 743472
191 382248 457538
192 587300 713976
193 458515 360484
194 57046 904791
195 233137 228232
196 -42091 994154
197 145530 234340
198 101545 221566
199 395670 379229
200 420999 424688
201 405729 505429
202 670666 796538
203 238132 243019
204 -55993 875543
205 342727 534872
206 98029 174037
207 317641 165729
208 158984 952616
209 598839 796288
210 549547 714740
211 161513 950732
212 549257 736907
213 596645 744946
214 162424 225222
215 317054 453010
216 261232 419558
217 7433 848856
218 238077 225252
219 324159 412086
220 168135 1012689
221 133035 947458
222 593578 690982
223 514034 741782
224 235761 173230
225 119972 988390
226 380616 421700
227 202533 260065
228 576754 805422
229 199975 207593
230 364569 400751
231 213818 1005031
232 15742 867101
233 207943 887891
234 222800 910959
235 29482 910999
236 303064 463964
237 546546 789840
238 258907 962378
239 669550 809082
240 152305 957266
241 4108 943560
242 578759 753356
243 213700 164100
244 218321 110500
245 243334 965021
246 521229 689535
247 586522 736906
248 117297 167903
249 352024 416980
250 209767 229007
251 171588 928529
252 328153 409141
253 617263 766370
254 243260 1059071
255 576858 706858
256 194060 890293
257 576374 771265
258 377707 510602
259 210374 969469
260 138680 149316
261 384981 442133
262 152175 237349
263 230065 100017
264 121333 148931
265 578111 715703
266 323769 462676
267 87484 916486
268 556081 669355
269 348383 508887
270 384782 401701
271 142378 924941
272 193327 144094
273 594801 834944
274 36802 928248
275 345987 486641
276 97284 201340
277 166500 962534
278 173166 166499
279 198421 198371
280 400337 406372
281 578604 775422
282 407218 442650
283 115533 106074
284 224909 182831
285 -41806 975306
286 217532 1034379
287 54963 883898
288 116889 958394
289 -32681 951121
290 531313 780615
291 227428 1041841
292 379049 358747
293 271293 1061270
294 100710 844191
295 577032 748241
296 218606 934091
297 37860 907995
298 700181 771783
299 520321 747633
300 245315 1026825
301 593676 711674
302 367166 397274
303 232029 1006447
304 162199 229237
305 354588 506419
306 160425 894976
307 155613 925886
308 226916 917107
309 584774 749596
310 285308 1008051
311 557650 792859
312 62939 892058
313 209282 267112
314 220634 111822
315 218546 960173
316 122154 967174
317 147395 151409
318 -31300 829349
319 -15733 856060
320 573008 788516
321 86336 944093
322 381706 420785
323 206084 972199
324 177873 975914
325 -77014 869871
326 164734 223098
327 178262 1049554
328 554539 816459
329 626125 720620
330 181481 152572
331 429699 399579
332 282245 459104
333 89112 860930
334 191316 968903
335 410540 418121
336 269947 1021230
337 284326 425847
338 -11657 857155
339 309770 925413
340 244783 973523
341 281662 441713
342 16089 882966
343 529790 744592
344 160998 203470
345 573417 830560
346 136159 210103
347 598607 759756
348 60117 864027
349 202223 1013594
350 201705 993835
351 151517 892350
352 -17918 852553
353 24148 858841
354 636088 757154
355 175975 213597
356 75 949899
357 -8272 959708
358 106144 127912
359 647734 784287
360 631631 744069
361 220185 245126
362 556258 753605
363 247973 454809
364 270255 952347
365 283191 422249
366 211838 1022231
367 41869 922061
368 33150 956591
369 233050 952995
370 197808 135114
371 565459 781561
372 42203 205940
373 561164 771889
374 312248 424462
375 621533 740668
376 23954 855703
377 541173 712433
378 253847 941514
379 89518 189634
380 343961 416346
381 283791 965243
382 -63665 805149
383 -65133 916458
384 206687 876499
385 -15431 940565
386 178931 203963
387 -18502 867669
388 162811 893455
389 267506 1008070
390 7082 903602
391 13296 968043
392 133879 166662
393 346990 487610
394 -24758 904915
395 518920 778370
396 570746 674166
397 101181 827386
398 176098 187531
399 190808 144046
400 175874 918410
401 179970 933919
402 260237 946480
403 579595 886693
404 -27065 936314
405 270860 989573
406 646023 778658
407 649912 697990
408 342375 465238
409 633218 716102
410 197651 145294
411 148987 106405
412 667665 777021
413 28875 913520
414 13950 863400
415 191942 174554
416 134576 83294
417 -55516 882142
418 141405 198302
419 275758 440392
420 230129 989379
421 606236 829088
422 210018 984671
423 442174 451736
424 256129 444833
425 588418 825622
426 431519 448319
427 339060 513192
428 35749 925381
429 231890 174955
430 256390 880510
431 567272 760497
432 365244 411482
433 598800 713645
434 161460 204760
435 38922 941354
436 335040 408576
437 658654 811796
438 332665 399385
439 367519 501020
440 348549 477285
441 300229 455693
442 429967 426141
443 176470 158039
444 349356 442780
445 630156 752480
446 356481 446092
447 319197 473917
448 376344 344903
449 -95462 923510
450 33631 996408
451 437058 457867
452 118262 282496
453 295160 457670
454 555972 758411
455 666558 757902
456 5294 853989
457 331401 450962
458 207392 1073506
459 325318 485964
460 269138 261066
461 394589 468536
462 34829 895242
463 -10325 1008778
464 152477 956697
465 608479 767429
466 97753 199499
467 177317 975104
468 6480 865284
469 607828 834976
470 616050 698786
471 121151 158053
472 581771 799938
473 399885 443742
474 90798 959887
475 -32404 823750
476 38379 874402
477 117168 890596
478 81885 875516
479 228876 986207
480 595256 759658
481 436663 488513
482 556065 720911
483 22159 883023
484 387378 458917
485 671478 727419
486 204559 240407
487 575937 772335
488 185706 951999
489 23243 886623
490 366181 509869
491 228898 161175
492 243385 916859
493 362746 473110
494 363805 406854
495 354592 501055
496 -12728 878608
497 182438 132455
498 -90932 888517
499 570804 795687
500 149276 227393
501 605102 819489
502 653444 748955
503 597685 712070
504 188204 955214
505 22083 1016597
506 -54422 920275
507 338124 429530
508 221739 99860
