NAME : portcgen-410-7707411
COMMENT : portcgen N=410, seed=7707411
TYPE : TSP
DIMENSION : 410
EDGE_WEIGHT_TYPE : EUC_2D
NODE_COORD_SECTION
1 866298 113498
2 905906 904294
3 221923 356315
4 331479 413848
5 496374 690311
6 946166 932081
7 406621 844946
8 321609 443764
9 283265 430642
10 840762 180948
11 811748 132170
12 839877 126439
13 310094 432713
14 364526 366256
15 347768 462589
16 950687 985019
17 891811 984385
18 285376 456591
19 968383 959194
20 876431 47722
21 481439 840792
22 1003657 836531
23 218067 427607
24 484425 865018
25 454174 830391
26 335892 452508
27 226896 453022
28 835188 133509
29 449829 847784
30 934281 969947
31 495088 805893
32 920918 113684
33 912638 182334
34 308943 470337
35 284968 402149
36 901409 234941
37 924879 943259
38 317436 456153
39 839623 930717
40 865333 66352
41 1017776 934616
42 245640 380900
43 451973 397686
44 344825 403029
45 306697 560178
46 848517 212523
47 999683 866825
48 444510 797837
49 1006269 969417
50 971144 842736
51 931036 1011698
52 906377 5231
53 1009805 1015430
54 848027 88725
55 876487 70766
56 316532 523731
57 975635 834439
58 314357 358024
59 452775 763053
60 1007020 908667
61 233261 440728
62 900696 203934
63 457826 787568
64 976181 1009310
65 1007257 1040122
66 279963 471321
67 904423 216086
68 421130 373504
69 274619 451103
70 800150 150004
71 438721 845124
72 299540 441019
73 881224 157873
74 467683 774869
75 337924 362400
76 260672 465452
77 304462 418677
78 877255 182410
79 846791 127952
80 331344 424059
81 254241 420853
82 909265 982183
83 413270 861977
84 234175 367984
85 314340 469123
86 909442 192649
87 309830 479200
88 838775 33612
89 891537 872122
90 970900 917967
91 483693 859923
92 446418 827903
93 288222 448589
94 883241 254610
95 351739 772957
96 470869 741121
97 949934 943746
98 301660 392492
99 323127 373389
100 872938 133893
101 952844 1004468
102 246378 517414
103 279096 315015
104 238183 381242
105 456952 849911
106 542534 716152
107 863356 53157
108 954693 975977
109 438757 809587
110 784979 162364
111 1035092 902595
112 919833 909249
113 296822 388739
114 538955 802910
115 227896 490564
116 266995 459592
117 300745 425809
118 761508 147202
119 395142 750917
120 990498 946266
121 800521 155977
122 265089 378248
123 1008322 891964
124 367149 374999
125 302646 361796
126 814252 155413
127 988237 990718
128 948403 955777
129 867751 168257
130 917465 958449
131 891275 145950
132 835171 200211
133 479143 730105
134 914251 1017354
135 409895 771516
136 728506 93456
137 385366 811176
138 764694 211228
139 930826 956603
140 981135 114814
141 961775 215814
142 925479 909367
143 972840 936958
144 215699 311110
145 950555 915675
146 347782 279315
147 860432 126521
148 492710 734948
149 425489 774330
150 902725 135023
151 344520 430616
152 882345 104418
153 386227 425519
154 496523 800155
155 197491 372556
156 921800 957105
157 895997 1003259
158 860465 113464
159 826300 122242
160 319173 446761
161 851568 130192
162 1005078 857048
163 865892 167843
164 480021 759377
165 1028483 994640
166 401190 835560
167 268427 455724
168 882580 118284
169 367638 516884
170 933666 930633
171 463783 849925
172 447813 700223
173 430855 772838
174 875319 135270
175 816135 210484
176 977102 866658
177 918493 875089
178 868017 81961
179 191304 399713
180 431250 742403
181 421559 825321
182 975140 946603
183 521870 875198
184 981194 971593
185 477009 820972
186 818884 147303
187 339900 402801
188 976948 984565
189 393325 767617
190 283634 421006
191 779092 110118
192 966992 902634
193 516908 779827
194 454200 794709
195 296863 443399
196 918045 1021204
197 974410 959383
198 367179 415251
199 1006632 796059
200 918536 962012
201 377177 392584
202 439201 854830
203 961178 929547
204 268500 437332
205 1021411 878034
206 458563 735879
207 342801 779353
208 950986 1050329
209 503265 794333
210 470952 753522
211 313938 422090
212 1012412 882483
213 777750 187777
214 465651 811648
215 361941 743916
216 332059 415968
217 999686 1011640
218 311484 464659
219 844585 131623
220 880548 154995
221 899984 887206
222 939282 204096
223 920433 927297
224 449848 792270
225 871463 179063
226 914395 135414
227 859249 106922
228 825283 259079
229 273701 364372
230 450769 796154
231 880528 63070
232 447608 757885
233 1002697 919159
234 1058509 970315
235 973414 185482
236 480034 771177
237 368439 450669
238 404947 751688
239 832362 163646
240 491668 810015
241 844880 224963
242 970611 921063
243 808279 35928
244 932157 953998
245 955543 927953
246 1009956 945860
247 1026222 953139
248 347101 413840
249 267183 423074
250 517329 784984
251 793453 95222
252 830066 50943
253 306930 446764
254 361305 806250
255 1001289 931320
256 500366 844592
257 837294 206824
258 242606 432279
259 507455 747364
260 887218 169643
261 841284 188591
262 898900 893179
263 389870 764535
264 981884 881126
265 1010419 881768
266 1033447 971842
267 504552 798460
268 969255 931148
269 997274 941921
270 1031101 951853
271 981248 978396
272 401022 850536
273 930961 909168
274 506492 817212
275 468351 822828
276 797591 119561
277 924621 986184
278 856617 85448
279 534050 710170
280 888263 936347
281 442166 810264
282 527808 816288
283 219601 437408
284 945257 907241
285 837784 96430
286 887497 246286
287 827776 212489
288 847190 269370
289 453993 722779
290 912889 175273
291 849384 141250
292 479050 779396
293 819712 75099
294 856924 92485
295 852080 197436
296 462551 775875
297 831666 215338
298 328252 389914
299 888713 230430
300 816508 123649
301 441145 484132
302 241302 321307
303 248605 345963
304 374451 440371
305 308886 360714
306 302374 346014
307 490943 729702
308 239889 503139
309 476826 811308
310 285316 410224
311 870279 925050
312 929858 988553
313 333964 389071
314 965449 960929
315 923108 1021278
316 435740 393000
317 528465 837198
318 318929 440971
319 941787 956471
320 276714 426671
321 299074 397532
322 862053 132329
323 1018573 948411
324 907842 895779
325 328396 425696
326 824414 55321
327 413313 798831
328 278530 467414
329 937360 885974
330 546196 777764
331 441042 795124
332 499904 725048
333 957339 956395
334 948637 1016971
335 462809 803134
336 497444 743780
337 932553 158339
338 942878 146179
339 994997 871386
340 438995 820192
341 827087 174777
342 806494 133586
343 237825 413125
344 822470 155394
345 509865 687584
346 822448 124009
347 890646 909303
348 833510 186636
349 811269 93948
350 928685 916389
351 408649 719609
352 762941 55873
353 984393 952451
354 867841 183857
355 1025550 896048
356 218085 428019
357 879401 250440
358 804316 224472
359 970514 994442
360 845385 119197
361 354133 383693
362 864755 28667
363 1040932 904810
364 286314 361246
365 301037 445842
366 1001564 969568
367 837731 112194
368 489464 860572
369 993164 1011108
370 851979 50780
371 523627 793110
372 975605 924915
373 877847 128269
374 965368 922733
375 280291 430823
376 430098 822485
377 934608 1030019
378 888762 923246
379 918829 1024006
380 470484 802326
381 455524 831597
382 866624 899275
383 454029 790625
384 895694 936411
385 227370 393813
386 452661 745777
387 988049 887571
388 474824 713683
389 570421 861847
390 920847 922561
391 862909 971778
392 436737 835506
393 332428 471601
394 449538 789037
395 946323 1065727
396 433964 753271
397 1018829 916457
398 463410 806368
399 485343 786386
400 879578 127176
401 412251 879796
402 224837 400223
403 193903 359103
404 503650 839773
405 904074 918857
406 300317 355302
407 984776 978467
408 360895 878976
409 891997 21215
410 934972 921069
