NAME : portcgen-569-9457674
COMMENT : portcgen N=569, seed=9457674
TYPE : TSP
DIMENSION : 569
EDGE_WEIGHT_TYPE : EUC_2D
NODE_COORD_SECTION
1 710106 560893
2 635010 793932
3 599047 781853
4 532391 158468
5 547358 107234
6 742900 475907
7 732908 444143
8 316154 230958
9 654503 193628
10 714694 750138
11 835219 816735
12 609826 223407
13 908429 887542
14 565193 267315
15 859925 858881
16 902304 864211
17 729267 521921
18 639017 846168
19 585219 203085
20 770651 461060
21 708216 546825
22 360477 104844
23 512223 120445
24 837111 874393
25 443432 204733
26 703829 823401
27 357834 177202
28 596677 222566
29 669544 840001
30 361172 217618
31 937400 837130
32 666004 801420
33 679051 522202
34 253551 155005
35 687957 784215
36 356359 200858
37 759140 764414
38 638366 783444
39 868306 809587
40 710201 610378
41 715896 598742
42 593265 242560
43 859405 890710
44 878174 757322
45 659007 480696
46 622835 564207
47 838305 916641
48 884495 885647
49 338898 154448
50 297055 122853
51 394929 193161
52 748130 547434
53 675807 687560
54 856163 905272
55 596823 138457
56 713811 791618
57 639714 484002
58 714709 797187
59 829322 869311
60 525806 197540
61 567007 205998
62 682300 845650
63 664221 766120
64 694923 566792
65 689438 615698
66 669836 748036
67 328678 216137
68 869989 832977
69 323357 212866
70 692198 771367
71 631600 663192
72 627531 730904
73 453393 202455
74 668259 555940
75 739521 541138
76 714741 568778
77 693874 533039
78 734539 832529
79 607754 176102
80 563063 190753
81 400760 192384
82 344551 164963
83 819154 818749
84 850404 799312
85 520885 207590
86 328920 160390
87 605101 689115
88 406699 123561
89 727977 561701
90 729436 474487
91 340237 120215
92 521801 115214
93 839260 798180
94 580249 190008
95 759566 546909
96 707662 565337
97 875693 842094
98 518160 177019
99 577250 170667
100 503588 204511
101 416206 236509
102 894725 857719
103 540485 237363
104 540872 222428
105 329094 254815
106 508971 177204
107 901826 836031
108 679391 549243
109 887957 806616
110 865047 859851
111 673671 503511
112 565975 149084
113 748920 546333
114 629515 795310
115 676003 528245
116 370171 213105
117 361788 216233
118 878247 831013
119 809447 560978
120 485133 193042
121 394847 154426
122 841576 819937
123 272856 190272
124 432534 191414
125 526816 176912
126 896385 848674
127 732819 509463
128 550470 585932
129 752765 819115
130 864039 850999
131 345557 148689
132 766671 513137
133 533242 174118
134 553708 167235
135 764054 487762
136 888934 860817
137 693835 809890
138 722844 823696
139 699434 539430
140 861567 857791
141 393111 178245
142 519534 188653
143 306032 205649
144 570339 218532
145 722278 419721
146 596656 217595
147 614033 130030
148 489826 187753
149 717711 529558
150 331643 172712
151 353052 280488
152 912279 848535
153 648103 799811
154 343949 258656
155 634327 771488
156 915937 822854
157 720680 668040
158 661695 699675
159 832844 841471
160 452327 151478
161 720579 701680
162 832338 811100
163 836401 870601
164 746114 720507
165 623996 157230
166 699723 528637
167 620714 133427
168 900326 843765
169 839481 835691
170 413917 183012
171 688931 559071
172 680954 722305
173 543216 186825
174 738830 527209
175 597638 134004
176 690256 809724
177 664812 761744
178 683935 757323
179 726632 813813
180 869875 910813
181 670680 783896
182 620972 212455
183 549053 148574
184 525881 181181
185 686282 765045
186 699590 734328
187 549393 199207
188 863628 840236
189 642813 725949
190 318570 150209
191 363262 233843
192 575304 201958
193 748982 528410
194 832680 888509
195 694414 693391
196 420790 164331
197 441756 199739
198 643471 832664
199 862318 874071
200 342543 210787
201 849190 894935
202 856820 789949
203 693553 814821
204 281937 235994
205 846946 869667
206 829717 850137
207 471692 203454
208 701836 792024
209 488762 199445
210 561543 110640
211 798341 867476
212 361876 212549
213 859293 813337
214 440686 177639
215 659498 730816
216 648785 632709
217 510609 228445
218 607376 850256
219 435884 193561
220 656880 804622
221 627637 792564
222 659646 153516
223 868219 877620
224 358926 168985
225 582853 221782
226 530796 190334
227 752145 756616
228 715208 549451
229 839501 857408
230 597294 746273
231 923838 847176
232 691923 515733
233 470850 174288
234 682158 555800
235 826981 853084
236 389481 201823
237 389520 177539
238 705715 556336
239 679113 407926
240 875666 874499
241 664938 529905
242 620259 163069
243 899591 811478
244 907827 829873
245 691239 520920
246 742999 567146
247 415526 115701
248 743774 740156
249 706839 743245
250 594326 212050
251 566477 123227
252 658608 166797
253 608685 154489
254 893916 914767
255 352272 170048
256 591710 153336
257 430563 142406
258 717134 572951
259 684736 715417
260 599844 194589
261 668991 801445
262 582004 184348
263 692640 499861
264 870116 852080
265 356711 174991
266 529750 200449
267 332422 200161
268 368456 162115
269 635114 560975
270 393659 200077
271 499126 217339
272 574851 199307
273 606950 136870
274 650786 537448
275 697062 523000
276 713749 808047
277 628676 696656
278 772811 564111
279 335372 169980
280 545074 178288
281 690613 585492
282 663918 244651
283 713403 779870
284 730281 578416
285 343949 184192
286 820366 821867
287 699410 732646
288 696762 780193
289 566938 138911
290 363059 79071
291 702994 726601
292 531952 260807
293 910160 794257
294 569597 187969
295 295176 168161
296 709551 455333
297 703655 511320
298 644557 762285
299 737781 556131
300 684793 785677
301 378747 179308
302 907603 880900
303 723910 783262
304 719738 801959
305 897893 899345
306 843583 565799
307 686199 695583
308 709107 506778
309 673393 805826
310 721671 578939
311 749206 790485
312 355804 197412
313 712481 587199
314 700975 478037
315 858296 874474
316 728390 781087
317 600933 171977
318 692365 758933
319 353867 159533
320 432011 137783
321 320859 201244
322 773818 451202
323 886284 813830
324 699487 690547
325 559178 242838
326 875563 843648
327 701981 573652
328 838306 743104
329 743280 508495
330 706647 824571
331 583892 166587
332 500776 194158
333 704348 527563
334 386185 205838
335 678840 739815
336 405810 126180
337 392208 133705
338 356861 191308
339 854100 884175
340 718866 715917
341 773649 552402
342 942172 803272
343 658496 702801
344 465195 144910
345 576008 178029
346 448243 202272
347 547656 198761
348 604721 183035
349 600065 267486
350 395830 233349
351 903569 786708
352 389950 187013
353 539434 267969
354 726631 521818
355 430853 92740
356 817925 794198
357 502151 248733
358 686483 897633
359 703200 835469
360 519805 144283
361 676805 549507
362 723542 813741
363 374832 205438
364 585890 99211
365 519821 67732
366 504822 254377
367 685146 700423
368 816072 961602
369 855554 805369
370 538023 208528
371 495318 189455
372 594703 164027
373 745100 538699
374 664353 775295
375 551888 141465
376 428087 180627
377 764951 879074
378 296414 163272
379 518787 222290
380 384547 244137
381 873042 844947
382 516387 239345
383 877220 869079
384 849681 854034
385 584406 210523
386 552266 181709
387 356205 234761
388 525315 168634
389 658376 765540
390 585187 135812
391 658288 530373
392 616239 793553
393 355509 112425
394 575492 217251
395 675264 126400
396 681616 739205
397 639314 556071
398 922353 811664
399 382708 129787
400 323311 131134
401 781154 839694
402 482345 183326
403 310339 168656
404 771996 535647
405 350007 221247
406 711079 665999
407 585200 175056
408 814738 894927
409 394368 173701
410 588522 118833
411 519144 147044
412 601904 846722
413 831547 838256
414 800639 513423
415 369032 204899
416 352847 164464
417 505693 176285
418 425348 213603
419 536824 168087
420 691828 752076
421 850999 857680
422 347737 85827
423 411087 149438
424 865419 856325
425 555222 196262
426 511062 206213
427 729434 531689
428 482538 192365
429 418947 235772
430 689614 822081
431 314831 129559
432 909345 849451
433 794783 857126
434 730193 480161
435 629065 816840
436 768322 539001
437 343453 187338
438 364936 152393
439 732736 784413
440 379584 150315
441 381280 163907
442 692843 817119
443 875054 816157
444 546325 147368
445 712080 496975
446 697555 757811
447 698869 512264
448 313575 172086
449 698796 466032
450 698814 593649
451 666568 558201
452 843618 897602
453 704610 505046
454 717780 773767
455 655290 662169
456 321450 134125
457 689997 491317
458 639666 730194
459 660971 743708
460 627910 593228
461 813573 806328
462 596492 246711
463 352148 210165
464 684180 838786
465 852542 767890
466 349300 264270
467 720088 713302
468 705549 486252
469 840371 872660
470 328558 165095
471 645223 766801
472 409906 261175
473 707744 571869
474 548673 177017
475 648663 760389
476 866320 857474
477 712310 534307
478 822606 856962
479 658801 795040
480 598007 186505
481 911915 840679
482 672883 199704
483 827525 879050
484 861529 889728
485 367077 202555
486 395165 239269
487 397819 171329
488 759825 693169
489 852158 895849
490 811332 894808
491 364028 169415
492 654512 526062
493 320809 205522
494 689007 826429
495 908900 796994
496 483183 155965
497 532919 272906
498 691559 844675
499 333466 95269
500 331064 143473
501 379651 189579
502 831688 863051
503 921234 884818
504 825040 919527
505 355014 257068
506 570330 165394
507 311819 202136
508 844405 862542
509 692903 558106
510 666025 790381
511 404550 147272
512 579503 168322
513 374341 149453
514 850212 848458
515 688184 709788
516 858604 825695
517 666658 612906
518 712106 684643
519 829225 871693
520 428788 160732
521 891871 931692
522 903786 860615
523 748519 804958
524 681951 504341
525 700471 575408
526 821093 898573
527 402448 199730
528 417064 132190
529 692970 551993
530 751051 812276
531 700258 804204
532 573280 214849
533 698993 833207
534 735836 573125
535 800431 825268
536 659380 500572
537 732246 514163
538 890458 807242
539 763280 763184
540 624488 693856
541 541311 178709
542 733021 580902
543 642052 773687
544 373988 271803
545 585406 189831
546 713724 464763
547 800028 873462
548 517473 190985
549 615978 223944
550 656813 784502
551 660142 565627
552 871666 857558
553 809233 848576
554 764977 579947
555 736520 532101
556 776711 519116
557 479825 196052
558 342750 129502
559 695435 841660
560 396268 131834
561 563937 71283
562 566811 151614
563 323930 227059
564 693900 547818
565 706107 540255
566 559122 168531
567 731717 633519
568 567672 211043
569 267692 116939
