NAME : portcgen-438-7484215
COMMENT : portcgen N=438, seed=7484215
TYPE : TSP
DIMENSION : 438
EDGE_WEIGHT_TYPE : EUC_2D
NODE_COORD_SECTION
1 768100 483957
2 103597 737954
3 805475 666748
4 87902 740395
5 782179 418257
6 777157 459842
7 764570 773149
8 525883 1059044
9 71368 735878
10 142433 726565
11 764555 760861
12 695961 392801
13 184104 760885
14 162174 720482
15 497875 917383
16 766698 720604
17 451357 978398
18 739849 698578
19 563906 911934
20 880153 711168
21 778334 515339
22 740777 832831
23 472463 906513
24 837512 759497
25 117413 708936
26 840218 375636
27 784778 724793
28 815728 345056
29 554520 1029023
30 849896 453506
31 833029 679555
32 502581 978209
33 153978 715484
34 58964 743522
35 123699 757837
36 543985 1005726
37 493821 1013540
38 754819 728267
39 83622 706461
40 787179 714643
41 464059 957403
42 714429 369690
43 71875 774635
44 719691 358340
45 855212 729448
46 507071 1014521
47 775617 767434
48 684211 705737
49 516123 973853
50 515000 967256
51 782146 356709
52 38252 684081
53 812096 428617
54 878368 429432
55 533505 1016236
56 790412 318461
57 557118 953941
58 462596 979503
59 479461 1045071
60 604243 760603
61 526927 953231
62 765549 804815
63 747417 354728
64 126562 726417
65 584895 954939
66 466042 967297
67 812422 423405
68 105472 798166
69 587197 977632
70 455047 932390
71 848377 672271
72 512076 961233
73 542731 1052645
74 660638 680165
75 88406 706581
76 451266 961758
77 494435 985107
78 813636 365470
79 759157 687245
80 696274 772236
81 455859 885843
82 530497 943103
83 497480 991414
84 439173 1072091
85 477053 967171
86 708813 837841
87 115097 720649
88 739378 779595
89 704447 415077
90 747203 653779
91 706951 726133
92 795086 439663
93 110438 755338
94 495231 911214
95 480229 985669
96 783146 673520
97 777535 411878
98 503779 1024981
99 771277 736346
100 755662 426089
101 75355 670673
102 745050 419563
103 726297 709841
104 66687 713366
105 14300 718253
106 430333 1045981
107 769379 743901
108 786478 379382
109 775725 374450
110 459239 1009897
111 26176 698691
112 807578 372940
113 149442 741183
114 774349 357261
115 788672 700372
116 800409 631792
117 736935 311001
118 804940 418485
119 492316 980153
120 830212 366036
121 774108 447211
122 505868 955797
123 500713 974716
124 792748 417133
125 571126 955374
126 495583 973070
127 773049 365237
128 858424 363433
129 74324 709847
130 419683 1040284
131 10723 739728
132 104472 714969
133 493184 904020
134 600694 972929
135 126231 712264
136 899464 372550
137 64773 779998
138 127534 755493
139 781310 461410
140 794155 442775
141 511776 1044951
142 803482 494045
143 781294 682919
144 571972 913095
145 468700 996271
146 770451 428416
147 780918 831829
148 790886 399419
149 878779 369731
150 841734 705943
151 80996 782284
152 157303 800722
153 560802 983723
154 89784 760778
155 849353 385509
156 537244 955721
157 748928 764534
158 118816 692696
159 442021 891557
160 776772 405837
161 767033 379065
162 809504 382099
163 511504 950783
164 766251 716614
165 740975 755753
166 162092 800676
167 93077 707728
168 718422 742785
169 747485 824937
170 727626 728071
171 874493 404185
172 54227 687582
173 465568 984690
174 494899 989944
175 832860 732373
176 824402 777221
177 472273 1018956
178 53962 673142
179 337 765726
180 473832 1103917
181 74607 784106
182 523152 1036812
183 400881 1095242
184 747319 811718
185 612821 946265
186 -19908 735974
187 826916 388691
188 825654 404766
189 821972 725636
190 800481 357368
191 546975 1007628
192 448961 977833
193 522424 924060
194 94142 648636
195 855625 392105
196 821283 733180
197 479322 1074506
198 820292 381214
199 805855 472721
200 50518 757094
201 805748 403311
202 44225 739073
203 746860 758723
204 515187 998622
205 775468 373137
206 755618 361679
207 147080 724230
208 490879 921206
209 817147 641440
210 22510 683102
211 774643 729020
212 166736 722267
213 727109 744736
214 821946 513030
215 793805 454288
216 766901 433613
217 717887 781484
218 769872 784872
219 33631 695959
220 82619 623768
221 743016 670511
222 736059 751148
223 120376 664636
224 747298 747860
225 486201 952640
226 866829 368262
227 753040 335431
228 823087 406587
229 127752 769393
230 789862 758825
231 767949 446295
232 721462 740866
233 728244 794316
234 525371 1013466
235 855210 673680
236 510238 1019098
237 210297 749803
238 104936 798744
239 547385 998116
240 765937 431846
241 749860 426814
242 796013 699242
243 684992 766680
244 713268 734500
245 731775 378574
246 723288 769185
247 513962 1000342
248 197406 777311
249 121245 713198
250 797106 475784
251 849582 385329
252 63152 756556
253 145721 628060
254 159023 799227
255 875346 711859
256 106201 741307
257 799827 709135
258 526036 1013081
259 770370 721391
260 787097 823126
261 764451 389205
262 19506 799803
263 780872 486126
264 461852 1000588
265 130784 674734
266 764384 388042
267 488182 917495
268 719600 787845
269 462449 1041412
270 537012 932546
271 767769 751565
272 790429 644405
273 828675 480816
274 766483 827921
275 450822 989306
276 823831 765946
277 801591 731430
278 105725 672671
279 825510 356796
280 702878 367291
281 743576 304452
282 790779 370591
283 226593 667780
284 450080 1015106
285 865429 316784
286 820345 409593
287 676985 636826
288 757986 359676
289 490046 1040328
290 776030 431041
291 750678 720209
292 815312 364851
293 559966 1017285
294 759675 715701
295 780404 425182
296 746978 754894
297 603736 955601
298 815883 388449
299 85335 745146
300 102314 669562
301 496772 955277
302 751971 871361
303 716419 457309
304 736859 229493
305 750088 374435
306 754298 464137
307 789782 801158
308 103874 718323
309 65647 698782
310 762554 770504
311 784630 414685
312 546947 852733
313 489168 989800
314 734424 444650
315 92936 711815
316 691346 449910
317 815465 844855
318 103794 705564
319 844837 421485
320 761092 704132
321 564832 962214
322 749258 750788
323 391069 907351
324 29683 777897
325 606124 1021248
326 484092 1030229
327 101712 811766
328 820867 331080
329 160497 738551
330 485419 958903
331 490676 1082366
332 778237 538395
333 514603 962333
334 39448 704704
335 840724 781446
336 766670 749433
337 449783 994677
338 33071 722561
339 502186 1007229
340 821447 734405
341 54207 737646
342 73045 692811
343 60999 657480
344 128363 764599
345 81287 806755
346 794870 364782
347 534047 963145
348 819787 334015
349 754305 781873
350 786032 781975
351 724436 733963
352 831600 382658
353 795435 393488
354 769233 748451
355 785163 779566
356 787178 749528
357 744204 377488
358 768173 700310
359 472648 983993
360 801947 402408
361 115792 861380
362 695027 676085
363 177034 734168
364 123974 657272
365 766223 398626
366 632033 878463
367 109734 760010
368 723013 387780
369 548142 1016656
370 499737 914723
371 186119 729049
372 841279 343176
373 825782 761807
374 760228 327275
375 799451 673530
376 502928 1043553
377 71970 671405
378 110560 694355
379 512754 1033612
380 127247 751139
381 747113 734257
382 803352 452720
383 801795 387092
384 725267 790444
385 561882 1050242
386 832403 430234
387 816575 751288
388 94806 712190
389 546410 1038918
390 726937 437931
391 84816 798773
392 239861 669571
393 826142 760436
394 75727 748340
395 814856 784892
396 552152 989209
397 506986 1007750
398 44990 777555
399 487812 976307
400 818108 325255
401 714471 390224
402 461687 975085
403 834137 439042
404 423981 941328
405 96341 690264
406 561599 919586
407 500390 1043057
408 756529 812332
409 779154 754846
410 553958 910084
411 63695 736351
412 113984 736262
413 708821 371299
414 98534 663670
415 745046 819695
416 795143 464796
417 796277 673595
418 100877 735487
419 756133 416105
420 146730 766832
421 28367 735160
422 478561 1036116
423 865594 724117
424 805931 354922
425 750929 467276
426 598280 1014701
427 752143 758866
428 35730 626599
429 894273 402103
430 479851 1011856
431 829758 389730
432 87934 714322
433 813760 439471
434 459973 1010535
435 76140 764534
436 727949 705030
437 89352 659785
438 497186 1033091
