NAME : portcgen-463-1832585
COMMENT : portcgen N=463, seed=1832585
TYPE : TSP
DIMENSION : 463
EDGE_WEIGHT_TYPE : EUC_2D
NODE_COORD_SECTION
1 444580 771262
2 736735 364990
3 249716 966655
4 720442 375898
5 660129 403388
6 186142 844249
7 120251 880693
8 205949 875194
9 186212 874166
10 759356 357675
11 561710 860029
12 455972 696578
13 609234 824112
14 192915 879702
15 525456 992089
16 602128 984744
17 461704 713331
18 801358 292027
19 381506 751529
20 589035 917614
21 506407 657596
22 182179 940016
23 743594 390937
24 567526 903893
25 608947 962192
26 545477 956083
27 484531 897980
28 733672 466728
29 486549 735047
30 266293 838542
31 468103 658531
32 568651 890302
33 812059 377313
34 570609 1021622
35 524190 986758
36 818298 265321
37 737139 333849
38 471293 766924
39 444788 754525
40 741601 353312
41 153430 889990
42 574922 970801
43 476826 672948
44 577302 906854
45 218842 850685
46 559785 890378
47 445230 728348
48 213330 941894
49 619215 864773
50 735427 302681
51 499017 956347
52 550238 921195
53 146948 843476
54 387045 729506
55 140968 948998
56 163042 863345
57 362468 675162
58 490280 825435
59 203379 890142
60 175252 930590
61 123540 811155
62 168414 893548
63 187405 935508
64 446919 769894
65 383138 686563
66 369073 766257
67 234900 873937
68 776805 322231
69 494189 918743
70 436730 750946
71 456663 918721
72 735461 344407
73 436301 767653
74 761853 438077
75 367050 727207
76 203951 825107
77 208803 919587
78 158345 919794
79 696113 250585
80 202597 762022
81 730235 304417
82 155992 868333
83 775682 428515
84 273550 940638
85 559201 836278
86 272320 918465
87 797377 352859
88 230096 915418
89 495778 900311
90 562404 795546
91 755445 398505
92 593081 864138
93 514754 749253
94 332897 696133
95 482169 778979
96 593342 895266
97 429315 942896
98 197957 792353
99 446102 857184
100 749355 395879
101 737383 328240
102 484590 712678
103 728012 370143
104 414380 751630
105 254273 958803
106 416625 742187
107 518184 948568
108 538260 941444
109 220588 889334
110 745008 271650
111 265676 873666
112 285722 989542
113 505707 857839
114 178801 869349
115 757782 368575
116 435262 766355
117 796450 322320
118 808021 329711
119 438089 690863
120 665613 384783
121 391484 746678
122 159776 908904
123 159168 908048
124 495453 1013811
125 200592 852484
126 442935 688813
127 726948 340286
128 534565 917144
129 445605 747261
130 519214 930873
131 87723 875964
132 482471 781367
133 207893 871850
134 756372 416141
135 237404 860144
136 562463 965770
137 399042 776366
138 360127 702749
139 660096 395831
140 110147 874878
141 212117 852510
142 474349 961461
143 456603 853661
144 681841 348058
145 505181 898565
146 253960 925156
147 593110 923469
148 581781 976517
149 147930 862594
150 237398 901061
151 478605 729613
152 565516 886964
153 165441 753292
154 231631 905715
155 548252 921236
156 747468 322688
157 418173 750120
158 810819 344801
159 162711 893306
160 203915 824814
161 821284 402610
162 255019 889556
163 779180 473912
164 229205 881751
165 237547 867076
166 236012 931813
167 519211 835399
168 788166 297002
169 507391 873926
170 470017 823353
171 409942 755316
172 448081 678722
173 41040 880494
174 499761 735237
175 779379 304192
176 151266 966087
177 435970 751658
178 267583 877826
179 250643 867141
180 752437 350694
181 771236 377951
182 212885 866129
183 469654 662885
184 420277 761713
185 174474 819811
186 448691 786139
187 202687 883634
188 406462 755240
189 719680 349364
190 139410 799700
191 446743 781922
192 120394 869378
193 470828 747989
194 480231 797775
195 462438 712012
196 810610 386245
197 456712 740326
198 146348 905999
199 487635 933715
200 216249 815523
201 178663 809904
202 634337 934762
203 204803 949313
204 473457 749727
205 539202 899182
206 574947 867910
207 499084 916113
208 681592 265445
209 207818 843007
210 704789 343853
211 126785 923798
212 169006 885706
213 516859 938514
214 363361 729245
215 421000 772165
216 154559 850464
217 544627 713724
218 517502 889516
219 226582 939871
220 525861 969375
221 450667 740706
222 837833 363140
223 201070 898116
224 774672 415716
225 583344 281600
226 432326 710208
227 505955 712900
228 766207 322493
229 174761 901780
230 216805 941258
231 511184 970322
232 743357 350199
233 34946 921233
234 219563 887787
235 214671 811562
236 242503 958193
237 272812 882131
238 755247 241406
239 484862 799075
240 191369 833651
241 164228 877610
242 103251 880534
243 216932 897520
244 189193 800138
245 140422 876982
246 239208 863902
247 568454 962099
248 688563 338512
249 393256 714382
250 498819 932892
251 507453 907900
252 417355 660185
253 465037 724411
254 756303 303768
255 368287 733210
256 810262 350554
257 269427 810085
258 241256 915769
259 426269 756585
260 537175 921700
261 124853 900834
262 261674 893206
263 239714 896102
264 638874 879086
265 471542 843407
266 815255 343501
267 493842 932489
268 769946 341518
269 137318 846549
270 199310 842772
271 152802 883497
272 822650 352695
273 612570 949273
274 559127 909048
275 745445 316184
276 739159 334654
277 745927 371249
278 592920 920791
279 503004 926939
280 582196 907269
281 202817 781655
282 550052 942202
283 235423 797844
284 184423 849271
285 805306 343184
286 53823 826539
287 500734 932763
288 384095 752231
289 724691 308337
290 437524 754953
291 225094 867231
292 441321 763641
293 456687 758816
294 270483 849487
295 481575 885432
296 73161 832763
297 748348 379580
298 461211 830159
299 638796 813174
300 261895 836747
301 542119 914634
302 189263 925904
303 456379 672465
304 569949 873600
305 487531 750067
306 472317 744280
307 238677 873113
308 665119 327810
309 251026 867991
310 195447 884395
311 656618 997985
312 770441 301388
313 412714 722442
314 143692 909004
315 707418 406460
316 718987 368931
317 852975 399910
318 861913 271993
319 590246 977437
320 233890 783510
321 752180 309896
322 423660 728525
323 227170 796535
324 173096 851786
325 743368 312615
326 748990 277128
327 742083 288679
328 569040 968989
329 815024 384477
330 472386 965863
331 689550 376328
332 568878 940688
333 774403 387109
334 227995 862911
335 800396 405187
336 829135 372677
337 510380 860857
338 664740 368444
339 427190 730306
340 673042 354841
341 472419 648188
342 184472 958777
343 506398 723214
344 520735 754226
345 853292 379773
346 427841 625817
347 201731 822331
348 736542 301880
349 421265 724010
350 741248 372200
351 596737 923792
352 536664 879284
353 174292 846476
354 574188 1009075
355 515293 885590
356 487420 959569
357 470934 662303
358 718905 355709
359 183738 915384
360 179429 969259
361 227436 865761
362 390659 728186
363 183334 959497
364 199796 883989
365 520669 877051
366 462901 702723
367 788419 368583
368 525819 956640
369 371269 776301
370 740203 370758
371 731046 349638
372 219674 912941
373 180870 846668
374 530655 900147
375 136755 891876
376 114076 973434
377 268216 815801
378 776996 251128
379 220549 924639
380 495851 696040
381 474908 862687
382 738494 294470
383 522972 711240
384 228759 849142
385 551468 871701
386 506568 879905
387 405629 684027
388 545532 903158
389 724891 313557
390 230046 923596
391 197144 968680
392 254280 904123
393 594762 891738
394 711478 354636
395 191700 854703
396 463984 682506
397 699492 298301
398 506962 631787
399 264996 827223
400 806164 373582
401 744730 287362
402 581175 1038930
403 465511 931670
404 527902 732688
405 237336 905529
406 520210 867330
407 426335 726095
408 455020 1000937
409 157278 801853
410 435502 730726
411 466435 630121
412 139163 828788
413 486688 739809
414 582352 861048
415 382167 650708
416 699089 298205
417 526978 891983
418 809690 318211
419 213001 962799
420 383469 764096
421 293415 836296
422 598369 877178
423 443710 703093
424 489157 865465
425 821386 375474
426 508454 715745
427 351567 696346
428 182577 831004
429 386701 710037
430 712078 311423
431 388699 750190
432 796182 312689
433 249105 946772
434 421640 780758
435 512075 862236
436 377857 752284
437 581904 935662
438 519008 902963
439 462394 683019
440 382120 727578
441 129706 912390
442 583599 911382
443 759173 308674
444 424811 658924
445 452754 734537
446 430610 712956
447 778453 393917
448 580570 971488
449 496541 954827
450 529369 972603
451 380632 775245
452 688736 338519
453 171761 781053
454 491105 708638
455 140599 861459
456 224650 771615
457 689843 379157
458 537161 920047
459 725097 368637
460 232856 958935
461 244261 942392
462 129338 955540
463 484582 896231
