NAME : portcgen-510-8769709
COMMENT : portcgen N=510, seed=8769709
TYPE : TSP
DIMENSION : 510
EDGE_WEIGHT_TYPE : EUC_2D
NODE_COORD_SECTION
1 228205 507380
2 828652 503569
3 883082 78899
4 583352 532135
5 925008 -28027
6 549358 480982
7 195346 478319
8 169167 528974
9 580485 461677
10 400614 42432
11 432489 34190
12 194961 544830
13 914601 62492
14 887608 113105
15 278557 550281
16 938249 67286
17 347308 -2743
18 260603 502785
19 689305 451890
20 952616 7505
21 650010 409419
22 239651 520890
23 703256 445940
24 274766 496655
25 232644 625421
26 587438 509798
27 494422 452943
28 654628 467358
29 868026 86760
30 337713 -38792
31 226296 531197
32 400692 30408
33 762849 495830
34 257486 609815
35 314319 84478
36 834778 431694
37 325440 32398
38 628964 439975
39 887375 123369
40 903867 8951
41 531750 501147
42 220266 510802
43 531090 446893
44 664503 445862
45 653422 460504
46 265055 452119
47 396127 -30824
48 258961 562750
49 970282 83283
50 763598 552523
51 737466 442479
52 651418 435139
53 340442 -43428
54 336892 593342
55 714852 479201
56 218557 583907
57 402833 26137
58 609265 479056
59 759172 471503
60 680838 427114
61 920882 -105
62 685134 540698
63 394438 5694
64 730863 421795
65 243119 477800
66 940043 55195
67 732150 508121
68 414195 71004
69 350152 -29858
70 948031 91816
71 244178 464509
72 408034 -21447
73 426590 30479
74 628712 438782
75 764601 429151
76 616103 374355
77 427600 42107
78 472435 -7185
79 426671 -59765
80 253093 494348
81 913583 5315
82 196081 577974
83 675099 504489
84 629879 430629
85 406315 7977
86 566996 440996
87 325521 564761
88 256488 462165
89 222373 576617
90 908032 37897
91 414688 9728
92 204022 493535
93 404322 -9856
94 934253 174030
95 950199 4304
96 132286 515109
97 605916 426223
98 672009 418238
99 649116 345562
100 766844 465262
101 623124 488437
102 345266 101873
103 390764 38409
104 879494 481727
105 589429 482447
106 127647 499139
107 594968 340254
108 296436 64033
109 942644 73075
110 706819 400291
111 334753 19384
112 931488 34503
113 228884 494580
114 388077 44386
115 894058 65365
116 808041 507878
117 924406 61900
118 708248 379576
119 702446 448652
120 717706 542689
121 575713 492479
122 716208 581327
123 812722 442567
124 221218 593831
125 220133 569407
126 302006 440156
127 604377 439936
128 413481 2291
129 129833 479007
130 845408 73705
131 356078 -80925
132 558165 436498
133 373484 20483
134 898547 13533
135 210335 538488
136 274988 543424
137 260092 490715
138 688332 509091
139 760908 528283
140 294749 12257
141 573792 435193
142 216600 523695
143 437932 -134735
144 984499 15215
145 198761 485238
146 791819 484563
147 869895 12864
148 967851 73947
149 655715 450388
150 814442 470458
151 687316 456644
152 369057 30598
153 956334 38800
154 623235 469853
155 593668 418762
156 769929 489122
157 392195 -47581
158 898444 119544
159 75784 530727
160 951558 -9828
161 623293 408633
162 598367 465863
163 273260 490813
164 190745 415490
165 161201 468135
166 444931 -43738
167 805984 551864
168 184142 442737
169 124249 490212
170 633644 419343
171 767594 516318
172 727215 415823
173 897380 95294
174 772891 494131
175 560457 439907
176 767355 418273
177 831466 571491
178 558357 494313
179 376410 -67962
180 888680 147542
181 869584 104145
182 592502 380987
183 782399 518556
184 740031 520847
185 559901 450809
186 700617 531175
187 628250 523922
188 814329 493631
189 427554 17136
190 769209 483413
191 255887 445091
192 410012 51547
193 926867 50388
194 808906 534349
195 290045 591706
196 688521 564384
197 943825 35221
198 259014 504389
199 599691 435064
200 401575 75981
201 614408 429728
202 551537 490885
203 778753 435797
204 617904 498100
205 250050 494182
206 544370 494651
207 606568 528842
208 473436 -24568
209 388357 -7377
210 477829 39933
211 343858 14436
212 864311 -22955
213 244377 462364
214 202288 479281
215 878555 78884
216 949670 34607
217 725434 520279
218 625134 413578
219 382651 95053
220 894371 69063
221 247499 525490
222 928146 40753
223 878306 130993
224 266545 569291
225 258266 558497
226 602970 433703
227 190487 553221
228 170507 513654
229 656084 530694
230 757412 574869
231 555074 497521
232 929687 114925
233 696941 521753
234 848984 63090
235 565892 434181
236 860981 484647
237 330855 5171
238 819571 543375
239 404447 58526
240 192485 590386
241 897351 15658
242 607899 368112
243 404021 80195
244 928601 -4483
245 212050 523415
246 393681 -17198
247 584400 448543
248 843416 44196
249 671286 536074
250 807446 575947
251 783373 555051
252 645896 463400
253 207638 463396
254 394853 -21255
255 733012 473773
256 334418 476873
257 542083 513408
258 966659 30562
259 601651 507937
260 831253 578179
261 154504 584819
262 596265 444142
263 630023 455456
264 243794 536910
265 403811 27727
266 197539 568641
267 666986 432463
268 751128 496905
269 322211 58166
270 832405 29855
271 427896 82815
272 845607 48259
273 420218 53726
274 236700 552770
275 713450 467803
276 349265 -38908
277 753820 456746
278 615142 416326
279 425116 -21684
280 189392 545253
281 573769 482024
282 408693 40335
283 801288 515165
284 211772 578219
285 556007 504432
286 156592 546578
287 900682 8520
288 766052 456373
289 614708 406853
290 713351 470712
291 938052 -7346
292 918057 51926
293 836225 469408
294 927237 128063
295 932672 63154
296 432279 87511
297 694191 472469
298 799314 441693
299 232584 520536
300 578249 473368
301 356403 -77351
302 953014 -9820
303 953884 62429
304 477017 460554
305 973920 19762
306 396911 41667
307 400752 -6482
308 256027 501661
309 965201 48021
310 964805 114528
311 360796 19967
312 399238 -24990
313 225035 523571
314 821998 503882
315 575960 402818
316 273300 545580
317 214852 471240
318 571352 449955
319 341928 62895
320 580538 351053
321 417498 17231
322 470774 -6118
323 543756 464236
324 285148 573652
325 712862 478608
326 353231 65091
327 883947 105336
328 586646 492356
329 339435 -33440
330 284045 473972
331 265925 510554
332 574495 441818
333 764638 527712
334 225053 496491
335 270339 529247
336 600464 393769
337 353146 29345
338 599606 496624
339 457584 71254
340 906520 154942
341 825519 415109
342 598565 462853
343 917331 73477
344 475675 457128
345 179614 532184
346 818391 83953
347 564090 403977
348 873549 69709
349 675543 461196
350 898079 81095
351 365644 1992
352 910739 76475
353 289489 484305
354 629861 392295
355 502867 459754
356 599762 394639
357 573904 499939
358 190262 557745
359 362744 -19874
360 356909 74136
361 372811 34944
362 376897 96349
363 880170 92050
364 193604 577224
365 240802 497852
366 423891 13763
367 850968 -42479
368 751392 477150
369 649458 502426
370 553280 527559
371 860473 51585
372 728924 483901
373 321057 -23701
374 880934 16168
375 249194 530975
376 733669 493877
377 164082 550163
378 433692 -40123
379 466571 6088
380 833433 71044
381 691264 455912
382 381185 3658
383 675288 423234
384 365550 44218
385 271300 544870
386 730097 488614
387 727294 597264
388 603797 541587
389 364760 52511
390 406824 -18447
391 154394 586363
392 397868 -63288
393 780101 472043
394 244582 456847
395 409667 -26196
396 582903 438509
397 879025 71075
398 572779 497539
399 781326 482755
400 582658 435975
401 207663 606676
402 690343 478408
403 537887 394637
404 166349 461569
405 227280 502735
406 891657 -11198
407 245755 572424
408 894728 42781
409 731268 393674
410 792334 445810
411 372178 -22967
412 411711 36227
413 203434 576746
414 868622 99872
415 180827 495890
416 420013 -57176
417 446065 -40822
418 347673 463974
419 920015 44440
420 873034 38235
421 221503 533682
422 319801 51328
423 395350 -111706
424 821584 458223
425 235049 576790
426 245928 498339
427 617741 464309
428 1020871 60591
429 914332 14879
430 905649 89225
431 639497 429147
432 822656 606399
433 392163 -18403
434 612335 458458
435 766444 502734
436 226013 488779
437 603058 456268
438 570340 434084
439 615694 472262
440 578513 411504
441 289593 595859
442 794241 445015
443 153750 492398
444 207551 538493
445 697415 458156
446 382309 -20287
447 920134 63137
448 574702 465388
449 406097 29210
450 571147 404008
451 171716 506066
452 991560 99516
453 820914 474732
454 583871 505862
455 756300 463454
456 616576 475866
457 901122 -37013
458 974527 85249
459 747641 499236
460 790226 466781
461 293516 -14319
462 196621 491944
463 932590 108673
464 398059 -35654
465 248892 431876
466 597988 434497
467 411863 69689
468 242649 517776
469 294121 27030
470 801800 554701
471 231819 548058
472 895112 -17329
473 243485 447421
474 561640 474617
475 248767 509175
476 198804 569130
477 626621 465981
478 898664 37820
479 769797 449874
480 289986 521521
481 412603 71898
482 227235 476542
483 402943 15966
484 739698 482212
485 362412 14644
486 362968 -25052
487 370724 56141
488 260977 524744
489 801228 479288
490 703638 455433
491 598337 505531
492 882412 38533
493 739269 502351
494 171751 481759
495 561729 372026
496 869037 138827
497 364003 56776
498 523532 425162
499 452401 -43313
500 362128 41852
501 379420 -57057
502 661651 495655
503 856828 38497
504 369423 67510
505 231942 457097
506 470846 -98544
507 798745 69600
508 374573 26362
509 736958 574378
510 831356 90050
