NAME : portcgen-576-3299986
COMMENT : portcgen N=576, seed=3299986
TYPE : TSP
DIMENSION : 576
EDGE_WEIGHT_TYPE : EUC_2D
NODE_COORD_SECTION
1 925715 816326
2 853941 79506
3 880127 20612
4 510150 641038
5 691975 356638
6 830499 2052
7 1006147 786712
8 508732 226968
9 974865 780463
10 550734 230615
11 894851 59755
12 498772 271795
13 738209 327797
14 656218 367076
15 539703 251044
16 558714 627429
17 907075 103017
18 627761 206805
19 645484 277878
20 658598 605962
21 625736 279881
22 595982 675809
23 889118 -44654
24 655443 317329
25 476881 240318
26 1042288 692245
27 1028307 823882
28 807472 -71232
29 918264 -6037
30 837225 89370
31 628012 270395
32 660916 291940
33 1029406 818224
34 942196 778006
35 811140 -3089
36 1016811 734284
37 703186 284456
38 1028042 792479
39 979217 759461
40 661060 247242
41 833778 11476
42 834475 15654
43 523653 204948
44 679446 250737
45 923300 57507
46 704071 264446
47 625936 272225
48 647009 711063
49 621081 308703
50 503044 223291
51 578211 611487
52 554236 260367
53 949080 781679
54 660615 254819
55 506447 644688
56 673329 346870
57 869712 25722
58 786525 18851
59 884673 -17337
60 433821 220865
61 878865 91643
62 647568 192707
63 575239 193459
64 797547 54990
65 976522 808036
66 508445 169260
67 461921 208854
68 960576 830500
69 972436 719010
70 571380 597005
71 556758 590771
72 962006 760089
73 579062 218398
74 868019 28891
75 554646 642519
76 620555 651556
77 535308 318354
78 707068 240431
79 672869 197451
80 700558 282571
81 821665 -9787
82 1031307 730676
83 858861 8787
84 966778 837392
85 529754 220564
86 695717 318792
87 518410 674207
88 808426 -60913
89 632763 277797
90 508395 184738
91 535513 92645
92 832543 22045
93 1001497 775626
94 649445 292847
95 447001 260526
96 598690 660683
97 862151 41465
98 603034 208235
99 569111 603924
100 804897 54262
101 492933 157787
102 953649 766969
103 548834 610775
104 879256 28501
105 524449 283320
106 916423 817876
107 836264 35857
108 726491 330882
109 558329 204140
110 1000009 831498
111 894315 -23052
112 668746 317969
113 975197 754674
114 582036 632069
115 967716 727456
116 650689 241184
117 967914 844387
118 910336 -1001
119 550131 257618
120 545442 571286
121 828748 -7959
122 585713 550435
123 690136 265800
124 919181 70759
125 605143 632849
126 561676 270469
127 882889 54008
128 863065 29442
129 776429 -45648
130 1010025 804943
131 910367 39586
132 869857 -6007
133 564086 580718
134 567568 172002
135 945116 711875
136 675064 326327
137 908855 805378
138 922414 -18234
139 577726 314313
140 1023948 754660
141 690189 364659
142 927339 54368
143 648593 205951
144 531223 687440
145 767382 16411
146 555999 705731
147 463323 229346
148 801211 9793
149 567843 267845
150 550868 243217
151 459673 260402
152 832194 83118
153 574716 282635
154 928514 760149
155 576109 589960
156 852884 28278
157 1022795 799788
158 541654 240492
159 593586 684672
160 910219 61668
161 892316 24481
162 840485 28669
163 567265 692511
164 647780 286275
165 542288 284463
166 538638 251220
167 591387 289130
168 588637 710137
169 567534 564310
170 683025 363822
171 541700 245210
172 555487 162402
173 853379 7508
174 981422 757808
175 691543 263480
176 940962 756599
177 697111 318100
178 518622 263518
179 556228 693696
180 581237 233885
181 718238 323006
182 681091 305945
183 560760 265387
184 851797 45349
185 553819 613848
186 712346 359472
187 848250 79368
188 539360 626694
189 868964 -19721
190 590128 175295
191 964677 800840
192 680033 320480
193 885163 -28868
194 652476 625283
195 524312 697459
196 507261 715993
197 595739 549101
198 920931 -15672
199 868253 42422
200 919271 732091
201 514693 154213
202 675699 305821
203 970761 805749
204 628852 739289
205 727681 236998
206 907204 84854
207 545813 263628
208 604567 614795
209 939207 804215
210 863734 45423
211 551222 263977
212 519134 285724
213 587840 663286
214 973705 738185
215 660575 230206
216 633129 267235
217 818063 -25619
218 661190 298612
219 925493 788721
220 581409 629535
221 610936 273589
222 853705 -36920
223 965508 -109183
224 1006167 776575
225 984883 752206
226 929114 756118
227 694286 285867
228 491074 186146
229 577403 640820
230 895851 40586
231 663949 227816
232 927669 765247
233 908510 799563
234 701414 296973
235 641428 650015
236 586247 665381
237 933658 785046
238 827741 73398
239 577690 657181
240 528079 213825
241 670877 308342
242 652130 283337
243 1012997 749675
244 479586 224403
245 1007387 686912
246 561537 645539
247 1016075 754963
248 1027323 736091
249 1037777 763724
250 553274 616685
251 937808 759102
252 545381 148970
253 866692 -12112
254 469393 227703
255 642238 222940
256 805449 42568
257 480752 250184
258 604352 669454
259 570504 600868
260 926256 787217
261 722013 265311
262 539274 313112
263 516052 660432
264 603970 639258
265 500277 571624
266 973291 798997
267 879388 -11042
268 589347 676752
269 975617 757443
270 667052 342268
271 951811 801802
272 609326 592123
273 1003710 740847
274 568593 576033
275 563985 339331
276 719847 205724
277 957892 805496
278 1027493 766274
279 993651 808198
280 622779 670662
281 579191 243303
282 748295 93986
283 559233 688900
284 518137 204378
285 706475 348822
286 973829 759010
287 825077 19095
288 1000175 763264
289 877747 44357
290 526067 202528
291 874676 43767
292 730990 310239
293 542309 237858
294 971449 722175
295 559699 687180
296 746446 172705
297 738545 264224
298 716047 294251
299 1000315 792911
300 685161 416204
301 945541 782078
302 980899 762845
303 1034157 777888
304 611370 213397
305 502313 599519
306 858029 17760
307 985392 763200
308 943929 766658
309 593997 624003
310 976881 793363
311 487871 641037
312 599386 603737
313 943269 778135
314 579627 315285
315 753526 320731
316 956134 850327
317 1044858 689323
318 944013 765257
319 754915 276911
320 807127 -43850
321 935315 800297
322 598047 663590
323 948345 690850
324 472684 127126
325 586804 271857
326 717902 316432
327 876049 15641
328 475050 188357
329 808391 45316
330 575061 617925
331 804102 110735
332 979863 832657
333 662677 166443
334 994525 757105
335 845206 -87922
336 943371 831580
337 552150 609403
338 463069 312404
339 682802 309454
340 530903 667537
341 464618 236358
342 902875 791825
343 588504 234566
344 741436 289200
345 840117 71765
346 682596 256444
347 983229 718225
348 595601 148928
349 851043 35612
350 495970 317037
351 550783 730179
352 850456 79615
353 638131 625317
354 671019 248034
355 676271 250841
356 813825 24107
357 488133 238450
358 1016570 714366
359 976344 729377
360 1040744 768147
361 668192 299830
362 855268 -82358
363 569175 566904
364 870678 -21282
365 619015 623169
366 862081 45771
367 549947 370091
368 979445 768209
369 655189 570964
370 519652 709025
371 671428 306426
372 914611 16304
373 556697 648781
374 580522 237200
375 628397 676849
376 546668 303126
377 897532 787256
378 670340 257826
379 910459 43746
380 526982 551007
381 1034024 755188
382 811424 21446
383 1008533 804521
384 856861 69662
385 576068 289105
386 697690 279761
387 552975 314774
388 663759 221445
389 485950 225279
390 519141 339558
391 678038 235490
392 513771 216761
393 628096 221819
394 539636 272887
395 663225 243513
396 563165 203510
397 538727 211698
398 522529 200225
399 609964 589620
400 711816 314584
401 505984 209881
402 930427 795996
403 1046018 810813
404 837982 -17243
405 878733 50199
406 553154 660878
407 638614 326305
408 558169 634800
409 681215 269815
410 639914 600605
411 890187 12790
412 527278 241230
413 965362 705178
414 711175 282506
415 669935 298055
416 520859 630890
417 551084 634016
418 618028 334097
419 896412 44246
420 763183 420197
421 946481 828325
422 903250 56992
423 666621 284317
424 517689 258207
425 664805 331298
426 618678 242414
427 678674 286961
428 1044088 801104
429 622128 285681
430 588690 634712
431 1013285 761031
432 943360 748465
433 953583 759304
434 900642 829
435 820935 17676
436 565717 639925
437 574512 724813
438 924962 797869
439 564519 549851
440 598852 625209
441 920739 -4239
442 542035 125292
443 513424 173548
444 940519 810711
445 588847 147575
446 963810 792322
447 542778 627065
448 1000065 745044
449 606364 255020
450 651159 296076
451 846927 29023
452 566663 654542
453 553974 629384
454 698721 289925
455 511356 212141
456 545977 191274
457 924690 799982
458 558483 207825
459 572784 278013
460 892987 -21012
461 894787 10285
462 630344 231026
463 545014 209797
464 869674 11367
465 543840 136696
466 544642 170758
467 753160 266142
468 612750 607480
469 707018 348050
470 521881 205678
471 841384 38749
472 808918 -6544
473 858908 20445
474 607354 567038
475 736142 307593
476 934665 827959
477 634576 670564
478 617421 558565
479 886271 63876
480 677902 358879
481 522126 223899
482 953278 821675
483 598431 633460
484 896826 -52282
485 663965 324309
486 830414 -18361
487 572260 575442
488 870272 839057
489 820339 39434
490 983141 803211
491 866418 31574
492 544799 616972
493 938843 839662
494 974795 754148
495 637912 667283
496 641005 322559
497 650770 683134
498 855206 4932
499 569459 237530
500 622450 264048
501 584749 691736
502 526449 146898
503 879595 114364
504 511241 636890
505 704736 267187
506 463370 290555
507 943447 -24113
508 836162 130887
509 539764 632652
510 553278 251248
511 1023689 746527
512 1055309 757675
513 478505 263788
514 693635 290475
515 660315 266873
516 705184 288531
517 647243 316636
518 580899 586703
519 881476 -68841
520 626778 329503
521 558695 236822
522 864199 146896
523 655302 266800
524 966112 714635
525 614393 283061
526 990143 751777
527 897125 116445
528 556380 659499
529 602192 225360
530 582928 648047
531 879250 26420
532 572663 627092
533 963849 850827
534 589752 147009
535 658293 301933
536 976540 787325
537 1007937 750227
538 813420 28711
539 735300 352198
540 960309 752617
541 493614 599949
542 564780 687967
543 836316 33546
544 974878 801875
545 545150 632340
546 985592 787525
547 713013 338213
548 905470 -1517
549 969162 783613
550 956289 825166
551 590501 204696
552 706673 302617
553 727416 320206
554 824665 4376
555 815414 17341
556 844752 7916
557 685208 255256
558 652424 224796
559 607015 566041
560 851956 90565
561 556299 664293
562 1058755 724544
563 580015 287618
564 687675 338959
565 1017240 692927
566 831785 7247
567 706584 335647
568 689314 294288
569 564045 657831
570 887023 53831
571 952429 761032
572 488806 229631
573 573465 643864
574 635094 237161
575 624912 691534
576 553876 158174
