NAME : portcgen-427-4032182
COMMENT : portcgen N=427, seed=4032182
TYPE : TSP
DIMENSION : 427
EDGE_WEIGHT_TYPE : EUC_2D
NODE_COORD_SECTION
1 168283 840111
2 77995 699980
3 764663 742759
4 130855 753711
5 116077 808206
6 165554 660532
7 576724 687322
8 596554 755024
9 217389 722204
10 239245 605300
11 63763 637998
12 127714 771677
13 48649 757869
14 208281 730189
15 648278 717789
16 158907 733932
17 126617 647463
18 119043 708490
19 109654 563291
20 103608 706897
21 97805 842723
22 183946 816077
23 123768 816652
24 105588 646272
25 120222 811855
26 713354 780820
27 63329 841748
28 685601 777507
29 687426 778596
30 641479 677222
31 17502 802820
32 669294 695442
33 27775 677385
34 128157 952746
35 167356 694745
36 111157 824059
37 649138 904963
38 699654 803946
39 237875 751401
40 134281 887678
41 107156 722309
42 659402 750975
43 685589 728849
44 655777 734420
45 161921 754046
46 210705 761901
47 735383 757509
48 152587 655456
49 49403 938877
50 209587 652844
51 770147 811796
52 114259 879069
53 654477 695767
54 183872 898815
55 172319 546920
56 57774 807335
57 152944 854610
58 242908 848214
59 167994 734903
60 681570 837960
61 153036 690234
62 109914 788985
63 123655 947404
64 643810 843676
65 194485 741629
66 100786 779732
67 134752 704561
68 88154 967656
69 126379 684224
70 179765 825749
71 74007 817800
72 73782 799515
73 666599 778214
74 167419 672286
75 127597 790984
76 176580 825059
77 157087 665880
78 72686 819511
79 146658 631946
80 82966 655191
81 138136 833223
82 58325 892574
83 83365 842426
84 230721 699674
85 102315 790434
86 93712 853331
87 156866 688313
88 270824 841075
89 115179 914859
90 168196 871592
91 105611 966279
92 140414 940904
93 230003 962659
94 164871 865309
95 135949 697868
96 133532 847208
97 676872 782424
98 706174 833266
99 185703 795098
100 697745 779609
101 96097 742628
102 135706 941688
103 663074 728294
104 263937 911944
105 65586 818898
106 298621 896890
107 61755 790216
108 219809 935324
109 625579 788852
110 145115 804468
111 178179 856056
112 -3908 913660
113 254901 662961
114 627059 744435
115 756947 819384
116 98158 877131
117 708561 854296
118 179609 927476
119 81771 817366
120 653544 759861
121 100211 701492
122 128933 821902
123 205485 671053
124 113964 739298
125 727189 764810
126 97805 777852
127 74379 781953
128 138372 670443
129 683476 749670
130 177118 904337
131 104127 720861
132 67865 801471
133 140273 906775
134 243653 582361
135 610206 799833
136 673638 714333
137 232441 721790
138 184759 707958
139 607818 750065
140 177238 706504
141 -10848 828215
142 47696 784059
143 105279 903458
144 710074 832556
145 136167 647348
146 760019 807568
147 97963 781983
148 134006 868302
149 63587 852667
150 160848 746137
151 219734 713693
152 684316 804356
153 96842 873637
154 146682 867866
155 156582 847363
156 155421 914475
157 108810 782040
158 122871 669648
159 205396 725974
160 204144 812606
161 185356 673563
162 -29841 693982
163 154529 904740
164 39844 860284
165 582902 682730
166 98971 796198
167 181106 822238
168 627268 790922
169 192003 674107
170 162490 889630
171 663011 729461
172 177630 883073
173 734270 770996
174 149906 920772
175 92036 889584
176 197660 701187
177 185650 980280
178 56860 713266
179 696463 762909
180 222732 868723
181 114735 684696
182 208942 890106
183 168216 742036
184 157815 761466
185 171886 877711
186 721651 778758
187 119027 822692
188 82578 898534
189 700490 771886
190 73860 927773
191 44718 762144
192 142677 860571
193 116857 833736
194 699708 772881
195 205557 680151
196 197205 900044
197 175676 906084
198 98066 714780
199 703292 790486
200 639673 752770
201 667149 773805
202 225384 696938
203 116802 792385
204 112148 789585
205 708315 750674
206 146500 643552
207 150409 906969
208 685591 754913
209 220795 638654
210 121754 961706
211 86756 759486
212 155488 893046
213 701903 865692
214 123006 705392
215 33644 796311
216 118063 799678
217 209417 1000855
218 77578 891089
219 54939 758978
220 67017 795162
221 109230 836910
222 152166 669834
223 235535 685093
224 701611 802960
225 66508 784108
226 89340 872606
227 35232 611570
228 737520 731503
229 194305 632793
230 180351 838288
231 66769 857220
232 249049 735374
233 119882 906744
234 63240 866275
235 300566 858842
236 242817 840206
237 129111 818680
238 140170 620325
239 21288 956125
240 692622 771175
241 158739 744174
242 124711 746708
243 100775 840879
244 168811 789328
245 704413 780123
246 671652 726579
247 -25350 800579
248 191046 934330
249 136821 880612
250 219737 648181
251 240287 614494
252 155190 630314
253 140417 584047
254 111733 686216
255 103278 671077
256 646333 770624
257 244360 699272
258 152998 833029
259 86024 909921
260 181087 675311
261 158032 721679
262 680012 769451
263 197662 643457
264 636942 709239
265 214779 614241
266 109701 817629
267 177703 742449
268 169996 866134
269 60404 932767
270 149853 663539
271 628100 777798
272 195634 671112
273 654899 704308
274 133483 938915
275 -32791 776992
276 245188 719571
277 729498 746361
278 163662 822837
279 164534 896045
280 190123 775575
281 151419 877547
282 721784 746206
283 168534 709547
284 101073 875867
285 91680 742518
286 613841 775164
287 712293 788194
288 251650 872207
289 166928 976731
290 192533 901163
291 39077 863435
292 705078 763207
293 97131 867030
294 179435 935695
295 166097 865400
296 63418 824291
297 162384 940516
298 32303 766014
299 184533 828666
300 664742 835853
301 89672 751555
302 148069 629010
303 99899 774249
304 711347 768790
305 99609 842126
306 96663 859532
307 692415 802865
308 -2811 783244
309 155622 962629
310 178200 652855
311 165729 830884
312 99519 786348
313 94966 868783
314 647542 737137
315 260148 897761
316 148583 856857
317 205323 934882
318 211968 698087
319 686338 718429
320 592821 777122
321 157935 786114
322 28039 839794
323 235608 670914
324 142400 864180
325 137945 681176
326 147654 808997
327 662820 684639
328 670583 747110
329 158962 772792
330 161814 655697
331 171384 934599
332 661058 681455
333 126917 548833
334 34465 825162
335 71182 778938
336 173455 615976
337 60907 821506
338 158819 686306
339 627897 764666
340 157429 863505
341 731635 686774
342 714984 837142
343 141514 734582
344 154482 856472
345 70443 864061
346 658141 712286
347 137981 821018
348 63543 779314
349 226018 753851
350 205411 913598
351 118113 770723
352 669240 725255
353 601934 817015
354 116431 601390
355 107918 639944
356 154680 784142
357 237301 659845
358 199927 703899
359 661420 769985
360 30798 850904
361 755771 746897
362 174408 807125
363 115431 702516
364 69457 775288
365 151975 956963
366 141666 693412
367 148626 670671
368 83417 918494
369 216967 835593
370 179804 840158
371 112883 761458
372 125610 891872
373 156904 821144
374 209503 953646
375 203634 901381
376 175446 747451
377 51829 882340
378 100188 844106
379 170642 893638
380 149926 885307
381 129024 651108
382 150815 937664
383 170874 659870
384 142363 859386
385 231990 733404
386 207201 594872
387 721261 750270
388 198559 916348
389 172803 762789
390 72187 869220
391 75903 843160
392 666375 806300
393 703352 744544
394 42359 672602
395 647661 727312
396 56561 903722
397 170475 716529
398 35000 819087
399 107934 666348
400 718992 797400
401 672764 721624
402 195018 668052
403 77210 802930
404 156662 635072
405 225229 851615
406 133007 733347
407 101095 881283
408 139844 853827
409 152159 935325
410 630667 739195
411 633618 738018
412 78569 826073
413 120978 797494
414 197178 774129
415 90181 790028
416 570198 834849
417 74359 757980
418 212587 908779
419 128563 693423
420 651348 767705
421 170965 748401
422 634065 774816
423 644231 715275
424 234743 938440
425 103797 823268
426 617149 720452
427 60116 787760
