NAME : portcgen-419-4185951
COMMENT : portcgen N=419, seed=4185951
TYPE : TSP
DIMENSION : 419
EDGE_WEIGHT_TYPE : EUC_2D
NODE_COORD_SECTION
1 282240 798890
2 688116 247666
3 337869 679562
4 738618 278832
5 809206 282196
6 329354 775625
7 224614 706825
8 734771 341655
9 958029 340310
10 1019610 349991
11 221220 718025
12 287044 792712
13 779923 308637
14 796553 277511
15 846567 341890
16 930564 320873
17 970828 268458
18 293874 793303
19 387370 768809
20 913818 310001
21 966645 272463
22 919340 261141
23 940860 272822
24 739785 179148
25 875826 389642
26 769908 330825
27 338334 709942
28 695954 358036
29 861478 345591
30 318463 725346
31 344966 752503
32 719044 179365
33 790860 286189
34 899678 317010
35 268785 712704
36 1024676 490711
37 827750 369381
38 749452 431947
39 824553 259080
40 328952 739137
41 919133 366173
42 859521 387480
43 676364 313967
44 307002 692576
45 781458 335037
46 748098 251373
47 918904 363278
48 685941 218577
49 266148 773655
50 926190 364158
51 342546 795486
52 265298 776396
53 274135 704730
54 806150 402969
55 951509 304637
56 954864 383142
57 879794 327921
58 747738 363708
59 804414 203339
60 889378 378552
61 909399 343233
62 386011 717899
63 337590 783362
64 336764 689452
65 846022 322496
66 766573 253369
67 982481 305419
68 735226 183988
69 712611 408844
70 985374 424730
71 861933 296587
72 641770 368760
73 329053 655258
74 811787 377504
75 910277 381972
76 727631 250722
77 710718 383916
78 718940 313059
79 767255 273356
80 861000 309211
81 805612 293794
82 289129 836846
83 818389 243048
84 938577 257173
85 786537 180396
86 902448 330222
87 780797 245598
88 748433 321364
89 689558 234879
90 862517 388903
91 775852 326800
92 778775 271389
93 915022 417085
94 918693 345425
95 701541 304402
96 371712 735439
97 723001 257209
98 713756 169766
99 364402 780947
100 820316 329739
101 246517 653996
102 736874 335813
103 710404 222034
104 316340 706027
105 355976 773962
106 965795 348784
107 666767 224636
108 728762 288738
109 884039 386269
110 339886 757259
111 925058 405470
112 346319 694293
113 355648 749144
114 341058 707366
115 782441 192068
116 946557 343458
117 746375 386280
118 711250 260325
119 757090 225608
120 746564 296351
121 310568 775377
122 295168 755390
123 689325 299817
124 750943 247637
125 898717 352406
126 826943 270699
127 693182 391404
128 744157 352723
129 340053 675962
130 375845 689356
131 955270 339548
132 798437 187595
133 719829 313714
134 241528 789659
135 754855 549724
136 680692 330582
137 740495 345381
138 864161 311555
139 283873 672031
140 763810 331998
141 817968 418339
142 780370 203843
143 918690 340069
144 753845 243951
145 954089 374266
146 761904 276293
147 732834 345129
148 340708 750275
149 746278 384293
150 649116 308253
151 947277 340703
152 766675 215394
153 682804 397962
154 705258 314097
155 754062 266381
156 654058 429255
157 276438 765704
158 770352 369770
159 771658 220537
160 967569 313478
161 687853 354749
162 375253 766622
163 315803 704251
164 718189 402767
165 265315 735457
166 667546 270849
167 738542 207978
168 668866 264494
169 771874 262755
170 733566 268918
171 677333 363348
172 304381 724884
173 671552 349528
174 960507 372449
175 1006508 377400
176 658080 418916
177 819049 278003
178 778000 312400
179 740466 279434
180 887436 413130
181 792680 273032
182 263394 780405
183 674150 329492
184 996392 337526
185 733388 356212
186 707315 438444
187 697134 312803
188 1015092 316531
189 801826 152560
190 670150 285504
191 349761 752363
192 837664 351182
193 666670 307909
194 827016 246090
195 698362 309481
196 283681 816250
197 922155 353367
198 908096 248145
199 732129 278513
200 379088 739513
201 681377 261937
202 387761 741811
203 451965 732149
204 936340 325607
205 334660 713181
206 966531 279988
207 717950 246592
208 740491 298543
209 920742 381914
210 705567 273425
211 759899 376319
212 770016 341533
213 665683 349984
214 911825 369486
215 755173 220885
216 275804 802314
217 803731 267443
218 291641 806015
219 311951 753907
220 261644 739534
221 249911 756445
222 692001 368859
223 738106 352603
224 708574 263298
225 975023 300001
226 770699 361877
227 302754 800702
228 779356 321847
229 691930 293830
230 982271 392826
231 741688 330342
232 756060 283857
233 850551 370639
234 714009 291005
235 913469 329679
236 326445 717228
237 700764 273318
238 721210 340829
239 745158 337156
240 908835 362617
241 721929 366418
242 853786 275514
243 904227 362173
244 230957 724748
245 893521 313395
246 808177 290533
247 353607 774330
248 340542 753684
249 277756 746325
250 294745 793920
251 805053 379742
252 733351 213383
253 867203 364728
254 973668 266275
255 720567 218944
256 724586 191077
257 757161 335819
258 392555 763580
259 914367 331184
260 774236 365748
261 957207 380884
262 397534 677057
263 708500 260652
264 987823 353025
265 753993 266815
266 261944 805053
267 748469 408966
268 891094 393124
269 774139 240452
270 909750 350105
271 726814 394283
272 753278 354921
273 680653 360886
274 373692 772533
275 345120 724814
276 972991 282640
277 741012 281031
278 376901 738196
279 781752 407336
280 706762 391769
281 283882 739599
282 749547 304299
283 704826 344431
284 699663 292724
285 929079 358277
286 748360 103543
287 697073 296154
288 296374 800623
289 759953 299683
290 702348 292907
291 847619 400779
292 861213 334902
293 927656 298363
294 859174 379314
295 723746 295186
296 742772 335374
297 937544 305353
298 888578 435629
299 774103 258778
300 880670 291993
301 288992 781141
302 765321 358934
303 372080 737526
304 840372 405460
305 770673 294407
306 705164 423106
307 360290 712675
308 943764 346440
309 756102 254815
310 225129 766663
311 754950 382350
312 939966 291274
313 348702 737532
314 744227 333779
315 923687 316496
316 720938 224857
317 264801 703596
318 713291 352788
319 754323 265275
320 763387 339811
321 631978 321546
322 723618 188105
323 805847 317166
324 277058 774519
325 613322 225330
326 743815 256554
327 873111 412380
328 884755 304743
329 209918 749306
330 735006 309792
331 761313 252229
332 847176 267010
333 955449 382709
334 799172 304152
335 891772 368900
336 667018 370136
337 716597 401089
338 722272 440857
339 716032 397678
340 914587 366609
341 986556 375357
342 740307 344981
343 864169 348951
344 221924 726722
345 946569 378299
346 924512 290593
347 377405 758114
348 812386 410336
349 916843 347102
350 776653 247608
351 837722 382127
352 717011 381048
353 709872 310404
354 363659 759784
355 335943 709773
356 661434 282148
357 715045 286678
358 833963 428506
359 963329 334534
360 787456 385257
361 366412 734850
362 238412 805799
363 863658 343968
364 801059 292374
365 710358 265453
366 754431 271638
367 766703 286323
368 973042 348959
369 237176 755061
370 740316 275570
371 864693 410346
372 329023 737267
373 745920 349141
374 356472 610587
375 778148 364763
376 336170 746621
377 915782 303888
378 310447 803196
379 653598 322799
380 905495 466266
381 787911 337649
382 987150 386017
383 862952 379770
384 905896 380662
385 722545 399826
386 759152 375033
387 963571 388600
388 877897 346067
389 423625 747216
390 378755 728360
391 656596 349854
392 687817 305346
393 687645 251344
394 769570 296154
395 750053 361004
396 330662 715026
397 665093 295874
398 753589 313418
399 871643 386780
400 310685 818257
401 947657 348312
402 376065 858608
403 1019583 350240
404 280628 746318
405 856051 411970
406 961069 294080
407 802667 224297
408 941413 404179
409 417090 758349
410 274394 769816
411 711410 341455
412 348086 752239
413 944882 315776
414 360001 656445
415 779010 258601
416 378347 796971
417 784935 376477
418 756628 286184
419 377738 720605
