NAME : portcgen-599-3316972
COMMENT : portcgen N=599, seed=3316972
TYPE : TSP
DIMENSION : 599
EDGE_WEIGHT_TYPE : EUC_2D
NODE_COORD_SECTION
1 51214 169106
2 837057 309272
3 184547 317267
4 883580 794943
5 167882 281716
6 170825 248444
7 933262 396945
8 14351 143892
9 812965 314574
10 894368 734914
11 172558 251107
12 234074 869472
13 -40252 163959
14 88331 276746
15 73406 167322
16 151094 291387
17 73527 246375
18 171173 235954
19 860630 767320
20 97734 280393
21 900940 392074
22 192110 968005
23 903788 740478
24 876603 767709
25 77978 196291
26 34366 271469
27 75892 157773
28 182071 341710
29 202853 929780
30 208344 997393
31 165893 211506
32 29176 246407
33 43141 146679
34 105776 842920
35 916933 775551
36 883113 410897
37 140157 878127
38 939305 806534
39 142040 1012233
40 236393 970638
41 210418 241820
42 18914 133766
43 885042 395562
44 14247 158813
45 162854 311681
46 166104 285364
47 866570 775727
48 857927 336575
49 92660 245148
50 124273 273371
51 158964 297390
52 146615 225813
53 178584 920521
54 872811 409454
55 842931 370811
56 133822 261285
57 123711 974670
58 809202 789913
59 62897 225438
60 777232 315759
61 139541 278718
62 855489 396520
63 872968 365734
64 880426 351393
65 53957 165350
66 907208 438986
67 184916 864446
68 821189 300901
69 194875 248833
70 -51104 177104
71 856555 847244
72 221490 838191
73 147102 881856
74 159211 945446
75 175362 920903
76 898517 372218
77 140851 248777
78 259811 913647
79 156505 201859
80 187714 351723
81 120524 279644
82 139461 267901
83 110104 944038
84 33365 252586
85 919460 715682
86 892219 761694
87 110853 210731
88 851091 834334
89 2689 200981
90 904605 328945
91 759603 765607
92 892604 717078
93 909469 836386
94 885327 409853
95 899641 734757
96 16592 131536
97 193907 985365
98 222994 989482
99 896008 685915
100 121942 933672
101 -34122 178246
102 187830 903492
103 848356 380168
104 852685 793337
105 -61946 177458
106 50384 163434
107 219069 977469
108 864528 817926
109 210228 933939
110 883357 354783
111 9584 238471
112 856971 277177
113 750654 313827
114 949971 824076
115 -38318 185201
116 832578 779097
117 -3375 258573
118 -45940 189209
119 781489 313289
120 957922 771072
121 20767 152460
122 23267 216309
123 905787 830946
124 158855 856378
125 183145 900916
126 155750 249173
127 885359 841108
128 -48789 162271
129 123362 943943
130 -85037 192073
131 893001 767993
132 923511 268074
133 47988 208444
134 918491 769023
135 834129 421387
136 199895 879430
137 -18857 204428
138 166669 845261
139 843489 384090
140 66423 342130
141 860169 359951
142 921337 423610
143 128911 288134
144 924732 832393
145 82845 91922
146 899378 343457
147 146778 286353
148 166066 245712
149 223509 878068
150 120366 248179
151 832575 338494
152 866871 343727
153 909678 816427
154 873651 402360
155 101991 936815
156 167407 236227
157 198046 205537
158 194831 323052
159 187156 243566
160 828861 845682
161 188180 979361
162 882710 763959
163 851495 722477
164 95095 296966
165 -10907 161660
166 140832 955318
167 19581 186164
168 127778 953623
169 200374 935878
170 877891 808170
171 129760 839736
172 854424 732997
173 843270 374815
174 83771 169326
175 876640 359986
176 924135 296846
177 69899 135828
178 890444 806070
179 877026 358473
180 152679 237770
181 43206 160766
182 -8399 131590
183 109818 284829
184 -24891 186924
185 852076 444870
186 32252 167909
187 851031 341573
188 5242 226680
189 20285 115033
190 2020 235572
191 909786 402518
192 27127 236853
193 -20117 144168
194 145367 947131
195 -2750 192821
196 933988 398102
197 977394 862133
198 54300 236025
199 146938 222395
200 136732 281489
201 -1107 223911
202 108508 237993
203 162992 209278
204 170846 870958
205 957302 390988
206 -8750 101332
207 950852 787653
208 888489 340754
209 -18733 130453
210 878409 249816
211 949125 359997
212 857138 752019
213 209947 901582
214 853351 405628
215 -60204 193603
216 -19597 226924
217 851639 779554
218 855940 386232
219 802316 303670
220 878357 782387
221 862348 309014
222 920228 847635
223 9119 144174
224 29457 256604
225 42920 173095
226 861030 391808
227 802391 261178
228 893503 701206
229 164715 226871
230 -251 177293
231 874257 737627
232 142438 981349
233 37939 150896
234 234283 968074
235 183123 292755
236 822228 287607
237 868776 770695
238 65166 943473
239 871973 703181
240 157317 940159
241 202400 947063
242 218662 918276
243 116003 278420
244 128164 304301
245 198803 871825
246 950172 386182
247 216885 870391
248 887398 801040
249 882861 773236
250 176949 237355
251 164090 1011238
252 888319 369686
253 127998 283237
254 203775 912133
255 24638 135455
256 935285 295159
257 914592 826520
258 940020 813213
259 836953 356047
260 908286 780459
261 -26869 208907
262 195924 940340
263 134727 909672
264 132949 973639
265 880461 400251
266 -23761 159705
267 40545 176044
268 -8946 142656
269 833830 435824
270 207836 908831
271 13051 130732
272 -9409 190849
273 21993 233642
274 839217 819942
275 936044 785015
276 841312 400263
277 2840 180427
278 761868 703680
279 108237 920811
280 210540 322642
281 918792 361174
282 156213 1045111
283 143745 924674
284 98641 271005
285 16790 269213
286 929979 384686
287 867859 762466
288 137639 895129
289 31027 158112
290 878089 381207
291 4041 161652
292 205054 880594
293 -10985 156045
294 871850 739176
295 894052 810892
296 909379 773160
297 96233 249820
298 213506 926648
299 -3276 165913
300 150474 972391
301 842975 398943
302 134000 292243
303 8446 200710
304 100395 276637
305 90180 175527
306 875868 386084
307 24941 185672
308 146285 260224
309 828371 783883
310 871201 363992
311 893332 795473
312 -32568 140172
313 154530 950533
314 847638 388453
315 124597 945930
316 -72476 150567
317 957059 849795
318 842659 370549
319 861142 420883
320 200061 872060
321 804139 340925
322 20059 179637
323 132158 272713
324 -77461 209887
325 894411 854768
326 908276 291732
327 97051 301461
328 898466 799504
329 166047 245716
330 862862 852169
331 237261 899692
332 132512 300988
333 909033 737385
334 126612 912847
335 820263 362616
336 255257 931907
337 118806 861596
338 77244 243106
339 -30400 138504
340 821411 341253
341 126433 302000
342 88974 942187
343 883245 695902
344 139189 990355
345 -22924 131267
346 29112 139988
347 24598 149880
348 10477 162550
349 137547 225036
350 910561 306289
351 902115 407657
352 906864 331588
353 -59057 244082
354 798929 364521
355 953752 382128
356 836199 408240
357 86470 292533
358 849634 696788
359 115599 336091
360 853478 810205
361 865953 770923
362 843320 796557
363 175231 276955
364 7932 312912
365 923134 377430
366 902124 860801
367 180527 878458
368 65426 147419
369 156541 962847
370 180408 861414
371 795356 399996
372 926087 335559
373 4636 152618
374 28342 151849
375 30880 316470
376 -21587 204049
377 844283 353612
378 875706 407568
379 860235 347276
380 896418 373877
381 891532 328238
382 131218 889273
383 897830 801515
384 848723 337089
385 191435 898243
386 878976 399871
387 780916 808718
388 171388 283480
389 895498 724902
390 853641 231424
391 175654 950622
392 190597 283358
393 195329 856431
394 54069 214223
395 -12876 206801
396 222448 205403
397 813553 779935
398 840002 306226
399 -26943 147897
400 878317 366945
401 23435 257154
402 889345 364692
403 127381 244528
404 882121 741414
405 908013 784528
406 893070 349735
407 808694 769698
408 152928 986441
409 191758 951343
410 23826 243389
411 24784 240363
412 215451 953330
413 136121 273306
414 878710 342995
415 192478 953255
416 132468 266999
417 130528 972357
418 900727 698282
419 121477 966156
420 192274 249939
421 894616 334620
422 200567 851253
423 888221 744474
424 156334 891070
425 855027 370196
426 859005 787433
427 164350 825596
428 930083 353442
429 191367 915868
430 165943 950275
431 105040 878311
432 147380 248730
433 212267 863640
434 792871 788117
435 789100 401896
436 940620 781370
437 881318 841692
438 902682 360389
439 135149 915262
440 823364 405267
441 201210 948902
442 856795 869396
443 845005 813400
444 -25292 149604
445 171054 252633
446 905264 764866
447 885894 800662
448 846153 319212
449 74510 130620
450 157661 868512
451 158551 873477
452 224566 953863
453 103095 926096
454 205466 881698
455 131959 929887
456 115582 193662
457 187918 214886
458 103196 333344
459 870885 791177
460 83870 266590
461 15187 216252
462 848646 409426
463 905363 740109
464 -6819 244808
465 7912 173880
466 239205 896269
467 834177 386817
468 855731 316893
469 6382 158596
470 -6962 177411
471 871373 806949
472 196691 908706
473 168399 890100
474 66108 179669
475 803355 841229
476 927736 793942
477 12330 132760
478 820518 368088
479 192115 873814
480 -19054 134245
481 159458 271318
482 850028 772080
483 126312 256235
484 -41495 197244
485 171881 902225
486 867771 803068
487 932943 841419
488 132955 1019260
489 175052 248336
490 879473 716652
491 60935 73704
492 -22655 162520
493 232293 977089
494 98461 311285
495 180177 952327
496 94775 237017
497 864319 372303
498 178581 305932
499 181243 879947
500 -44637 102951
501 865499 851217
502 897278 297219
503 9145 153861
504 -31503 125922
505 849666 427571
506 837866 798299
507 153888 328299
508 869311 351765
509 134376 974510
510 129022 871200
511 844795 360477
512 180519 344963
513 857609 741612
514 838751 311641
515 846137 324280
516 63779 273545
517 13018 203677
518 199787 915399
519 167841 290216
520 845575 788261
521 59358 166098
522 37543 202791
523 230325 260735
524 162012 914625
525 908352 345882
526 130115 297872
527 935842 744501
528 891415 776070
529 109462 271405
530 157140 307174
531 141811 307974
532 818409 800374
533 -6770 167071
534 224258 869208
535 883693 314601
536 106104 125307
537 239375 919923
538 908494 335794
539 191687 890041
540 155378 355780
541 171816 919536
542 838284 416551
543 871105 780541
544 809484 425280
545 833338 352045
546 186723 884269
547 894353 764058
548 147582 262269
549 867875 332058
550 822317 714895
551 825247 783979
552 33817 162820
553 117100 257264
554 -2461 156196
555 182623 304333
556 134206 991751
557 898382 373770
558 911280 827492
559 855712 344185
560 139412 880592
561 16523 217625
562 868031 378914
563 813215 375025
564 48304 164172
565 851190 814705
566 191995 909037
567 889067 778901
568 899423 393782
569 -19510 86355
570 182512 824496
571 -9757 174038
572 892299 385599
573 844912 371033
574 858870 352786
575 199230 168902
576 938173 829470
577 892422 363601
578 897270 394912
579 903853 292588
580 121249 258652
581 22998 249422
582 218008 932845
583 860943 416847
584 826632 388893
585 893947 821245
586 239676 266800
587 133825 204803
588 116597 275334
589 156495 911964
590 164878 1003001
591 49777 160688
592 836526 786499
593 131596 912353
594 -29804 211734
595 869787 813477
596 906178 787973
597 847356 352004
598 799684 382638
599 864729 754144
