NAME : portcgen-571-8439740
COMMENT : portcgen N=571, seed=8439740
TYPE : TSP
DIMENSION : 571
EDGE_WEIGHT_TYPE : EUC_2D
NODE_COORD_SECTION
1 5857 353342
2 562978 443312
3 851926 729247
4 794077 703985
5 917550 770733
6 502028 422216
7 -48051 464038
8 23210 368456
9 900230 741420
10 739469 757650
11 810634 784470
12 756815 778301
13 842574 792944
14 470482 459705
15 764295 733459
16 813490 811845
17 714112 676774
18 518141 488693
19 899493 739907
20 926307 774503
21 22231 488586
22 555360 477303
23 41296 461505
24 768358 761208
25 897411 820611
26 559278 463226
27 684745 788501
28 538889 442004
29 542280 470664
30 709838 803927
31 560572 441172
32 743504 810423
33 973999 792443
34 779946 837362
35 52341 460340
36 497177 454169
37 484038 581889
38 500167 502372
39 578510 551465
40 853471 734390
41 676628 702864
42 898582 739738
43 940035 738914
44 6508 381669
45 759867 718843
46 853788 798100
47 953390 767301
48 774260 690533
49 -5220 509640
50 761382 770631
51 842641 762454
52 56298 468115
53 945290 759868
54 3927 423497
55 96378 443100
56 804789 808637
57 29446 502948
58 38998 488499
59 560570 563370
60 -55457 506385
61 17649 399673
62 532578 471508
63 883354 708100
64 754120 735669
65 -5433 478177
66 734336 761433
67 -99600 457746
68 924926 693769
69 494891 558130
70 913003 747817
71 930668 730409
72 791922 700783
73 961862 720561
74 594891 401485
75 789753 813935
76 874642 839456
77 762209 685376
78 817492 763398
79 573903 468786
80 586756 498850
81 813923 731262
82 -12308 469335
83 567278 503395
84 108069 404187
85 573514 586640
86 927622 821057
87 780663 764848
88 547749 567567
89 60507 509749
90 874173 795699
91 837765 826538
92 536836 539167
93 765468 730607
94 68979 461758
95 629770 465223
96 830694 868496
97 932465 706771
98 769949 800301
99 877337 789366
100 -40134 437895
101 929354 758014
102 819661 808256
103 906793 807558
104 23403 410538
105 740762 736214
106 764052 741128
107 727423 798331
108 25191 404365
109 -7999 487540
110 767336 749481
111 680773 728001
112 828936 761872
113 715812 774583
114 691957 779256
115 909490 780088
116 109420 489631
117 -54516 468492
118 519082 451062
119 796394 811211
120 690231 819936
121 791691 707606
122 506759 528467
123 553871 471594
124 784484 779964
125 909334 824210
126 58677 383712
127 801040 705558
128 886796 762059
129 104696 358111
130 491529 491034
131 803346 699573
132 48232 441096
133 687911 780212
134 832035 731482
135 886128 776762
136 757676 711995
137 568394 490094
138 508355 567117
139 845886 749920
140 535763 527846
141 541565 502554
142 59396 423217
143 565820 502624
144 760597 627280
145 8249 465465
146 462844 438644
147 802573 782257
148 754312 795410
149 945356 756377
150 900307 772861
151 745944 720034
152 28619 446603
153 536395 508785
154 846960 810700
155 -2214 450332
156 831912 773476
157 885407 849172
158 767988 784310
159 840331 800551
160 932322 814123
161 896886 753652
162 499002 501261
163 888329 794560
164 725269 757525
165 26067 500298
166 780086 765210
167 546092 487796
168 22513 378797
169 506026 455403
170 29709 431727
171 653122 717615
172 558179 515849
173 598441 481039
174 846274 854787
175 907184 815420
176 796142 732590
177 929242 745404
178 726873 801361
179 802166 847198
180 25078 474795
181 545169 460631
182 674552 795062
183 917571 750408
184 886064 754768
185 394478 471895
186 556747 492881
187 526026 520206
188 894828 810847
189 885331 848035
190 927773 744455
191 577276 455734
192 116 418399
193 36925 497108
194 956325 723191
195 800288 803028
196 950824 760714
197 1284 488059
198 775259 768459
199 59247 450216
200 708859 830263
201 731007 744179
202 716473 744847
203 854352 778324
204 791917 781005
205 834521 762039
206 922139 788976
207 947549 721818
208 -13869 418508
209 26952 452467
210 33319 417701
211 643351 426010
212 781148 645115
213 852027 777451
214 39790 454623
215 551718 577309
216 782539 745416
217 539088 528368
218 821485 789111
219 21489 450780
220 772734 711493
221 499450 549312
222 826100 812924
223 779348 753852
224 523601 460722
225 959435 748309
226 679146 758456
227 536037 549807
228 803400 722455
229 54065 485902
230 940662 796209
231 583335 520655
232 787208 711578
233 5919 482082
234 551110 517423
235 552865 450739
236 -30601 421649
237 827334 784702
238 839548 773937
239 986236 823863
240 19943 450072
241 524686 485224
242 865107 768175
243 828463 711808
244 608486 516634
245 759302 717221
246 503725 463532
247 546596 527140
248 502629 603791
249 461595 516378
250 850644 785683
251 842242 751795
252 510311 439587
253 759846 790874
254 733849 734582
255 764436 786213
256 793607 779339
257 939405 731326
258 437844 449785
259 807387 815487
260 851676 758888
261 580247 528450
262 -9529 448133
263 25847 404101
264 544081 487002
265 36523 487192
266 528432 568119
267 726431 715543
268 29090 428782
269 984889 711813
270 874782 776023
271 564918 422818
272 729991 747456
273 868824 711068
274 -39868 468873
275 17217 452832
276 816837 784007
277 787048 715981
278 891295 851347
279 709613 802538
280 42915 515692
281 807668 796357
282 829428 822107
283 537884 441423
284 786632 799919
285 573212 499328
286 15032 459998
287 745762 883773
288 474212 458676
289 533397 498094
290 910341 800622
291 -12729 440772
292 518287 466517
293 -15003 396494
294 901054 792589
295 533300 482919
296 509290 600540
297 842329 831664
298 456591 503583
299 830905 679447
300 -21839 531409
301 887058 753514
302 966073 774306
303 765667 745744
304 482897 509238
305 70964 402069
306 529441 482229
307 921003 778949
308 763404 749308
309 907984 761799
310 40888 465485
311 765425 780171
312 879251 767711
313 720285 851922
314 64153 443314
315 963494 677967
316 928180 798648
317 570957 469924
318 960198 780764
319 30885 473003
320 -18629 498603
321 50964 492529
322 543036 457297
323 506509 475248
324 785149 742108
325 65866 495432
326 604710 485679
327 4237 406243
328 3124 496196
329 809570 767167
330 590518 449299
331 940180 730675
332 808380 800924
333 24996 488502
334 775433 820349
335 504577 447542
336 914785 783971
337 585990 514464
338 828625 783890
339 506157 494223
340 559537 513289
341 889308 777634
342 525765 596479
343 556542 437992
344 476922 493103
345 408840 547615
346 557941 511678
347 811749 821944
348 10566 480970
349 574030 459427
350 123974 471202
351 907000 737334
352 738286 728967
353 27024 379558
354 955762 763043
355 761336 718119
356 848862 724493
357 25266 446804
358 799730 835368
359 631199 696349
360 40968 446072
361 741459 755942
362 699766 723935
363 -5426 493705
364 964553 765712
365 564646 521184
366 490562 528520
367 840080 824525
368 809371 792219
369 526765 469105
370 878628 818360
371 843369 851839
372 856104 801917
373 705663 684749
374 729868 818013
375 92582 454641
376 116352 459696
377 -15323 484581
378 822800 817736
379 856616 751982
380 744273 722440
381 8882 543250
382 732143 789794
383 773952 786636
384 572484 547066
385 784935 739014
386 870457 771059
387 784113 713740
388 -1587 438286
389 909491 833806
390 21805 381503
391 775454 758541
392 499618 520824
393 750955 725878
394 887605 764281
395 573934 456121
396 550228 448301
397 451669 517093
398 961135 769961
399 867809 867721
400 819856 783688
401 799361 730334
402 619201 464762
403 56788 454129
404 736310 724837
405 753518 798478
406 561881 500857
407 840372 773350
408 7668 441029
409 803424 711863
410 34248 476670
411 928284 692812
412 -26994 435685
413 544817 522700
414 482725 441414
415 806249 726670
416 805644 780472
417 570306 493571
418 -12160 485584
419 917185 746197
420 -24506 473326
421 888097 686961
422 740973 775207
423 734067 753712
424 788122 749326
425 90836 353861
426 769731 770128
427 890277 716824
428 829802 761193
429 726047 814360
430 516973 483272
431 63373 407636
432 498698 465731
433 40996 456352
434 777659 800752
435 820552 740727
436 482550 557562
437 731021 740563
438 736184 847532
439 27114 515070
440 870178 709720
441 850748 890136
442 762878 874338
443 33152 496832
444 974260 749889
445 901224 774762
446 547032 443053
447 842806 752738
448 899631 859892
449 115415 478216
450 109529 479549
451 533128 460743
452 838739 783793
453 40862 526668
454 781272 805232
455 949614 711390
456 788278 769889
457 891755 774594
458 51167 374867
459 518885 420916
460 930254 811812
461 507191 455787
462 916120 753974
463 793944 814134
464 745976 767298
465 822461 755140
466 10891 408609
467 749187 715619
468 14499 497840
469 7965 422116
470 885374 791497
471 741887 743051
472 743203 796057
473 856868 657663
474 751901 788117
475 719035 722353
476 573065 504854
477 52906 473088
478 963236 699585
479 760963 759840
480 543661 480132
481 938590 733893
482 965642 719425
483 551745 487766
484 731222 753624
485 505681 477373
486 82181 456893
487 712973 856303
488 124509 489520
489 872553 773262
490 897018 796847
491 12806 462793
492 881648 769817
493 799950 719626
494 522590 432129
495 846510 881947
496 505890 450669
497 663800 551451
498 -11879 391843
499 946758 853151
500 782352 772693
501 947290 774302
502 912247 831435
503 853493 710745
504 570496 482446
505 685826 755177
506 695111 738658
507 77702 463874
508 878431 778164
509 484158 521303
510 575418 470250
511 832889 774512
512 758655 786366
513 930642 781411
514 -5425 477699
515 814791 651640
516 909232 816213
517 841504 808674
518 117584 395918
519 898298 787366
520 49103 391136
521 805679 679383
522 506875 575064
523 721041 798249
524 948772 764409
525 766684 807552
526 880474 772354
527 538134 491040
528 736217 646295
529 487104 527568
530 751228 812366
531 42460 457655
532 888328 755489
533 741289 747923
534 716148 806033
535 822351 817724
536 810210 784226
537 706291 797059
538 950798 768476
539 969542 836996
540 44482 437629
541 491278 532799
542 817060 760525
543 495524 389847
544 791048 685514
545 550775 469153
546 -43772 517931
547 716267 721099
548 816739 771375
549 870321 756855
550 606044 463964
551 854597 753626
552 82208 513887
553 576543 548698
554 797377 726169
555 523564 456190
556 777080 806954
557 523813 494936
558 751215 833312
559 747770 799415
560 495732 532770
561 1508 375819
562 748837 734393
563 840470 716058
564 793546 818500
565 51960 409646
566 790418 702200
567 948618 804024
568 802202 751857
569 820770 761360
570 956609 747029
571 -11972 475471
