NAME : portcgen-461-4515938
COMMENT : portcgen N=461, seed=4515938
TYPE : TSP
DIMENSION : 461
EDGE_WEIGHT_TYPE : EUC_2D
NODE_COORD_SECTION
1 876161 -10692
2 339940 525033
3 287039 594746
4 760796 -4545
5 301794 439922
6 227849 437106
7 892605 1680
8 946289 -1193
9 915635 141471
10 277982 345851
11 225330 403044
12 364700 606969
13 873230 88415
14 224630 630217
15 833499 3649
16 252325 594724
17 892641 -76117
18 832523 -29672
19 850417 147749
20 868456 28771
21 873683 33219
22 632413 685496
23 216753 593297
24 887669 28070
25 770745 23437
26 336350 422028
27 344108 560868
28 257823 607772
29 347400 592614
30 894038 105454
31 863970 10389
32 303078 603131
33 777036 24130
34 290276 421309
35 592569 665160
36 282527 451239
37 252976 588933
38 592988 673084
39 780925 -19786
40 939273 35293
41 313684 441458
42 566440 682233
43 252592 620676
44 302409 601060
45 290690 548817
46 796803 -4139
47 318643 530479
48 815587 12094
49 513262 607494
50 909622 -36092
51 209392 602142
52 222821 632476
53 322103 640642
54 313180 399584
55 298012 374677
56 330452 618779
57 815424 7306
58 275688 648400
59 567623 615830
60 275268 581040
61 841651 -20298
62 880756 -29923
63 193336 396729
64 329548 485287
65 323240 471202
66 320717 418996
67 310685 523564
68 860045 40009
69 322611 414605
70 326300 635621
71 513861 609752
72 380133 431111
73 868099 79332
74 361531 427467
75 560126 668491
76 559493 545764
77 330400 549578
78 917283 78437
79 241426 489401
80 656623 681149
81 315835 466137
82 601183 672648
83 870081 4853
84 878115 97781
85 289547 374280
86 350290 617596
87 314715 670573
88 827478 136920
89 612985 596621
90 300112 384033
91 257080 596185
92 845392 41743
93 305320 510643
94 324682 537241
95 253580 464157
96 941836 39577
97 222522 563601
98 916552 125464
99 825819 107898
100 282821 443458
101 327654 463992
102 338775 569755
103 510388 623125
104 796914 80836
105 531669 688062
106 531988 596141
107 356015 562307
108 889807 10112
109 646144 591612
110 363453 644362
111 232574 374593
112 286052 499234
113 338266 473843
114 348804 503933
115 325157 319438
116 884018 -12971
117 297094 531882
118 798636 -14633
119 876292 -19399
120 850623 59741
121 308749 610835
122 855777 91541
123 387626 547373
124 864400 52370
125 588980 625777
126 361491 545514
127 329707 462587
128 279714 517714
129 217905 388297
130 255231 464124
131 842521 91087
132 931008 489
133 304798 405144
134 583293 585223
135 392887 507554
136 202053 539336
137 600328 618352
138 602141 633735
139 352485 538582
140 354957 328149
141 524562 662424
142 814793 45036
143 815015 -45666
144 527199 667475
145 304168 514128
146 285332 539692
147 279804 347214
148 941185 -5097
149 301809 459226
150 631195 618225
151 294931 626543
152 819885 -33653
153 230173 357216
154 584097 674785
155 862584 117924
156 592625 654937
157 292676 675875
158 617363 596781
159 942101 73606
160 851521 58440
161 527918 566705
162 835310 -3314
163 327745 505260
164 297901 398546
165 822346 60784
166 374733 641850
167 559908 592291
168 278152 566926
169 843762 -2797
170 366678 699815
171 826465 61977
172 322772 367539
173 318659 354379
174 237419 551861
175 578730 684516
176 891598 57978
177 321658 420192
178 354996 515363
179 573146 703809
180 841265 173519
181 241888 431580
182 833737 88082
183 499824 672157
184 248287 579666
185 292894 493053
186 233180 505145
187 394934 344513
188 583003 645257
189 613951 591546
190 249152 621811
191 848921 100833
192 298632 569229
193 405689 446923
194 539800 591833
195 263580 608610
196 346981 435508
197 389426 608247
198 303170 634989
199 822399 15627
200 341063 470443
201 322125 554347
202 846173 63290
203 541622 637971
204 547562 591682
205 309343 460418
206 575929 581358
207 891689 -24640
208 531676 617940
209 252946 404135
210 920130 10564
211 236436 586281
212 905111 43165
213 289569 369856
214 815567 24318
215 344590 597416
216 546397 631919
217 619088 592519
218 846595 73738
219 226626 601880
220 385299 539102
221 605246 609037
222 299788 528031
223 307223 409205
224 285663 616262
225 246179 407211
226 328786 520921
227 232569 364352
228 593508 610486
229 936476 51888
230 239930 652981
231 528491 611759
232 579205 707429
233 918950 39323
234 596914 669050
235 919471 -44318
236 289288 396438
237 256884 469471
238 568609 599062
239 888982 65809
240 314707 504030
241 312367 523991
242 329378 625291
243 290296 550460
244 548930 682465
245 299545 453886
246 255196 369724
247 216729 622092
248 281012 443258
249 589732 659073
250 866387 -43977
251 286449 653539
252 562250 614003
253 915120 -58625
254 219270 396129
255 525779 597080
256 385909 544277
257 884121 -45937
258 387549 586947
259 835173 52097
260 849132 39490
261 843574 -61409
262 278914 586356
263 297388 614590
264 281162 546934
265 960942 -51784
266 287914 577531
267 199904 551139
268 298822 586635
269 599626 647214
270 867344 99159
271 359480 426507
272 570937 621333
273 591962 698357
274 842280 82658
275 347926 423007
276 530535 603152
277 508873 609971
278 431776 663024
279 583097 676263
280 577065 525570
281 606599 674058
282 516319 634086
283 879489 -15029
284 884680 34016
285 897656 57049
286 900051 -17366
287 284514 407812
288 556936 561936
289 353485 622193
290 412678 353091
291 623343 632839
292 262359 620670
293 518844 577800
294 324784 555176
295 804025 47311
296 960403 7067
297 296992 539163
298 253737 484643
299 811413 1645
300 336274 321799
301 310608 369450
302 843806 -2679
303 322159 567938
304 588184 618555
305 369714 451569
306 323368 472187
307 634099 658901
308 331324 402518
309 911559 80006
310 884445 10616
311 519511 635289
312 833996 93711
313 310591 429237
314 849793 -21469
315 341732 343881
316 570616 541906
317 811700 102534
318 296600 495167
319 309664 532263
320 913582 -17359
321 869324 86663
322 829220 30189
323 243736 569793
324 729758 95652
325 308474 405099
326 903580 70193
327 849918 15120
328 223262 467383
329 819819 3776
330 864812 71124
331 928056 11592
332 658744 623721
333 369390 443460
334 330509 526633
335 295791 475748
336 879885 38144
337 336076 447695
338 562945 621126
339 539301 684483
340 579469 736261
341 312571 623604
342 352677 390346
343 344003 678093
344 718783 6600
345 304373 609455
346 286295 518783
347 829866 11078
348 332162 451300
349 846861 -5231
350 859134 -128527
351 275421 464659
352 784475 21004
353 315610 474343
354 626246 636332
355 214699 678045
356 286926 389619
357 257473 408442
358 796931 -84402
359 554056 688363
360 388883 607175
361 611468 612262
362 327455 379713
363 835160 18037
364 857986 40850
365 326518 384945
366 945234 72445
367 232112 603011
368 212197 475992
369 537010 610153
370 587383 638597
371 611614 583718
372 306069 633478
373 896101 12583
374 333549 603158
375 651267 699189
376 803486 28362
377 358192 520240
378 367946 494546
379 926741 65918
380 357641 413686
381 303868 548902
382 831776 35849
383 341386 386325
384 306894 533141
385 333261 444204
386 874450 6002
387 587656 655143
388 292933 577908
389 299730 424641
390 346112 375421
391 304909 654594
392 348324 445454
393 312438 600087
394 811081 34007
395 350869 504680
396 381258 570054
397 286469 493669
398 542717 622620
399 605668 618617
400 571005 684164
401 612897 656720
402 888904 33077
403 418284 421532
404 589816 674671
405 311201 350927
406 568309 682361
407 312530 568894
408 241519 416922
409 314500 410062
410 373225 606384
411 314616 417661
412 330819 627023
413 696279 686676
414 601494 581247
415 373545 504672
416 297480 616473
417 659866 615269
418 534795 625038
419 362619 324232
420 319999 661821
421 335665 331069
422 873376 49280
423 253114 398584
424 574219 626311
425 418202 410443
426 796180 -7327
427 206944 357286
428 502088 598899
429 252552 418182
430 625270 664504
431 857739 82344
432 594365 564721
433 262429 423181
434 290539 596728
435 862204 39972
436 574337 625955
437 335934 446182
438 244083 618944
439 560661 617117
440 268927 515197
441 345773 521980
442 226481 309224
443 517066 636536
444 624125 634341
445 284718 309989
446 815467 127628
447 305484 637830
448 291288 643985
449 307272 518303
450 529489 669223
451 878321 20897
452 835510 32468
453 300099 610010
454 848757 -14399
455 327608 621317
456 339280 550766
457 881771 129381
458 585378 645542
459 326251 581374
460 505789 625024
461 932823 64514
