NAME : portcgen-433-8560335
COMMENT : portcgen N=433, seed=8560335
TYPE : TSP
DIMENSION : 433
EDGE_WEIGHT_TYPE : EUC_2D
NODE_COORD_SECTION
1 -9980 329893
2 952031 20814
3 993932 195613
4 980133 18005
5 405954 776679
6 1025407 56813
7 966372 -277
8 1019496 114676
9 64207 360778
10 1004069 119304
11 922347 108041
12 911674 44389
13 474654 100642
14 305681 912120
15 318349 72993
16 357265 110143
17 306749 71618
18 1025758 92190
19 364002 8725
20 202209 318761
21 936328 65129
22 1057704 98167
23 997835 42619
24 335836 907517
25 362045 116389
26 156015 288851
27 293932 104171
28 73261 397119
29 1029552 86158
30 930903 -39924
31 188638 355480
32 113155 376951
33 295269 130388
34 330545 182581
35 308125 822404
36 391292 96125
37 988048 56600
38 113160 369442
39 392633 885048
40 290972 874434
41 361091 931649
42 331565 104552
43 346483 812119
44 988221 133018
45 237873 958521
46 338857 93883
47 92975 402386
48 325986 896515
49 396911 112806
50 146713 339268
51 92271 416277
52 408208 857852
53 389148 894626
54 929923 47939
55 1002810 30310
56 928984 41721
57 349648 189120
58 26820 403088
59 1040474 29121
60 330884 69176
61 109941 333726
62 309211 866374
63 406982 968726
64 268454 12367
65 352414 150391
66 427927 981105
67 360489 127604
68 252908 840108
69 349458 167858
70 133877 338395
71 320956 883822
72 364997 190975
73 296752 161524
74 317111 918779
75 447771 965973
76 103251 376980
77 1013643 91318
78 101923 392660
79 1036503 133186
80 360340 -2066
81 920512 24962
82 982721 73928
83 121855 323806
84 977350 69739
85 284433 72644
86 396063 50568
87 1046780 115573
88 130062 275217
89 128573 327338
90 310734 56539
91 293290 134197
92 994662 85844
93 966340 158595
94 343855 898990
95 300176 51297
96 314355 115505
97 365273 858503
98 147630 300603
99 923091 52648
100 302942 916622
101 951905 -3041
102 356151 101604
103 94525 273729
104 300494 78660
105 26549 418847
106 62409 305644
107 100441 342878
108 363694 952463
109 181753 300925
110 964366 62125
111 145846 298531
112 326025 134325
113 346724 962270
114 396834 153557
115 430705 155454
116 186473 306777
117 350853 860019
118 129961 329835
119 348626 894554
120 985931 47744
121 1024405 96690
122 356086 122272
123 394173 95481
124 995760 65912
125 343034 161947
126 966578 75075
127 254826 135244
128 16025 264754
129 986579 153704
130 1049624 5454
131 1048775 27036
132 385743 114213
133 995780 5839
134 110617 417396
135 292358 862792
136 64839 373190
137 397396 960825
138 363604 20446
139 237167 967521
140 349349 946533
141 118757 288466
142 339549 130593
143 309947 46044
144 1046285 3636
145 430596 76343
146 928383 53606
147 373080 116500
148 309410 172426
149 58808 269177
150 152844 371182
151 85569 361347
152 26999 428812
153 111902 242484
154 345175 809567
155 995848 138282
156 130951 404237
157 353946 895406
158 916381 21306
159 367709 111303
160 302418 901119
161 139697 320575
162 86717 307231
163 95377 304632
164 1082797 62517
165 384209 123514
166 325087 966039
167 896235 25825
168 320896 857308
169 104061 303959
170 435008 797952
171 981982 24439
172 321148 919216
173 346127 911920
174 270169 863914
175 374967 890293
176 905438 110855
177 313832 881542
178 323568 954283
179 334288 46821
180 122373 401478
181 44162 322601
182 359771 160161
183 312984 76526
184 312375 918061
185 330308 955014
186 302550 952010
187 287944 191897
188 271205 854882
189 180228 406097
190 129164 351514
191 394186 884351
192 283559 145991
193 74965 376973
194 100669 333564
195 329865 951303
196 402312 112064
197 20216 286940
198 433872 829972
199 419615 74544
200 113235 342766
201 311193 910202
202 97309 429949
203 396515 908102
204 934099 34539
205 296587 877748
206 390257 138874
207 368881 80760
208 334544 111491
209 968918 21010
210 294959 955727
211 331247 101558
212 352511 138767
213 394387 971400
214 312511 34158
215 63550 345127
216 1008004 134072
217 76420 350598
218 106320 283057
219 995585 5181
220 414750 924372
221 373963 926990
222 313990 911161
223 1010131 145171
224 976567 102244
225 276976 880916
226 976601 116943
227 370693 158856
228 340304 958473
229 331395 50990
230 168205 367316
231 960093 142726
232 80171 374137
233 366016 25345
234 976204 85772
235 295246 57251
236 393339 876321
237 142651 499096
238 923831 46949
239 987788 40305
240 1029798 72508
241 365336 75023
242 410495 860337
243 88678 352675
244 938508 75716
245 338177 90041
246 91186 357272
247 21116 364795
248 338375 818121
249 1019726 90197
250 1005419 98535
251 365430 155247
252 48341 371720
253 986068 106414
254 397743 903541
255 961725 80763
256 1072328 48705
257 370175 104399
258 342775 921843
259 388172 969362
260 384112 913642
261 429262 144052
262 131937 302254
263 108791 366975
264 378340 166657
265 1015369 74278
266 144954 330399
267 297923 172825
268 187924 930735
269 346819 860983
270 290413 72837
271 362569 130373
272 70151 370093
273 373729 67707
274 369645 972958
275 297208 162282
276 39896 330843
277 405738 899738
278 111642 311814
279 988475 96550
280 326803 122094
281 329928 177015
282 1039691 61396
283 303745 79220
284 1005440 35550
285 267530 806188
286 1090355 70046
287 95056 304479
288 419751 861870
289 399205 152294
290 343833 15217
291 122046 416989
292 340145 194793
293 1008200 57981
294 1035179 99800
295 335505 875324
296 972990 103263
297 1072225 101051
298 448725 862620
299 117253 414380
300 424130 130427
301 1035847 39448
302 264431 181536
303 49211 367579
304 399517 880687
305 913903 107105
306 331732 903902
307 135376 345697
308 327944 98832
309 1043079 86451
310 393147 996908
311 63655 329078
312 436041 119272
313 1006463 114280
314 354820 142373
315 148648 333582
316 359050 870988
317 342169 107170
318 383407 833593
319 278519 898943
320 -7377 305076
321 83469 350203
322 1004486 -79604
323 364994 204206
324 323169 901044
325 295701 956107
326 97098 338468
327 352497 113979
328 308619 874415
329 984749 30184
330 384789 82216
331 323062 832901
332 226227 974768
333 992057 32192
334 401330 977815
335 336270 136424
336 264759 99662
337 1062975 62141
338 375951 125367
339 282993 846210
340 228837 864900
341 1028391 115609
342 64064 298338
343 319107 146211
344 354088 88656
345 235613 821003
346 108902 422121
347 276956 100670
348 279539 855447
349 18914 308633
350 1016858 20549
351 264083 976950
352 955068 106737
353 73738 366086
354 356456 143413
355 372569 859061
356 347543 859900
357 76698 385038
358 286035 67579
359 370372 146770
360 59332 259874
361 354547 155906
362 1038118 -14410
363 1049102 95941
364 352213 101127
365 951076 110782
366 76404 291337
367 970622 102688
368 1031967 54263
369 258779 174230
370 384385 158547
371 367132 806155
372 379571 102797
373 963984 148572
374 125643 345235
375 390033 67981
376 90245 326768
377 1018061 146921
378 953173 100260
379 54638 391003
380 970055 83412
381 402571 921958
382 1050122 125617
383 312342 888430
384 988975 101309
385 57709 339765
386 380931 71806
387 160382 318698
388 1001090 52489
389 145846 316956
390 950097 46264
391 1061533 75059
392 431459 99850
393 975205 78625
394 124859 314458
395 921403 72514
396 341718 199901
397 461771 225783
398 131365 373522
399 415668 957117
400 438369 123126
401 1055751 36855
402 130364 292681
403 311908 69387
404 378053 58543
405 366643 932164
406 107517 311338
407 401271 880428
408 89276 317243
409 -24538 346111
410 147353 411707
411 495770 148941
412 9472 331996
413 953222 99109
414 295962 835295
415 313935 54812
416 296933 138715
417 378454 867695
418 383493 932827
419 296147 794746
420 372963 115226
421 57892 358647
422 106077 334295
423 371827 872017
424 322631 85732
425 135515 375556
426 325945 73530
427 321054 912154
428 962451 33020
429 338946 123884
430 313117 922287
431 282908 833601
432 404952 931080
433 130006 341616
