NAME : portcgen-541-9295642
COMMENT : portcgen N=541, seed=9295642
TYPE : TSP
DIMENSION : 541
EDGE_WEIGHT_TYPE : EUC_2D
NODE_COORD_SECTION
1 92216 275596
2 968419 388223
3 529905 385747
4 111681 262166
5 559380 334730
6 510535 663794
7 69865 336343
8 430031 710655
9 112910 312546
10 559827 383122
11 480551 659742
12 369995 534963
13 527597 373808
14 964206 457132
15 491054 678351
16 1017971 322392
17 982127 370452
18 525152 368310
19 530129 381011
20 1039763 365969
21 1041444 416342
22 480852 484004
23 985770 392324
24 403804 470157
25 526863 429734
26 62959 297809
27 528190 648043
28 125722 265698
29 419177 647190
30 989132 482362
31 547648 674716
32 545401 434006
33 971065 363811
34 534765 370720
35 555420 435232
36 437555 516835
37 964118 461776
38 472220 638144
39 72196 194391
40 379528 466385
41 444091 647417
42 957061 440672
43 1015391 418850
44 453582 633530
45 1042805 394245
46 1000175 394898
47 368094 493676
48 420649 481120
49 116498 271998
50 532315 385241
51 85306 367308
52 573566 404441
53 546822 369388
54 991592 370450
55 8464 311599
56 76182 249779
57 393884 420374
58 929891 381557
59 952433 382438
60 447524 469023
61 980436 447686
62 488193 772083
63 562882 627592
64 91547 233742
65 582997 669063
66 121141 389938
67 57213 327994
68 599516 337111
69 471191 648610
70 494731 684741
71 37049 245621
72 412308 450270
73 477517 430140
74 423331 472573
75 519707 674184
76 961941 410296
77 493637 391092
78 401483 412574
79 943972 463050
80 996520 392495
81 459006 318698
82 531706 695494
83 536679 454711
84 496719 651234
85 354121 445223
86 472765 647250
87 439129 491567
88 476466 414712
89 120087 325013
90 118935 280037
91 520841 656192
92 999359 421043
93 521573 680076
94 478793 447378
95 564652 283542
96 547049 366892
97 966268 354780
98 391799 502086
99 561065 359910
100 49013 217819
101 406566 518338
102 381992 417710
103 498744 671164
104 980041 414290
105 563999 708025
106 26997 247937
107 385039 432325
108 431375 511606
109 51914 289019
110 92231 346111
111 948632 364302
112 1018456 411648
113 496711 661217
114 946824 375943
115 98851 317580
116 1003761 401930
117 454594 717707
118 505461 677947
119 378462 458798
120 540188 408273
121 1018378 399084
122 525513 673459
123 1007755 441007
124 43599 337518
125 59155 220627
126 570350 395314
127 96440 285330
128 1040393 402757
129 500027 442931
130 378419 427955
131 456613 616744
132 462457 699513
133 1028183 383670
134 553538 353619
135 384851 481573
136 444287 633249
137 1020279 397249
138 952072 374468
139 418524 598980
140 54644 187317
141 520370 695815
142 549499 284053
143 974271 345805
144 348761 510319
145 500343 755122
146 1004448 404037
147 74205 236181
148 437106 334061
149 573433 322546
150 373620 467825
151 356549 431955
152 54877 228246
153 486596 726649
154 505285 606444
155 437012 356777
156 65278 369614
157 113657 316963
158 974977 439350
159 123049 314253
160 961106 433841
161 910457 422199
162 524470 341169
163 115805 307283
164 538305 717034
165 349100 509093
166 528402 347864
167 549430 674509
168 342732 492364
169 323575 364103
170 153659 244197
171 469735 314668
172 453303 407985
173 479086 715323
174 331840 395325
175 555911 418327
176 40740 254301
177 1003636 393450
178 404879 469026
179 441663 707238
180 86058 359899
181 319038 443084
182 1042608 349777
183 442056 476027
184 395460 487880
185 407441 343062
186 559811 324523
187 553062 386025
188 508424 348745
189 510812 640595
190 1030570 368286
191 575146 287088
192 489761 651540
193 66016 297451
194 474876 633961
195 1021416 334233
196 482555 670485
197 472623 481119
198 83841 277899
199 12118 245636
200 560485 428100
201 103961 251892
202 488662 633207
203 351030 512647
204 91147 327037
205 478484 679719
206 1032775 350426
207 363123 473779
208 462775 723168
209 53315 289758
210 571292 639885
211 1050115 415677
212 977036 439631
213 113387 149650
214 366135 542837
215 106332 292292
216 446878 438230
217 488355 646177
218 360934 388947
219 400395 440036
220 513480 414896
221 354366 457516
222 116339 348404
223 66501 305618
224 994129 422737
225 937144 460438
226 980222 369948
227 70774 330825
228 521941 402317
229 532524 335420
230 433243 525136
231 461574 300448
232 520533 461073
233 487983 442153
234 349255 345238
235 380144 457897
236 454900 430388
237 26467 190743
238 128736 258258
239 526584 370950
240 508684 680041
241 549335 434292
242 389875 465841
243 996826 417236
244 93301 209663
245 425431 440204
246 519594 305592
247 44635 172940
248 497227 660935
249 507743 657736
250 517407 433661
251 535895 368491
252 494790 687024
253 519580 623788
254 434927 434196
255 98225 259057
256 164000 245683
257 590576 376069
258 1020988 359067
259 383023 469928
260 479978 393231
261 112594 258523
262 973687 398789
263 410997 492714
264 443273 325007
265 453735 660758
266 549869 629730
267 1047309 483230
268 101997 260105
269 363825 491769
270 978080 408958
271 509575 710275
272 396619 461368
273 581572 400170
274 346509 535394
275 1041838 460475
276 125332 249176
277 498929 559332
278 1022284 338225
279 541649 427303
280 498549 647249
281 397330 423110
282 1024636 454696
283 502939 428905
284 513496 621705
285 975787 393103
286 964069 368341
287 335007 423283
288 512265 335360
289 994541 389208
290 573556 723697
291 507803 292565
292 85920 286261
293 54590 234155
294 183452 294828
295 552251 330046
296 1030987 362737
297 496572 706647
298 470065 638702
299 473759 451135
300 499547 294673
301 436501 329869
302 532105 330307
303 1015828 385304
304 510247 386064
305 967014 415541
306 998786 451901
307 78729 153451
308 491903 688875
309 952850 377600
310 355488 389213
311 507122 461255
312 343202 404084
313 957099 395608
314 117013 304032
315 422405 462177
316 528591 420678
317 102860 298687
318 423941 446993
319 972595 356437
320 72483 346609
321 56175 240389
322 464902 491429
323 1009716 434630
324 356199 450413
325 436910 656631
326 363765 447377
327 323510 466629
328 1028661 491601
329 554634 351139
330 1014885 455457
331 376656 453125
332 516827 667302
333 588093 371923
334 85597 207896
335 136941 264271
336 546591 328043
337 935085 399099
338 423671 388494
339 398810 527577
340 30608 267124
341 92360 280355
342 138719 312526
343 332584 456552
344 974948 422456
345 58016 272398
346 1070783 433931
347 537919 681998
348 521660 715122
349 107582 315198
350 433608 505748
351 513084 704662
352 377980 470238
353 471039 693060
354 517635 362415
355 479591 389034
356 1011542 344008
357 534323 759059
358 400787 463371
359 409571 458987
360 980669 360201
361 961383 397921
362 1009969 400446
363 391248 586159
364 88438 307124
365 493105 371301
366 99960 295411
367 1033015 446560
368 488994 736246
369 610660 354178
370 549632 365587
371 581305 406964
372 1033897 365825
373 505555 704097
374 494484 383676
375 1059915 416999
376 490186 666792
377 419394 540349
378 535672 314190
379 516671 364944
380 467813 658006
381 102176 266858
382 365809 437128
383 1018725 391898
384 1020354 362580
385 1018065 350575
386 71350 277142
387 452336 641422
388 95291 343992
389 1053025 395128
390 950209 470944
391 454411 647130
392 492386 366296
393 332206 408201
394 855842 343726
395 482072 701558
396 438498 416947
397 983574 420781
398 889276 456860
399 119299 343366
400 367487 489118
401 433079 476272
402 68538 206519
403 495409 253678
404 511008 699497
405 382849 480652
406 1002907 424444
407 556313 435159
408 531745 598332
409 1029028 406319
410 112854 328646
411 500476 694579
412 94053 335542
413 403554 483074
414 84272 255353
415 78144 268092
416 1003124 368343
417 55583 227857
418 471984 693467
419 56062 287080
420 433616 436176
421 446584 677411
422 494128 320044
423 528449 395887
424 988154 378112
425 467663 655017
426 989525 384690
427 495461 672886
428 24267 245173
429 549609 344670
430 496510 345161
431 470957 626206
432 303110 423554
433 529459 456146
434 969363 472140
435 562010 291054
436 500537 341816
437 451265 644524
438 469503 390390
439 492011 371598
440 570582 409624
441 76670 235155
442 476653 468039
443 138971 321292
444 50535 294259
445 91772 318827
446 502176 648818
447 281189 366503
448 418371 637400
449 507377 391289
450 494455 379616
451 71654 229484
452 110329 293487
453 488370 298706
454 509359 651161
455 390642 554908
456 420817 529494
457 520916 629520
458 530804 323907
459 521460 599997
460 62925 345767
461 994855 446698
462 1072678 328475
463 462118 369112
464 547632 433493
465 440914 701913
466 528788 695523
467 1013364 392062
468 1008830 418496
469 532641 672659
470 560032 417304
471 93747 326147
472 545735 390291
473 499915 356737
474 963237 376725
475 1022665 376997
476 945298 375920
477 417407 636029
478 364617 428828
479 1011632 401999
480 481676 426008
481 300866 563791
482 469835 509362
483 1001017 390532
484 458749 660788
485 48295 284725
486 30599 290179
487 437628 452019
488 504992 321805
489 410714 680418
490 435723 474212
491 507252 673887
492 443866 457563
493 408419 452819
494 994964 520572
495 1088630 363844
496 68070 295546
497 497244 390812
498 481802 594478
499 605074 412722
500 1001409 379993
501 507156 490435
502 62782 226822
503 420711 376695
504 470770 425917
505 962635 420530
506 527287 407301
507 79501 281346
508 559334 353375
509 1000462 381892
510 495220 661188
511 53001 300068
512 366480 548820
513 1070890 303967
514 996711 430832
515 417585 424525
516 117545 228471
517 999673 385255
518 63238 193987
519 502531 664287
520 470786 440413
521 481964 669934
522 504267 669457
523 374581 432900
524 483960 344429
525 501548 406759
526 454270 666014
527 348255 457843
528 466581 702800
529 977097 395297
530 543463 378560
531 552866 369634
532 550779 630883
533 461630 348220
534 951593 387704
535 -30060 265564
536 506035 329106
537 412544 420482
538 398234 474392
539 355739 501717
540 475496 390321
541 323562 558040
