NAME : portcgen-543-3962472
COMMENT : portcgen N=543, seed=3962472
TYPE : TSP
DIMENSION : 543
EDGE_WEIGHT_TYPE : EUC_2D
NODE_COORD_SECTION
1 844466 255028
2 219563 781284
3 921261 102966
4 146916 753471
5 850649 242110
6 893156 179849
7 797531 92876
8 243612 766554
9 304663 558464
10 550951 534630
11 489158 483390
12 491621 451503
13 799868 190649
14 466266 500344
15 449206 549265
16 612402 494104
17 896228 96939
18 808565 70488
19 273613 802051
20 240848 426414
21 784280 30167
22 282909 490541
23 189845 793382
24 825020 293311
25 269234 525137
26 319840 457305
27 232415 804545
28 441917 506471
29 820814 164911
30 294660 818789
31 278438 819476
32 259347 432683
33 858695 188631
34 826804 76289
35 583833 548148
36 507233 397605
37 523921 458938
38 822102 166370
39 805328 232980
40 830181 215367
41 854406 114053
42 821333 299944
43 868013 272353
44 205872 548482
45 280579 480499
46 258993 775269
47 845593 163800
48 248498 463379
49 510148 534416
50 473654 529324
51 862478 97385
52 282534 785889
53 587009 493950
54 811781 69451
55 486767 420873
56 864079 89560
57 827635 152387
58 864860 7791
59 895305 238624
60 853850 194102
61 820654 140439
62 214484 518262
63 259296 738694
64 755396 83549
65 268320 787545
66 165416 831755
67 221938 505677
68 775184 170951
69 790656 204949
70 257276 793400
71 294163 477120
72 872444 213229
73 514623 395564
74 891363 250346
75 868612 186273
76 302729 515885
77 294367 782686
78 509329 468026
79 924306 97871
80 545484 523992
81 327473 448109
82 249338 883307
83 466952 467199
84 184519 785938
85 558040 494842
86 221360 773015
87 553536 414627
88 232746 533207
89 907424 102176
90 266032 737796
91 471702 442136
92 271658 784883
93 339735 820772
94 800388 63000
95 314866 819514
96 238697 763359
97 399708 493768
98 866301 97272
99 811660 59512
100 296111 452253
101 488228 424651
102 254175 822937
103 859634 36669
104 219508 749326
105 296156 780314
106 838217 106786
107 263258 558562
108 868794 227519
109 856158 37675
110 818634 178483
111 317950 822868
112 860917 206722
113 926905 86232
114 842762 140104
115 847843 10900
116 532704 536790
117 874503 81718
118 895302 125724
119 306736 535355
120 175502 551321
121 772389 60533
122 245174 759119
123 483983 517678
124 474598 442471
125 894652 206415
126 870277 71275
127 474066 524681
128 260701 465520
129 291886 787221
130 386143 832323
131 475332 448394
132 496252 404565
133 289572 851348
134 292828 464335
135 474464 424730
136 310203 757782
137 502774 447223
138 206223 530262
139 475067 503089
140 496298 474885
141 470092 485299
142 278943 764541
143 815644 167098
144 490618 491561
145 872167 74466
146 847354 221786
147 271254 761916
148 870874 102896
149 489032 438757
150 479354 524131
151 539772 477007
152 825838 40076
153 815010 203493
154 569553 508961
155 867713 221188
156 271406 784907
157 212146 530620
158 226651 755569
159 201787 829489
160 467570 465796
161 322116 786551
162 847750 57795
163 310730 404810
164 890897 164306
165 312492 779301
166 277847 460057
167 269187 760966
168 258282 795694
169 901231 178877
170 844685 33704
171 247981 444221
172 321792 798978
173 241687 796380
174 490192 474768
175 230043 458167
176 296478 743227
177 217428 735391
178 839819 84038
179 863832 161828
180 855800 106290
181 243240 468719
182 220472 488962
183 923292 185473
184 282913 477272
185 279850 776465
186 920258 167955
187 775720 136812
188 540551 616746
189 208198 453040
190 918711 45679
191 909097 150934
192 167562 815177
193 863557 227049
194 227540 481328
195 211116 544280
196 281276 517995
197 855635 214949
198 316824 499969
199 780369 83837
200 845067 239916
201 208812 460992
202 859668 121250
203 788428 148446
204 261837 543409
205 458474 493970
206 799530 219916
207 217183 513731
208 470527 477927
209 818530 206857
210 866293 57346
211 283474 728539
212 296661 816230
213 509842 447133
214 512330 442988
215 298086 766100
216 815563 116474
217 837133 271572
218 825983 212277
219 901685 93358
220 818514 83716
221 269398 819093
222 766223 39843
223 255610 444726
224 294711 775405
225 866782 60903
226 815439 121656
227 275181 524784
228 838495 83655
229 279378 888802
230 441167 465694
231 859645 78449
232 223945 751199
233 811231 210752
234 330833 875623
235 809267 215022
236 766417 57975
237 517119 460505
238 297120 795960
239 282217 492762
240 225457 764063
241 310939 688333
242 269151 521487
243 315753 789887
244 509059 516277
245 314550 850972
246 251958 431999
247 259519 474409
248 897986 -15490
249 420367 532004
250 899187 18995
251 788596 -3348
252 545671 536440
253 269598 818316
254 167796 469152
255 211057 802513
256 481576 542153
257 232382 792756
258 536520 440063
259 865290 148163
260 849784 160063
261 874657 33972
262 220733 468523
263 271544 726956
264 836903 201493
265 831415 115812
266 944121 178079
267 909670 45048
268 780944 116666
269 840589 189105
270 219458 801697
271 195584 766310
272 739604 38157
273 254413 756592
274 900031 88350
275 494980 500987
276 484232 518378
277 519538 469815
278 333137 798150
279 883610 68688
280 791087 6206
281 856678 80392
282 530900 448558
283 818588 161437
284 879291 217360
285 817577 128317
286 818427 96263
287 819565 90291
288 927781 179380
289 295667 848546
290 288369 727519
291 524680 448842
292 523945 444179
293 532329 468220
294 275882 804242
295 312895 509352
296 301993 760652
297 787279 65655
298 269402 770786
299 218979 866886
300 514179 511760
301 473362 510219
302 849013 188730
303 241675 884838
304 314871 575824
305 230907 792384
306 501698 442546
307 438418 479503
308 268311 458598
309 586680 427837
310 843814 165471
311 266184 491581
312 849888 50124
313 207165 520587
314 271117 825562
315 803973 284980
316 224179 417362
317 209742 488474
318 551333 511287
319 508592 424514
320 820275 240253
321 870395 262935
322 513079 578515
323 199590 489737
324 556709 531819
325 241651 461147
326 250227 479818
327 286948 777743
328 307562 486994
329 943340 278212
330 322829 488638
331 531015 450404
332 296232 465427
333 374595 453555
334 902460 67251
335 802509 147908
336 829650 189474
337 225432 840840
338 250243 534396
339 239616 511721
340 861468 134354
341 855741 4529
342 834301 166880
343 898625 187909
344 848188 205606
345 260260 564564
346 234389 804178
347 793529 188973
348 766992 138235
349 299888 798084
350 503103 474598
351 766848 40201
352 288558 780346
353 287107 466304
354 185592 829370
355 276674 519944
356 431378 531860
357 216842 537120
358 827808 33352
359 306410 448036
360 245235 473700
361 867414 165936
362 449453 510089
363 766624 110070
364 467032 533482
365 868470 97335
366 273126 773329
367 256144 426705
368 877288 165180
369 481633 521996
370 432935 522009
371 485730 521155
372 852604 70714
373 868704 204607
374 258493 803485
375 830795 134590
376 245893 491123
377 907597 212054
378 807842 163002
379 806397 70687
380 872527 72185
381 894612 222707
382 295117 804684
383 517194 464368
384 261910 852091
385 886998 200481
386 845050 117997
387 819557 185340
388 304339 514134
389 490187 463980
390 225871 808495
391 308326 809641
392 499635 447973
393 129760 518804
394 295707 786402
395 307770 726848
396 542385 464001
397 283554 507538
398 272207 781851
399 251448 717394
400 574270 493674
401 328029 827745
402 793796 60144
403 311236 470857
404 849666 236500
405 263522 799302
406 813235 98122
407 212860 438863
408 340361 496517
409 311005 512161
410 287294 790797
411 819016 236494
412 871520 214661
413 352086 778564
414 806428 176005
415 272126 780887
416 895359 100141
417 830174 109376
418 798811 51352
419 885871 258610
420 252230 488624
421 526589 510056
422 164283 506184
423 811543 179146
424 305698 452461
425 578652 491798
426 226700 545442
427 323718 802013
428 435115 466736
429 306984 524391
430 806485 17938
431 236648 527700
432 839873 238885
433 788307 48281
434 279856 543635
435 307638 817885
436 443719 476281
437 469109 482285
438 221665 487794
439 329470 756900
440 823205 91388
441 843764 -32430
442 177164 861321
443 319653 763026
444 821691 65949
445 279771 475594
446 864726 34872
447 846810 115501
448 544289 494265
449 831093 114354
450 527842 470293
451 512428 533340
452 506419 532441
453 843673 88410
454 287165 545499
455 515197 575725
456 256898 844730
457 894633 199973
458 274678 492947
459 496828 437606
460 812667 36605
461 829276 43236
462 296145 865171
463 283370 833699
464 269916 359704
465 846124 166582
466 786277 114873
467 820087 135836
468 272660 535287
469 525669 512626
470 840595 260468
471 207169 734986
472 897303 88769
473 285568 793146
474 874607 125959
475 234599 549320
476 504709 557890
477 785214 89190
478 290507 529275
479 879529 68672
480 822187 55657
481 285601 465448
482 337677 720920
483 854769 153373
484 303201 497536
485 505318 492500
486 894988 57549
487 818224 256272
488 821283 221426
489 451231 421670
490 531493 514307
491 237450 519502
492 863136 92595
493 269645 490684
494 232259 781778
495 912918 182321
496 298507 552707
497 497854 525612
498 858480 195275
499 855313 201502
500 506543 453352
501 245308 541588
502 238188 495056
503 807550 245149
504 311696 535406
505 805955 42769
506 280329 826021
507 267602 851011
508 812102 197182
509 530807 511077
510 256174 795694
511 508916 534331
512 768725 118348
513 789580 134884
514 888908 43026
515 256432 776216
516 470696 510881
517 879207 214702
518 525466 475457
519 307877 469751
520 915885 192045
521 820911 212654
522 357889 429151
523 748264 85097
524 882710 214151
525 799053 168969
526 565078 472380
527 545128 456846
528 807417 58453
529 280166 477062
530 300469 790971
531 270530 469737
532 804350 72060
533 278273 789895
534 505997 539456
535 256431 550369
536 871725 73910
537 850265 200591
538 880517 92020
539 276361 871371
540 828351 147457
541 245868 497615
542 788495 200958
543 239248 536004
