NAME : portcgen-413-8905809
COMMENT : portcgen N=413, seed=8905809
TYPE : TSP
DIMENSION : 413
EDGE_WEIGHT_TYPE : EUC_2D
NODE_COORD_SECTION
1 216882 471765
2 161208 451560
3 615530 1011095
4 637841 960215
5 191017 377723
6 493088 47812
7 362934 28212
8 190153 419323
9 231039 466578
10 431498 144032
11 530497 876052
12 440660 -69832
13 427808 109177
14 382994 73232
15 359059 -32893
16 449573 17049
17 565701 976683
18 405125 4190
19 196788 460918
20 517954 25947
21 396561 67773
22 453779 105373
23 534195 953730
24 455669 100243
25 613923 879377
26 128058 438296
27 453466 80111
28 420132 176239
29 472491 917998
30 123734 467817
31 583054 913825
32 386775 27362
33 200459 458039
34 495399 121582
35 221670 417245
36 424153 55478
37 405452 8408
38 450289 186317
39 459801 52706
40 602079 965289
41 215374 380438
42 580066 997979
43 206581 509138
44 346323 65580
45 478124 111107
46 263199 431630
47 211070 394399
48 436824 76966
49 158115 388204
50 498990 67738
51 280094 53523
52 534625 972947
53 464869 100064
54 484738 111663
55 448851 62856
56 280075 379097
57 181901 545555
58 635226 963908
59 275170 393726
60 556947 989460
61 392471 30656
62 605041 958431
63 589289 936472
64 473974 44981
65 241626 507326
66 337702 79896
67 597793 991695
68 177611 476539
69 514214 905116
70 441394 4392
71 154894 404164
72 548429 969615
73 550264 955244
74 436235 111082
75 550446 976582
76 616082 952455
77 432678 105235
78 364139 95402
79 222577 458256
80 458470 82723
81 162248 403945
82 190077 422158
83 451875 101443
84 435631 30981
85 483193 921081
86 113373 369965
87 500561 1018042
88 484615 154787
89 609739 948259
90 390321 142238
91 361548 73783
92 571469 176443
93 611411 1057830
94 594766 891111
95 210192 376225
96 486328 147360
97 448211 89630
98 192767 500387
99 513598 1007545
100 520850 899866
101 177982 440459
102 370673 64776
103 343848 138714
104 419718 139267
105 403432 36073
106 170429 471477
107 200991 469663
108 203251 461306
109 456523 136707
110 614484 983432
111 548542 926942
112 421191 24818
113 392264 125056
114 609398 969457
115 250811 406830
116 433210 110190
117 149947 512601
118 582602 962143
119 218401 445091
120 446144 126717
121 464309 -3581
122 553629 1037164
123 389407 57779
124 392210 115930
125 553846 997213
126 236549 476740
127 473090 61930
128 238493 471354
129 204198 475858
130 133436 509677
131 392350 -27701
132 467199 144612
133 325532 -44784
134 471361 40564
135 336233 153943
136 457340 15283
137 418770 54951
138 533259 207395
139 470148 126640
140 599105 865370
141 477995 90223
142 414303 2470
143 549350 108561
144 477727 147082
145 652012 877339
146 440463 41796
147 185169 452571
148 407548 20789
149 319747 122282
150 469269 48490
151 434332 13810
152 621083 986477
153 511342 114931
154 374865 189557
155 474245 110893
156 208398 406847
157 433327 100763
158 420881 895
159 144629 407016
160 382708 118880
161 216467 421384
162 248396 382364
163 502333 998086
164 395763 48089
165 670651 868609
166 442330 50969
167 257242 516440
168 441004 35068
169 577658 1032513
170 180971 412721
171 95908 459047
172 158909 469709
173 344884 88171
174 469844 -21166
175 316465 124515
176 671086 943958
177 469887 69859
178 358760 99778
179 605255 990539
180 636414 932133
181 239501 498058
182 416419 148108
183 559031 949269
184 478091 151570
185 512667 126441
186 121791 421472
187 358064 73681
188 177838 318844
189 441497 4991
190 477765 120644
191 456276 92861
192 635944 971324
193 587374 945241
194 401415 -472
195 591585 1007925
196 422891 80506
197 483460 154451
198 556594 958709
199 437295 -31589
200 344189 112813
201 273493 465483
202 181937 434452
203 262489 455618
204 417519 67482
205 151752 494362
206 402270 102867
207 353911 122706
208 444157 141798
209 664415 1009538
210 450566 96291
211 579140 981572
212 391317 -21654
213 406082 -31597
214 551151 901644
215 199330 469588
216 158619 391447
217 637782 978969
218 544042 945948
219 609238 946409
220 286473 354433
221 579241 981208
222 229414 439453
223 188324 429295
224 595724 1015849
225 461490 54176
226 168791 418527
227 470103 51251
228 457834 65537
229 268381 67492
230 411230 33773
231 151990 505368
232 617828 953835
233 417351 30531
234 476561 182068
235 528152 96409
236 369925 97112
237 454959 142744
238 387786 94944
239 179023 473225
240 176210 474921
241 578798 903419
242 346267 84807
243 556086 949737
244 269276 486220
245 384418 49683
246 432312 26426
247 383923 4804
248 446022 163307
249 402041 -27323
250 641560 944395
251 491364 94722
252 188919 459631
253 122195 394312
254 513936 994420
255 410985 126376
256 582953 945801
257 583650 894553
258 370436 9682
259 209271 444559
260 396679 103809
261 246661 453934
262 233533 429512
263 180058 506467
264 388463 5543
265 171795 413636
266 470028 19699
267 172799 449619
268 395663 82278
269 592019 1022435
270 499613 47456
271 491238 836883
272 611591 928996
273 528755 930715
274 174692 408495
275 347931 60824
276 416766 100586
277 542477 962017
278 487453 91192
279 266227 363222
280 445674 92198
281 477307 69280
282 453140 126656
283 367882 6440
284 586812 1032546
285 382201 1286
286 201910 375552
287 463612 96193
288 583829 922660
289 491539 74527
290 478435 66360
291 404270 121696
292 426217 76987
293 393545 31229
294 580542 48913
295 540915 856547
296 227249 461955
297 436397 76204
298 483966 105137
299 473655 2917
300 527922 931449
301 518656 892809
302 489836 72515
303 417571 185476
304 491294 123190
305 426063 110667
306 622425 841237
307 661373 946786
308 585665 1010510
309 574323 945921
310 613661 922330
311 176505 408926
312 216715 447002
313 474737 14308
314 202312 390488
315 402737 61057
316 411993 60687
317 526366 118507
318 542374 138095
319 633607 948371
320 481818 -10523
321 505831 142264
322 481585 88636
323 517478 928264
324 141015 441450
325 454143 -7211
326 565987 1001728
327 634754 970432
328 609138 1018004
329 523167 150604
330 235067 469115
331 564249 941930
332 395836 -34389
333 460951 68745
334 441850 47834
335 204944 473655
336 431229 20956
337 392215 83129
338 543212 133220
339 424537 63275
340 623665 939048
341 462971 74326
342 225049 499717
343 496328 109298
344 619321 920049
345 564708 885565
346 450992 50364
347 615381 849931
348 583769 954149
349 642785 962851
350 391567 8168
351 554926 858209
352 622856 984267
353 487410 83940
354 537203 96482
355 465679 128319
356 416190 -2254
357 567331 962424
358 257244 528853
359 239287 511426
360 238643 454970
361 611715 924650
362 393233 35715
363 247566 354531
364 150668 529987
365 421343 5686
366 534496 896376
367 418497 26321
368 643175 931250
369 208749 386285
370 360941 29010
371 141441 486852
372 422127 47762
373 179139 375087
374 159757 462881
375 529461 968803
376 561345 984047
377 574918 955326
378 241246 487892
379 407241 -27206
380 439220 154964
381 652291 903741
382 172079 492536
383 327808 28500
384 404074 27544
385 558206 936802
386 309541 24834
387 439049 70609
388 577268 1033607
389 224085 424502
390 271678 453783
391 399970 96190
392 484969 57982
393 483465 140695
394 601450 968963
395 211407 311431
396 76685 517692
397 196132 484859
398 436568 93719
399 141270 385798
400 375664 154088
401 433506 116481
402 497963 884515
403 472407 22042
404 616233 948741
405 591894 1019125
406 161390 496049
407 482013 136364
408 623662 1003264
409 172976 445216
410 703173 942416
411 602807 874605
412 199437 369743
413 419117 101201
