NAME : portcgen-408-7323635
COMMENT : portcgen N=408, seed=7323635
TYPE : TSP
DIMENSION : 408
EDGE_WEIGHT_TYPE : EUC_2D
NODE_COORD_SECTION
1 321510 503152
2 743656 792812
3 440571 107154
4 490229 573592
5 471511 105515
6 814987 788242
7 428025 488113
8 452275 48418
9 504501 3992
10 852482 837964
11 445613 561294
12 800402 781416
13 810478 837693
14 812400 860693
15 757169 803372
16 284797 519138
17 247294 456244
18 410508 467175
19 520115 88949
20 522566 51381
21 598758 468693
22 851743 790465
23 836795 853082
24 356288 495053
25 512406 488097
26 845552 775442
27 260925 516693
28 868888 745550
29 856509 815014
30 728320 765582
31 541670 87610
32 814021 850070
33 423771 25781
34 532147 478770
35 434107 -28319
36 573011 517447
37 542341 492660
38 528386 70960
39 330982 440754
40 809396 862508
41 384186 49906
42 781366 805861
43 453819 538463
44 362787 449916
45 474511 -62390
46 508070 501599
47 422637 80147
48 398658 -44009
49 242714 533498
50 533833 21928
51 426994 545277
52 498095 510748
53 261401 470849
54 851397 852578
55 347791 469807
56 489982 546579
57 546401 444730
58 436894 500663
59 478995 126826
60 579155 557429
61 793149 770151
62 797384 825942
63 538911 444974
64 502234 527044
65 318608 473453
66 820747 858660
67 307975 543997
68 353710 549094
69 791367 806581
70 314234 466179
71 304652 581033
72 880508 842829
73 356275 517386
74 405182 45746
75 481258 -79206
76 821941 821489
77 551788 505819
78 355144 543771
79 787682 828728
80 835380 880220
81 377717 466824
82 878698 851370
83 456375 37731
84 822043 838332
85 400338 76344
86 480147 163822
87 829853 829207
88 882607 867245
89 406133 55969
90 532094 537851
91 275414 510743
92 824352 752625
93 518813 533793
94 463078 30194
95 504421 60168
96 848292 871404
97 488383 75529
98 537501 60686
99 483136 143004
100 442782 3355
101 518541 627341
102 302220 538650
103 820693 784019
104 818414 838163
105 593580 503589
106 740553 940886
107 821068 777144
108 570888 556737
109 520491 66485
110 757341 750002
111 854551 785413
112 504557 141340
113 864164 795605
114 763016 891162
115 459360 16679
116 329331 569562
117 837251 842704
118 374678 467651
119 798212 824631
120 349961 481726
121 828910 769273
122 747835 850716
123 436386 46739
124 465786 96602
125 476954 474772
126 453898 76630
127 805701 820548
128 485829 106487
129 276554 549693
130 303321 440988
131 313335 501772
132 455827 133338
133 338091 475866
134 290509 447906
135 430972 53854
136 260664 515072
137 559821 583115
138 529526 522690
139 450821 134277
140 315605 425589
141 209436 457537
142 514694 554847
143 496154 489738
144 775028 881587
145 823173 852033
146 506774 461818
147 559948 576443
148 336382 445591
149 864970 779991
150 349087 446815
151 338640 501132
152 787581 883156
153 795350 813477
154 834306 744092
155 546466 563553
156 528064 8211
157 405450 489320
158 311563 467384
159 350579 559137
160 523190 620973
161 535205 579145
162 569098 537852
163 743789 789493
164 735684 846963
165 518796 576754
166 835342 819903
167 474576 489875
168 378343 487141
169 376178 447485
170 308797 443141
171 320859 525234
172 505871 445520
173 253655 491057
174 873417 806404
175 409233 45599
176 529561 624066
177 287436 418991
178 903487 838895
179 817966 771783
180 395957 528652
181 780703 872354
182 847522 848350
183 451453 451163
184 441648 10036
185 308412 502841
186 525292 597000
187 477753 71612
188 301619 548742
189 895228 752216
190 330750 422738
191 816269 738316
192 337272 427314
193 823553 716367
194 543166 -2591
195 433285 109514
196 234086 555894
197 494199 601854
198 371846 503319
199 719259 802880
200 736748 767772
201 491330 66034
202 326108 394587
203 384978 12883
204 797298 861785
205 468722 492280
206 292467 492038
207 302731 414065
208 386962 510063
209 813856 827455
210 356610 92840
211 341559 410517
212 828509 893662
213 524455 548058
214 787283 878457
215 354800 479530
216 366220 477728
217 327032 440045
218 336363 518482
219 805226 780724
220 430087 69642
221 531340 499789
222 743854 827064
223 576505 530497
224 336036 437350
225 294489 500521
226 324518 499602
227 405931 464085
228 711064 750363
229 546365 518985
230 496120 460019
231 285878 454779
232 789508 878512
233 869596 820745
234 415314 71293
235 323882 504198
236 487377 88974
237 448414 104702
238 481464 512536
239 515987 555794
240 470076 514836
241 537454 478075
242 840531 787988
243 370880 134654
244 291145 522800
245 466465 86396
246 312655 511576
247 803426 816164
248 571155 524405
249 379674 527838
250 831277 809039
251 723976 776712
252 567067 430372
253 496172 536014
254 494810 468010
255 267177 486477
256 600171 454370
257 578149 451281
258 359520 468195
259 486427 11186
260 811248 833997
261 349542 405850
262 802911 846761
263 340854 464200
264 429475 36688
265 320470 513401
266 352128 504364
267 768794 782727
268 935172 764304
269 385239 451377
270 474191 518960
271 481223 91546
272 789756 869117
273 848045 856695
274 489244 642200
275 787137 820301
276 561965 524187
277 729369 777295
278 308871 465849
279 346014 581803
280 510681 72148
281 467617 128079
282 487634 83107
283 320591 469012
284 758009 801375
285 576955 485328
286 484628 90628
287 807663 863591
288 373695 126162
289 270460 539060
290 262277 454349
291 455778 72455
292 354974 454790
293 577749 410389
294 326031 508303
295 390038 109799
296 463501 -34765
297 487273 402114
298 886493 899746
299 547013 43419
300 431198 -24723
301 512030 522360
302 267987 482816
303 512595 468486
304 501992 435121
305 237487 461125
306 525759 35155
307 347403 110149
308 798788 829526
309 233509 482455
310 432212 -28636
311 426594 47751
312 318536 429049
313 794336 866067
314 370194 480473
315 635950 544990
316 456623 505248
317 811341 874561
318 811451 825129
319 863733 879627
320 723421 886280
321 539769 54725
322 521918 28886
323 434938 63761
324 782164 878278
325 610167 460486
326 737078 806376
327 476509 86143
328 551838 16560
329 840491 833471
330 340222 470787
331 516420 -76220
332 357951 544800
333 522101 485655
334 376019 -12157
335 318750 503288
336 261524 529824
337 458418 466861
338 743444 879983
339 356507 445587
340 346927 466491
341 823503 745404
342 861679 846489
343 515967 412272
344 863697 843211
345 582333 482186
346 415218 482476
347 410492 8366
348 319400 569323
349 246310 461838
350 386631 87689
351 857989 739680
352 505097 63714
353 863860 881135
354 313205 422253
355 554169 33511
356 433104 528525
357 320968 497018
358 300183 462988
359 518489 511907
360 533224 563571
361 355935 418494
362 237322 463116
363 494689 540954
364 568229 498134
365 342600 515734
366 458931 55026
367 510898 471313
368 323770 455860
369 302623 396279
370 484764 -9777
371 312805 540899
372 567688 618864
373 283207 531350
374 736966 922984
375 744548 853149
376 554373 -27473
377 522501 38648
378 456529 533910
379 477758 86378
380 571922 470232
381 841475 803470
382 451141 471008
383 352314 556471
384 889391 748436
385 446547 490945
386 870454 859478
387 401332 144669
388 525889 480868
389 527260 47308
390 432646 486123
391 310870 481036
392 371668 468486
393 536183 577362
394 729342 830216
395 786158 814859
396 826273 854477
397 359559 502332
398 360562 490690
399 426710 55070
400 404213 71409
401 461490 403216
402 498534 492755
403 838516 767972
404 555881 564299
405 862946 764918
406 372193 499147
407 849343 851285
408 485366 47757
