NAME : portcgen-551-5309534
COMMENT : portcgen N=551, seed=5309534
TYPE : TSP
DIMENSION : 551
EDGE_WEIGHT_TYPE : EUC_2D
NODE_COORD_SECTION
1 174063 641640
2 243161 645326
3 533466 346421
4 805341 802634
5 691434 744582
6 413332 290627
7 907051 278794
8 522945 317241
9 733653 786700
10 774006 243955
11 680984 773813
12 700901 770335
13 260557 627087
14 772031 815561
15 381144 296308
16 263588 605730
17 692792 819366
18 770746 918447
19 712380 863063
20 804141 906911
21 664324 751140
22 270955 677736
23 799322 802676
24 672712 833381
25 714051 704080
26 653801 641271
27 437295 315516
28 469128 275467
29 745808 259152
30 821193 339843
31 305131 676616
32 635139 741221
33 296817 621604
34 748526 170465
35 790397 743953
36 447969 338327
37 851653 789126
38 482593 214522
39 822255 282457
40 208444 668751
41 761582 283117
42 705362 792961
43 300612 682092
44 815507 861875
45 310208 703396
46 647791 764732
47 784232 824309
48 670343 271834
49 260933 717100
50 820891 922529
51 279308 608270
52 849902 865637
53 269833 641806
54 814267 241664
55 754337 811859
56 633475 723402
57 724698 266931
58 817326 808578
59 471206 375590
60 504323 289655
61 691610 768275
62 772122 215785
63 405139 365025
64 701389 782236
65 201947 597368
66 262841 595620
67 682176 754959
68 416739 360699
69 281440 677371
70 560323 314285
71 703078 814169
72 797466 325185
73 297464 662924
74 761264 201320
75 727120 780760
76 758641 284479
77 592765 739613
78 798615 774138
79 459277 297910
80 782708 757614
81 645931 761678
82 724861 391407
83 455973 237678
84 730439 304234
85 809412 863701
86 500160 304322
87 805803 861191
88 467584 251222
89 827391 813357
90 285776 595515
91 656630 817961
92 324886 628666
93 547307 304200
94 678063 227535
95 775895 266746
96 501662 253672
97 697519 813034
98 766682 803258
99 771556 850686
100 705124 761438
101 303425 673274
102 339908 630952
103 696666 822238
104 716827 759534
105 759677 813576
106 772866 263687
107 410283 313994
108 291529 655249
109 829143 869907
110 491709 308688
111 256688 661718
112 494608 245895
113 625695 767513
114 737435 317209
115 219126 684556
116 252447 661545
117 665239 804470
118 644121 722358
119 561928 704716
120 764156 851823
121 384897 335315
122 795128 332946
123 638337 725497
124 619916 637161
125 241090 646844
126 288013 645305
127 260821 599953
128 502957 245754
129 762193 310247
130 284124 672977
131 714570 755759
132 735041 781228
133 508940 330904
134 280825 650981
135 728159 282625
136 323210 669519
137 366757 656376
138 232259 722397
139 791049 861882
140 749252 809887
141 669154 240138
142 691640 333509
143 683517 282463
144 705001 756820
145 203921 648111
146 718174 684510
147 833842 747861
148 786112 931849
149 746279 819365
150 696476 834352
151 828022 258954
152 805689 225229
153 450937 286407
154 201077 607848
155 447018 314393
156 755539 772790
157 189690 650330
158 233206 642829
159 288091 662512
160 480715 311220
161 774093 300428
162 744681 262242
163 772797 795007
164 787833 782865
165 684391 787706
166 778294 833005
167 807313 866288
168 654970 728113
169 821786 904038
170 393578 321714
171 689550 705876
172 262354 631555
173 765412 803597
174 418418 261046
175 227205 699830
176 814608 279054
177 698309 743319
178 270663 628093
179 525493 278918
180 242592 590894
181 748441 242809
182 515738 292061
183 640794 803078
184 289657 593919
185 644214 839310
186 802602 222141
187 444554 267784
188 473426 272453
189 402049 307029
190 606413 806451
191 739698 215035
192 386259 344912
193 485122 246257
194 585711 726572
195 818228 861191
196 638269 716124
197 805038 192185
198 826017 772070
199 753548 303584
200 272492 622300
201 798893 871097
202 787307 184749
203 776250 854030
204 460304 331082
205 802071 311508
206 494058 335302
207 649581 777745
208 307298 677921
209 618487 770158
210 642355 789615
211 546509 257357
212 512708 317482
213 747948 751591
214 756000 337457
215 872418 869195
216 766481 634245
217 309986 725260
218 805928 784516
219 451014 315435
220 798248 858186
221 313966 626104
222 692186 253318
223 213130 628078
224 854357 809141
225 598482 687109
226 509744 354001
227 491452 329384
228 519502 199083
229 423705 283786
230 257277 625105
231 793598 847097
232 845903 807213
233 784676 838359
234 640851 833337
235 271204 689748
236 295453 693965
237 698229 283542
238 800282 325702
239 753351 836565
240 401501 373368
241 748532 807808
242 765993 362678
243 224609 688339
244 694018 735581
245 854182 282775
246 231138 633223
247 666479 730487
248 370859 617177
249 292769 675567
250 783584 261874
251 681695 848315
252 465963 263128
253 327463 643557
254 780855 842378
255 430109 267043
256 240675 678255
257 778408 307378
258 506652 364313
259 779507 283413
260 677872 788410
261 258113 658260
262 490980 303521
263 226902 589493
264 278033 696509
265 755530 208882
266 658566 750224
267 724161 845971
268 796862 814529
269 621271 800249
270 284144 632333
271 426169 313759
272 761728 841887
273 359650 589504
274 275178 749890
275 482880 364598
276 629858 749605
277 222441 585791
278 306833 654369
279 776366 770838
280 800413 268466
281 756698 242700
282 451137 317653
283 769889 850593
284 530291 321445
285 425344 304129
286 772276 847860
287 676984 262258
288 264573 620415
289 485634 299146
290 742949 866506
291 786430 247331
292 663316 742411
293 710889 698086
294 488153 262471
295 827258 846524
296 222192 630533
297 790103 227329
298 316196 707095
299 760369 259277
300 756277 778185
301 806450 836833
302 618135 802707
303 425501 357286
304 788965 822834
305 715936 197209
306 237387 674465
307 816420 885787
308 232855 577079
309 504924 374028
310 587151 735373
311 496180 353342
312 618495 788878
313 339434 631187
314 259739 671067
315 761174 247794
316 785812 873917
317 797990 255274
318 637202 722370
319 497950 367899
320 716006 799307
321 456166 357221
322 773541 794923
323 208904 677517
324 214840 616382
325 213221 655855
326 821886 827110
327 382611 280454
328 411277 249504
329 293912 676505
330 742630 199781
331 596008 687453
332 773960 869804
333 464367 308390
334 666410 720849
335 880024 715261
336 669751 747479
337 531739 262475
338 715934 813595
339 470012 329209
340 813193 278554
341 754655 820460
342 460669 360786
343 805890 869207
344 406920 209537
345 394906 239589
346 785980 839035
347 798048 830034
348 816749 308970
349 202093 679043
350 297833 599578
351 571759 733388
352 650109 729998
353 237927 610623
354 729984 307482
355 288670 629826
356 678214 709708
357 622679 743078
358 695799 215570
359 848039 814376
360 507947 339949
361 465127 317708
362 758979 933132
363 608408 773430
364 274951 699626
365 748425 750662
366 749998 782142
367 749461 250802
368 725995 284614
369 409025 342841
370 722877 817896
371 308725 698734
372 821042 283759
373 794687 819576
374 404674 312699
375 417978 348118
376 277259 726117
377 820037 317167
378 193339 687315
379 255415 655940
380 760435 823196
381 677451 716135
382 807298 810157
383 335864 640306
384 756435 330546
385 764647 179587
386 822107 891530
387 815886 831630
388 279117 683892
389 748454 748592
390 697080 206755
391 448059 269357
392 265391 608954
393 821530 826357
394 738955 855234
395 828257 215318
396 811456 247724
397 315342 645688
398 733841 315211
399 245376 730365
400 837919 278021
401 694459 744484
402 753068 313824
403 654655 754762
404 790864 866494
405 343595 631405
406 488341 366103
407 541378 332395
408 633958 725917
409 665732 822485
410 888097 392346
411 785998 830116
412 415197 337389
413 702793 738042
414 666957 714209
415 629622 732719
416 709797 793683
417 730517 914472
418 837975 875846
419 255692 691637
420 492485 310354
421 484067 280427
422 851273 812885
423 668016 697213
424 494198 313152
425 851888 833837
426 399755 297506
427 449549 239896
428 488165 316083
429 262246 675173
430 793092 834119
431 311157 620873
432 743989 204674
433 470717 247187
434 463621 295577
435 462385 268878
436 442991 207044
437 746337 811316
438 422877 289970
439 692441 755336
440 794704 845918
441 208114 647932
442 228807 679277
443 810348 821199
444 763277 266113
445 284217 647456
446 636355 760103
447 282580 697019
448 283716 598672
449 793524 814969
450 485885 290776
451 643882 810116
452 903328 251115
453 423013 362408
454 408449 346417
455 847802 211353
456 825655 178011
457 839519 811551
458 781473 850056
459 330766 645642
460 784156 811543
461 369091 280121
462 853065 816393
463 656163 705182
464 796569 837786
465 790036 291174
466 642525 709640
467 300214 686827
468 770519 791313
469 391674 376936
470 757658 312936
471 281634 672672
472 841598 864666
473 713854 229327
474 719475 747954
475 743976 879756
476 762833 327254
477 680454 802324
478 640481 665646
479 792374 902020
480 226690 722203
481 807015 777006
482 211845 594733
483 461747 332858
484 265563 630215
485 763617 312198
486 243832 685530
487 732419 672812
488 641424 750724
489 290929 656266
490 494356 344975
491 457359 286335
492 650795 810162
493 799882 800723
494 299584 597112
495 528745 348988
496 828995 830972
497 679828 707975
498 288008 734881
499 783162 823920
500 270461 650518
501 780442 860725
502 202431 586991
503 679116 704145
504 618063 747060
505 467697 230362
506 633181 719128
507 746912 795004
508 451684 337911
509 768345 283312
510 295560 725146
511 837130 270520
512 798298 836677
513 725428 897056
514 813785 350541
515 770494 229123
516 812041 733636
517 808636 856788
518 659750 752867
519 815018 865912
520 676183 758951
521 477570 275066
522 272175 648261
523 465793 277083
524 765407 284249
525 257011 679413
526 758429 289613
527 274996 698193
528 715854 278453
529 799427 219068
530 596470 709761
531 265322 716843
532 772099 858286
533 715345 309968
534 829344 822979
535 757206 300593
536 792593 240132
537 837559 225924
538 218353 670819
539 458178 283969
540 377246 296772
541 901841 940605
542 821790 308522
543 692941 757106
544 813373 840066
545 421210 344077
546 839259 841966
547 707856 702038
548 773275 847832
549 754382 268518
550 657935 773547
551 679330 690677
