NAME : portcgen-504-9147268
COMMENT : portcgen N=504, seed=9147268
TYPE : TSP
DIMENSION : 504
EDGE_WEIGHT_TYPE : EUC_2D
NODE_COORD_SECTION
1 562724 407358
2 453190 836978
3 576415 364508
4 192869 292975
5 614013 344116
6 364249 756744
7 580897 820145
8 612707 415025
9 187780 851016
10 71571 765278
11 316619 110609
12 199442 749275
13 498467 319724
14 545173 377949
15 123513 808085
16 453847 835196
17 118598 763311
18 187231 870102
19 626393 410673
20 136657 862734
21 466871 813262
22 512262 809952
23 344712 102744
24 273928 339617
25 385614 197895
26 265950 128577
27 230213 899267
28 444584 843215
29 431788 61589
30 417543 670984
31 610199 403180
32 200549 883463
33 259120 406837
34 567837 385679
35 113201 810118
36 230719 267373
37 109433 828961
38 232337 316940
39 290378 201960
40 344986 147961
41 427358 864334
42 346836 89719
43 62113 852775
44 585268 339538
45 182717 392496
46 400647 111792
47 307387 307624
48 299333 107735
49 407352 865759
50 208391 281040
51 281687 296738
52 126687 932000
53 566991 393163
54 108658 845309
55 381697 780797
56 99921 795397
57 582091 416717
58 402121 861775
59 356147 839217
60 187836 323301
61 277168 28238
62 550342 370817
63 183942 361266
64 152794 845346
65 258325 368481
66 673121 372964
67 166093 887059
68 361286 756708
69 140918 898183
70 248515 312514
71 514478 703823
72 354349 198287
73 163716 866008
74 246482 308667
75 518022 771925
76 310346 217621
77 175089 846331
78 172018 838929
79 90878 845535
80 496700 306150
81 307212 148828
82 387698 814512
83 328503 813910
84 387469 788681
85 590789 448575
86 414512 227192
87 439745 787187
88 381960 765701
89 504696 349386
90 362556 764588
91 365915 750458
92 447644 814653
93 462698 771325
94 618984 337674
95 537747 357581
96 593204 354342
97 334705 232828
98 286322 311106
99 488470 806180
100 379825 798512
101 408600 215255
102 365759 783527
103 172120 320732
104 440680 704425
105 417423 198834
106 431193 787074
107 385935 802660
108 367917 81237
109 417572 779759
110 141743 852327
111 332562 143132
112 116738 818663
113 240877 342371
114 99342 867380
115 416871 780375
116 416776 808039
117 499943 821092
118 206201 336952
119 250130 314768
120 393545 90611
121 235434 393714
122 372089 168254
123 98918 816145
124 328785 334072
125 510692 626106
126 134996 869282
127 479510 768412
128 345315 96461
129 566494 437484
130 492168 765773
131 595617 317083
132 398378 812109
133 400321 735443
134 380204 776546
135 237172 147468
136 404649 793244
137 66345 868276
138 224872 324372
139 397658 106084
140 292388 159486
141 478276 442456
142 121914 883499
143 245443 267288
144 215311 326896
145 432973 840548
146 544755 307849
147 577988 391526
148 265093 281993
149 146471 839734
150 239652 321090
151 428163 780510
152 532250 467851
153 379835 789739
154 395917 825746
155 502546 708595
156 349977 91932
157 326367 141101
158 233233 259713
159 316150 146444
160 389042 748396
161 592850 394291
162 559903 310895
163 566030 417615
164 145790 885481
165 230436 327789
166 370866 788309
167 125185 864089
168 607769 404150
169 319147 140638
170 84804 841960
171 654093 358929
172 384607 134284
173 377381 722671
174 611260 309510
175 406413 771823
176 116065 803267
177 298254 157135
178 478456 845217
179 253410 157587
180 489003 797382
181 605714 397453
182 283369 336475
183 392414 191496
184 600441 351148
185 368937 95325
186 103391 927300
187 383577 156113
188 195862 776000
189 354830 339834
190 270846 366383
191 397905 199057
192 337285 88689
193 387742 754279
194 431941 823635
195 475738 789354
196 453747 769135
197 367058 144612
198 312494 127597
199 368881 110528
200 245327 294087
201 288052 315962
202 95291 849675
203 65860 950898
204 149278 399611
205 116845 895957
206 131559 809982
207 595845 424246
208 188794 360992
209 247024 157804
210 517170 429494
211 317403 306369
212 424822 241457
213 403579 790090
214 200315 326713
215 414609 782750
216 347136 139983
217 486144 794019
218 429725 740394
219 239060 356424
220 186701 837715
221 123458 800835
222 146458 852429
223 323164 87329
224 93685 830183
225 583559 411039
226 599224 340172
227 124785 822518
228 158360 808707
229 412078 797699
230 617955 397440
231 548614 464750
232 170835 317322
233 309585 352595
234 411880 755003
235 307478 203021
236 256015 334662
237 297457 355365
238 109163 910595
239 606814 400261
240 502406 750134
241 108319 913967
242 281983 74183
243 537568 391903
244 574129 397690
245 353725 155255
246 138732 829948
247 562930 383209
248 439359 820400
249 518406 337814
250 325106 124425
251 185657 351273
252 622735 340338
253 148609 842518
254 520869 413961
255 380105 159102
256 223578 323090
257 450027 130749
258 318051 314530
259 247008 336234
260 627185 346000
261 303367 101622
262 321596 152126
263 316395 101951
264 443405 761665
265 183519 318865
266 588630 358407
267 102564 876631
268 170991 940526
269 549333 408735
270 629904 430675
271 328498 103557
272 106908 826182
273 377264 809335
274 342320 122200
275 552235 318633
276 152649 862762
277 134651 837831
278 216871 284589
279 337071 117966
280 337527 276871
281 179211 395811
282 196811 865470
283 449343 776241
284 578747 355074
285 368390 90740
286 287302 290727
287 421918 797222
288 435123 769161
289 538553 336020
290 557220 415988
291 604038 450995
292 264363 313455
293 271254 167119
294 160169 913224
295 351717 153641
296 244559 330728
297 628787 317537
298 398622 818598
299 297352 289210
300 371299 765231
301 243733 280462
302 365456 130676
303 324147 342060
304 130368 837228
305 138124 883883
306 211906 419019
307 448683 799533
308 533099 301383
309 509268 812479
310 125617 853791
311 389039 800294
312 130391 867187
313 188211 856766
314 484427 864412
315 391663 859069
316 124857 860125
317 314562 123479
318 323440 246764
319 151517 371147
320 303692 265684
321 493179 377045
322 108253 866882
323 574146 300236
324 408306 774322
325 121058 826098
326 65680 873299
327 91131 819767
328 329317 357600
329 339115 123937
330 372320 780554
331 479856 378285
332 237919 315752
333 341575 44842
334 88407 796134
335 307976 160519
336 269936 169192
337 530004 268173
338 145664 850576
339 274827 293520
340 245918 309206
341 585572 406566
342 283546 316120
343 320440 345315
344 101344 874254
345 582942 465465
346 148582 861193
347 89249 820210
348 589567 452574
349 638243 311316
350 266616 62233
351 78064 877878
352 201957 312733
353 385125 765730
354 230210 255761
355 175005 909034
356 468350 842279
357 60697 838717
358 217637 848648
359 446146 755562
360 331310 153934
361 155795 833324
362 140558 841720
363 508100 312505
364 230793 293784
365 504812 365646
366 120688 857302
367 435764 687060
368 403482 833107
369 272676 353325
370 602720 385834
371 402802 720433
372 116774 880616
373 562950 352219
374 92382 783025
375 331091 172403
376 365224 121183
377 140645 827104
378 564878 463368
379 371424 140502
380 469789 779839
381 626313 307478
382 651248 379892
383 254494 354692
384 223260 322470
385 664976 393752
386 300714 153814
387 196055 355035
388 207130 837282
389 129316 823943
390 355931 227894
391 214158 262540
392 576545 408403
393 445384 796163
394 458906 754055
395 161834 863462
396 134518 839780
397 197162 274104
398 231204 296044
399 256624 333191
400 420060 744767
401 340513 175789
402 112195 812310
403 449976 785142
404 178532 795475
405 559463 397218
406 268363 148455
407 552734 345021
408 115253 800293
409 284737 185649
410 251755 376676
411 439405 810460
412 244100 295130
413 400789 142464
414 266377 331847
415 265902 293668
416 337569 110561
417 210005 320906
418 121473 823835
419 480091 801213
420 373537 93486
421 642710 362982
422 229446 351621
423 574105 370897
424 397036 717757
425 386746 199747
426 269563 340809
427 399410 196666
428 436219 796038
429 92457 810026
430 370616 115556
431 280841 144131
432 331962 722307
433 397736 164130
434 148912 899767
435 56202 833292
436 247663 451873
437 176895 834323
438 466485 156388
439 357914 127631
440 119524 927850
441 97323 787437
442 335030 127965
443 343900 73252
444 407795 831136
445 60973 853467
446 550103 391338
447 408477 779441
448 176272 865078
449 589392 422224
450 266180 262141
451 322270 212136
452 607843 436305
453 377898 113848
454 411864 878000
455 611188 375386
456 393364 750412
457 178016 839679
458 448995 736120
459 644654 359567
460 376479 746519
461 157391 818529
462 361261 118073
463 572389 355163
464 443609 766459
465 291188 376317
466 185819 908636
467 320836 108011
468 380101 809115
469 99656 914537
470 166427 767598
471 393142 201491
472 213418 276798
473 276328 369422
474 630767 335620
475 309300 159089
476 198129 307562
477 419202 790561
478 382350 100209
479 576700 299591
480 93886 891403
481 357408 211340
482 360510 853932
483 346338 119684
484 555343 390609
485 116990 809263
486 228443 204753
487 128916 844995
488 255224 871082
489 382472 820186
490 471209 803324
491 651294 303668
492 222359 294912
493 82125 913488
494 420785 899212
495 400559 855750
496 286166 145997
497 298711 152816
498 301693 121267
499 345181 747855
500 191765 863965
501 483354 384997
502 119570 835079
503 404262 805508
504 619368 418389
