NAME : portcgen-526-6925671
COMMENT : portcgen N=526, seed=6925671
TYPE : TSP
DIMENSION : 526
EDGE_WEIGHT_TYPE : EUC_2D
NODE_COORD_SECTION
1 554521 655630
2 502217 734306
3 203590 832197
4 589632 901008
5 818888 252054
6 604807 902930
7 616401 917477
8 807878 344335
9 819893 432036
10 82687 886857
11 499203 623082
12 765524 326702
13 829672 298838
14 86445 835143
15 61709 871523
16 757832 266217
17 402734 622055
18 532619 930388
19 760887 331999
20 785743 418114
21 772260 326664
22 829149 386759
23 783429 352326
24 732100 354298
25 573883 840279
26 832223 453822
27 775768 297084
28 582539 855996
29 567077 901332
30 39954 903158
31 816225 255532
32 174628 953370
33 443561 639102
34 53867 848804
35 554570 848077
36 790774 395453
37 453440 615984
38 647949 859943
39 744382 393376
40 425360 703292
41 811613 333564
42 -9897 858107
43 83617 798445
44 586403 818077
45 456803 703029
46 533004 863619
47 763878 331139
48 752255 270897
49 624782 873872
50 753620 330803
51 651658 327866
52 93614 808780
53 196055 846091
54 814764 406796
55 808361 329876
56 77642 920879
57 137643 858492
58 532008 831160
59 779949 391389
60 110885 840467
61 423159 692465
62 608220 883549
63 779868 327047
64 761994 334281
65 756389 388178
66 553314 919878
67 525650 659660
68 460329 588209
69 562371 915340
70 783149 251923
71 731912 291420
72 104237 897083
73 488085 683552
74 605830 867857
75 777299 379508
76 156586 853422
77 720822 381509
78 570393 947894
79 159750 869706
80 524803 936852
81 820503 280653
82 540661 695187
83 740596 396717
84 766090 295112
85 165388 796974
86 803210 371706
87 501544 860543
88 80336 849642
89 846852 363984
90 735552 400159
91 144444 829801
92 790324 279083
93 782272 394672
94 633714 874000
95 139609 858243
96 760370 363994
97 752361 300542
98 162275 835427
99 83855 791187
100 89791 865462
101 449198 696312
102 767739 344174
103 597434 873301
104 756732 313099
105 748430 373794
106 140326 808954
107 830925 319590
108 139716 874362
109 819128 412903
110 82780 891271
111 133320 860819
112 755104 316672
113 132132 857166
114 755939 389490
115 599099 958210
116 567842 843217
117 515863 705959
118 91515 816716
119 794081 412597
120 135096 832440
121 439530 660483
122 699381 370524
123 841187 339764
124 520955 981510
125 566630 841323
126 447415 604177
127 584446 844346
128 717915 199790
129 850233 387637
130 625666 896392
131 764101 402373
132 15807 852206
133 70642 952930
134 603352 926217
135 613854 906171
136 592085 900354
137 543512 854855
138 406453 630759
139 86825 847981
140 457303 656276
141 757477 354317
142 544769 667599
143 846643 354474
144 789985 362285
145 811583 304830
146 779125 316795
147 480738 656945
148 127034 883833
149 785463 240245
150 55336 874609
151 612697 888409
152 685051 256608
153 368187 601875
154 79748 909445
155 634609 905647
156 485338 894534
157 586679 902775
158 792669 274890
159 472862 655649
160 585331 862767
161 535498 792700
162 128567 884207
163 203727 865494
164 442430 705625
165 687579 303834
166 724308 283607
167 102428 899395
168 790515 402770
169 500592 669725
170 66059 925405
171 771741 380375
172 607683 921184
173 843895 443320
174 562157 824610
175 710559 259233
176 437138 599294
177 885700 306276
178 442431 672654
179 778484 332123
180 612185 895219
181 23554 923305
182 428139 661443
183 52060 879151
184 728693 298049
185 752648 263513
186 801934 321429
187 804341 351415
188 777204 285390
189 744777 361764
190 462317 595965
191 827389 354519
192 709320 292447
193 865998 333744
194 837379 367566
195 583771 894153
196 633898 925261
197 651234 859905
198 486398 597185
199 438962 679693
200 750920 299041
201 621334 885565
202 530445 640703
203 434800 680122
204 764883 370415
205 395134 569361
206 450855 704375
207 432223 619227
208 735298 206960
209 586310 921158
210 788842 270579
211 163611 831020
212 735583 302654
213 797058 456399
214 595219 895528
215 365095 669321
216 74812 843678
217 729422 267839
218 625905 918585
219 518490 688939
220 763189 356664
221 106060 828965
222 696267 285200
223 572300 827384
224 569691 585319
225 567009 856795
226 789956 455390
227 590604 855030
228 517567 868619
229 133477 876182
230 711722 401304
231 447127 618489
232 516979 880185
233 589509 985950
234 176669 934634
235 7460 938770
236 629150 890061
237 569599 836071
238 656202 266969
239 847626 335954
240 787912 273782
241 579049 851646
242 847653 326009
243 100238 882146
244 448553 704605
245 563392 884083
246 852929 341913
247 624210 826638
248 414019 715871
249 29359 822102
250 621852 897321
251 470419 654002
252 601389 928249
253 526822 701288
254 408077 651847
255 456597 653482
256 824646 285234
257 426357 628829
258 481917 660736
259 817806 290895
260 34772 872579
261 437400 663548
262 732964 336355
263 752209 300773
264 486368 906709
265 57705 846102
266 457030 964894
267 777200 362392
268 581184 935965
269 508865 863374
270 48373 927071
271 481173 614703
272 83928 917692
273 592326 859684
274 779993 305010
275 656115 377461
276 732515 298227
277 561452 858816
278 451882 610398
279 867904 330617
280 547973 869956
281 57644 798969
282 762303 359359
283 821786 334203
284 84496 936557
285 58971 822863
286 90205 917168
287 823870 322127
288 103389 902216
289 650612 877358
290 602990 907068
291 698521 348726
292 778567 348253
293 431779 631002
294 105190 828730
295 725519 404504
296 586701 980271
297 161904 959758
298 419374 641256
299 715344 438391
300 818914 313453
301 128297 884084
302 50917 839185
303 578123 794176
304 787908 341372
305 83139 880890
306 809129 357411
307 776408 255163
308 586733 867910
309 467921 684853
310 790056 379675
311 172755 885073
312 594192 803541
313 684043 853424
314 750284 396990
315 539965 921961
316 710409 307035
317 796399 320897
318 778442 318566
319 453831 702559
320 783087 356096
321 139843 918078
322 502081 710702
323 501149 707262
324 874279 422875
325 761000 308752
326 116366 883848
327 641465 857836
328 621391 825752
329 535988 664602
330 879186 381604
331 537994 954731
332 74402 891628
333 69773 898523
334 449248 755674
335 108825 898443
336 458344 647488
337 767827 387901
338 442980 666247
339 400547 661571
340 523056 609711
341 708977 339058
342 739500 321815
343 809486 473493
344 447090 701667
345 582126 861129
346 149128 824614
347 457609 697581
348 154717 881859
349 771302 347173
350 563750 825748
351 121818 817485
352 538545 909506
353 465418 664566
354 766147 305993
355 500973 731177
356 594919 877928
357 575782 823075
358 95593 893548
359 578852 893227
360 768036 326964
361 590027 951285
362 124535 822749
363 547698 596009
364 810412 371205
365 562475 941426
366 858064 344537
367 714758 284466
368 472543 681155
369 71648 876541
370 906653 394996
371 475350 920564
372 125800 851431
373 463214 634021
374 791477 314891
375 153198 851875
376 763238 288835
377 459949 646501
378 583541 862803
379 766567 249710
380 368331 543339
381 763173 272134
382 891680 390353
383 424754 673946
384 766744 435494
385 458088 622923
386 499070 673821
387 772040 294545
388 574349 890043
389 595252 900176
390 453725 652299
391 780927 323352
392 431827 704978
393 587002 842679
394 501076 691805
395 565731 889249
396 514601 618180
397 645303 905929
398 755385 349796
399 775946 332595
400 443433 606535
401 739674 380642
402 593053 937309
403 122298 830617
404 582902 909902
405 599583 956981
406 720626 300676
407 451811 670500
408 550834 605912
409 807013 287520
410 141834 823708
411 750128 399806
412 590317 915813
413 575358 878818
414 474082 661489
415 503119 711814
416 792129 358215
417 382451 700431
418 749564 331611
419 567571 860839
420 604620 918652
421 148043 859900
422 509034 578120
423 569203 946893
424 40371 871346
425 567444 911198
426 804560 323533
427 151700 887140
428 551173 855216
429 69272 870909
430 130810 836912
431 784629 425091
432 595977 783588
433 481476 599694
434 553616 894726
435 114883 810896
436 56355 829928
437 767388 283385
438 538677 915801
439 440257 685585
440 413769 664819
441 548802 726729
442 747536 377672
443 145542 844550
444 149568 882569
445 111573 870162
446 758371 288018
447 678176 944511
448 505690 685239
449 704626 304153
450 85712 874413
451 761469 312820
452 742979 326282
453 68585 868672
454 788127 343146
455 724429 297650
456 115552 811762
457 783706 380046
458 115628 846578
459 510878 713551
460 828029 361677
461 739311 319696
462 62047 860484
463 127120 939377
464 111595 923506
465 744182 251554
466 88350 845703
467 166001 843938
468 741484 375832
469 68341 809580
470 73178 906733
471 776218 246655
472 406332 706641
473 805731 310954
474 602081 911366
475 577641 827673
476 424460 574319
477 576915 937488
478 642024 827867
479 449095 650985
480 583111 929594
481 753287 330682
482 875936 282835
483 516588 861056
484 70081 872028
485 795820 435010
486 758789 329628
487 622133 923138
488 139009 774364
489 474993 701449
490 789056 262135
491 473052 697217
492 57279 851094
493 123149 876082
494 649696 850313
495 689540 387215
496 801164 356822
497 785075 299062
498 456493 611232
499 866087 298825
500 701834 306774
501 721176 402223
502 373392 665553
503 139696 909786
504 167710 887481
505 466195 611911
506 670509 299822
507 567622 964685
508 87295 940600
509 785645 336496
510 567298 910081
511 567859 891701
512 612817 907438
513 601983 839552
514 454585 735388
515 822832 321612
516 582821 772427
517 534705 650757
518 605774 964337
519 181410 894392
520 747333 355651
521 446506 727420
522 452851 631164
523 772074 300363
524 676197 883416
525 478852 686989
526 692433 280910
