NAME : portcgen-489-3276935
COMMENT : portcgen N=489, seed=3276935
TYPE : TSP
DIMENSION : 489
EDGE_WEIGHT_TYPE : EUC_2D
NODE_COORD_SECTION
1 422633 330110
2 454762 306666
3 557957 242655
4 643352 275189
5 655645 302888
6 755095 553425
7 450558 304031
8 504758 333162
9 732900 574752
10 448232 267517
11 784052 515702
12 802566 580337
13 451502 255984
14 730398 581632
15 509251 285805
16 531298 284367
17 330918 354531
18 707239 557738
19 658259 276902
20 519432 284686
21 606050 355456
22 726515 565426
23 615431 288794
24 482278 326492
25 493991 317637
26 728805 253573
27 450948 323856
28 564026 321129
29 736164 488663
30 739704 560506
31 474617 241059
32 471610 248283
33 649012 304013
34 500320 297217
35 543300 314017
36 581625 327231
37 600104 305635
38 672824 340751
39 686532 342790
40 533349 278131
41 586064 286031
42 448426 258673
43 459539 260393
44 725189 523562
45 665567 567943
46 499795 316657
47 509837 288066
48 744445 608037
49 543529 345553
50 505994 260214
51 726494 640056
52 487079 307325
53 688680 284346
54 729123 586672
55 535103 358549
56 470171 210073
57 399527 310919
58 656699 424785
59 541656 313965
60 497524 313794
61 646579 314118
62 534697 281578
63 580333 237598
64 380128 335877
65 540245 255617
66 512259 247642
67 732189 540467
68 711321 608294
69 718823 546543
70 705169 241532
71 520270 327790
72 610778 314880
73 745679 572551
74 592138 357560
75 559535 331754
76 549137 345792
77 729818 610704
78 643107 322777
79 646372 339164
80 476543 280780
81 507155 247814
82 524326 255670
83 449132 308768
84 624497 273430
85 484135 286220
86 494550 258917
87 491761 262761
88 531118 244427
89 748544 568458
90 545449 268210
91 565202 325454
92 528002 269513
93 583967 338114
94 570596 318058
95 537642 282762
96 567584 248585
97 453712 241883
98 492722 301684
99 477480 375381
100 545216 363599
101 468170 235876
102 772938 565560
103 622726 310312
104 623887 283855
105 694320 596445
106 566497 312434
107 520383 350396
108 526300 301022
109 431689 318872
110 490095 259841
111 748288 542836
112 719210 652271
113 465625 259817
114 483534 247924
115 531641 308350
116 482983 321475
117 499933 297912
118 790479 508715
119 574035 209003
120 555683 265415
121 733393 527040
122 725846 586618
123 741386 661966
124 675756 364713
125 504587 343074
126 496018 278936
127 603903 320792
128 469991 312640
129 606160 307905
130 680183 483089
131 598297 344598
132 496903 302175
133 670598 290892
134 437567 276276
135 737456 680095
136 696547 625192
137 540688 338299
138 684789 556881
139 594173 361309
140 575203 181052
141 721000 557678
142 432936 271862
143 537518 418476
144 479485 365103
145 463584 295801
146 741703 547845
147 607501 271640
148 392310 361201
149 695936 315266
150 554418 264736
151 403586 274502
152 566969 282487
153 427344 235887
154 658738 191799
155 495126 285613
156 513354 284843
157 797307 537250
158 531543 307003
159 493538 244480
160 458232 265600
161 694056 561219
162 641776 264208
163 629545 346629
164 615243 345554
165 574936 297616
166 713653 605367
167 800372 632276
168 498062 268962
169 457677 257777
170 679874 288118
171 437285 292412
172 590530 341573
173 761063 574894
174 479098 236945
175 588941 272526
176 657763 299389
177 506229 286179
178 648370 283190
179 579281 255624
180 427345 290652
181 511884 302714
182 717399 576338
183 649484 341762
184 512091 295812
185 683481 309891
186 570620 276186
187 512174 242028
188 759109 597278
189 690110 532227
190 601545 281820
191 808315 561647
192 496285 318993
193 618148 322605
194 404156 349175
195 472890 325028
196 622244 286868
197 765521 556367
198 481273 240424
199 490281 321344
200 577377 339412
201 532734 378900
202 495624 275658
203 799709 531050
204 661249 614371
205 470570 203767
206 457439 271249
207 749552 565464
208 497421 334079
209 603508 250357
210 743503 284608
211 787277 513562
212 509085 227760
213 456349 205204
214 471471 242675
215 520241 252923
216 385360 284734
217 730115 612087
218 564975 312688
219 622666 292013
220 578521 339444
221 402304 328580
222 567301 284401
223 558697 258535
224 645995 356444
225 437339 288857
226 618200 332667
227 459334 200131
228 671595 283757
229 484400 346176
230 748595 553263
231 470221 344557
232 613689 239592
233 618163 255915
234 619344 297542
235 600893 313065
236 493075 286277
237 603965 286000
238 707858 538840
239 434765 325902
240 754341 547876
241 498958 243528
242 508781 350167
243 495400 338237
244 603567 310323
245 801774 480913
246 746354 592748
247 489202 299047
248 593118 260569
249 768069 541962
250 481455 235517
251 601226 386910
252 644443 277671
253 431487 328058
254 557361 222277
255 741277 576582
256 458674 318414
257 525776 386196
258 431715 277256
259 496435 269570
260 487959 379770
261 764385 544227
262 519386 324346
263 570573 338939
264 505553 340287
265 655965 255170
266 458613 287035
267 434920 281643
268 434955 364005
269 494533 321945
270 541052 322426
271 553439 203855
272 787772 557031
273 585878 345297
274 550989 227463
275 476500 280445
276 478267 320003
277 615897 277558
278 520607 302778
279 680183 290198
280 665978 269449
281 658442 525293
282 753760 577575
283 430916 305527
284 676332 283566
285 511316 306438
286 525691 274289
287 633852 315019
288 714148 596988
289 615612 328803
290 515996 298932
291 453524 225144
292 475726 332525
293 676590 508439
294 535076 350808
295 398551 286430
296 552938 344964
297 584494 304162
298 717808 236576
299 716713 547605
300 736617 572605
301 520578 248091
302 539584 335973
303 788237 594450
304 534963 233953
305 560635 259890
306 731443 560292
307 596882 315819
308 548333 356426
309 612277 283399
310 543684 333937
311 653469 303263
312 723373 419741
313 500720 237673
314 493426 347371
315 620553 270578
316 508666 287203
317 812566 658198
318 474031 269838
319 533950 283214
320 482455 320949
321 637619 241634
322 793463 607990
323 459919 246900
324 582924 303611
325 634130 335403
326 695053 506066
327 538224 326760
328 791342 550288
329 660417 322313
330 701250 529713
331 476250 309622
332 705745 231036
333 369494 266644
334 450108 366369
335 576657 245883
336 513743 321016
337 636383 576146
338 459521 248176
339 684708 308694
340 587318 350917
341 758897 523430
342 443627 389627
343 598945 305937
344 615869 259834
345 524593 247179
346 737589 492357
347 748694 648696
348 705360 563143
349 736619 577023
350 508064 272092
351 689138 295993
352 760515 553786
353 550640 312633
354 761528 544984
355 492937 267625
356 722718 591102
357 649433 271770
358 538297 270669
359 749922 574578
360 625626 256607
361 535884 247037
362 635285 199399
363 556650 219746
364 441079 315643
365 401627 273689
366 511497 305138
367 863526 624310
368 692109 365450
369 458941 282151
370 684526 345872
371 692776 562356
372 455727 349067
373 480216 327416
374 789290 687398
375 600212 366412
376 545267 283685
377 573833 269427
378 783427 504451
379 552978 237259
380 603298 311243
381 515061 366954
382 523722 321196
383 743395 626080
384 524859 255082
385 498218 286546
386 737384 540700
387 449553 290926
388 496318 305014
389 477477 299787
390 588645 317593
391 505244 249363
392 499330 344344
393 663641 287387
394 487144 312907
395 407668 402166
396 475941 208212
397 513825 225133
398 743892 608954
399 511308 338907
400 759031 575648
401 526244 232939
402 462126 308985
403 661468 302480
404 631724 301904
405 665357 276468
406 494080 254400
407 491023 292135
408 777279 600036
409 493931 330693
410 742526 289675
411 741999 632682
412 757774 581490
413 726196 580343
414 712733 549299
415 606993 364523
416 687320 237491
417 759099 540718
418 431261 287948
419 456485 221478
420 636144 371374
421 672949 638115
422 659013 320411
423 492173 377788
424 438013 291901
425 729717 473610
426 429885 270330
427 679874 580833
428 629662 257949
429 566917 276229
430 702830 514999
431 527000 187160
432 544765 294521
433 740512 524819
434 473062 320963
435 730756 592707
436 591493 367220
437 433997 309363
438 708434 626268
439 705105 638425
440 734013 524710
441 604738 353342
442 425386 297402
443 596689 285693
444 604674 379943
445 476412 312292
446 503921 273441
447 741625 582767
448 590469 277066
449 542853 303571
450 424977 345457
451 766663 588666
452 672247 389200
453 781017 552813
454 810150 610427
455 485684 278295
456 689692 326781
457 710206 588381
458 532896 342810
459 533913 327741
460 499117 273004
461 413486 292499
462 685482 276702
463 718078 647363
464 527059 219534
465 644738 233989
466 545706 312407
467 740931 634864
468 618901 251329
469 679265 601267
470 443279 307647
471 441108 351421
472 424117 299228
473 768286 520949
474 716722 611144
475 488107 251061
476 522460 280251
477 715935 337685
478 780782 599658
479 588860 252776
480 790912 576928
481 754477 628483
482 454206 362941
483 585018 274953
484 685138 268945
485 468395 233486
486 792449 581645
487 472328 226638
488 584680 290384
489 604617 341757
