NAME : portcgen-488-4866357
COMMENT : portcgen N=488, seed=4866357
TYPE : TSP
DIMENSION : 488
EDGE_WEIGHT_TYPE : EUC_2D
NODE_COORD_SECTION
1 557522 326384
2 591212 348486
3 224881 1021655
4 691109 341004
5 862479 899192
6 124734 969358
7 113197 1029832
8 187475 969068
9 831935 961344
10 49072 768624
11 894532 1037597
12 690557 276120
13 56194 734622
14 641385 341908
15 676708 251026
16 606384 279867
17 58826 697186
18 784871 988135
19 786647 960238
20 27534 727621
21 743778 982037
22 107922 926643
23 878676 949144
24 121691 1038254
25 573068 253071
26 58464 724603
27 217087 927747
28 595555 406994
29 64625 698232
30 717586 283318
31 354 828169
32 179695 1009617
33 662015 281348
34 221573 980732
35 140154 975609
36 27718 676978
37 802835 942507
38 134125 961799
39 638635 341275
40 795935 952306
41 214770 905270
42 806895 1046485
43 71040 746260
44 175816 973879
45 118250 759186
46 638744 283758
47 165259 1033651
48 800225 976026
49 67350 711573
50 733099 976735
51 68961 942252
52 815355 1016265
53 222467 1016978
54 818354 978134
55 97347 741283
56 615527 307258
57 143529 917431
58 569262 212040
59 807568 961557
60 608219 316042
61 4652 695634
62 798540 909529
63 789344 989674
64 95523 760256
65 261339 945769
66 54279 676174
67 743888 978988
68 607740 232537
69 126358 954129
70 160046 907791
71 616537 345879
72 840527 949290
73 147356 854637
74 160534 999306
75 850392 983008
76 793498 1043425
77 33552 773435
78 883575 987107
79 224795 960282
80 240531 1027477
81 190509 945662
82 32271 633014
83 840218 1013430
84 828563 1006841
85 60291 729852
86 207700 906103
87 832790 997907
88 103999 960044
89 -17947 696680
90 39749 787330
91 640498 272413
92 -32333 686302
93 -33875 667540
94 210792 984574
95 653613 295781
96 676706 278844
97 782420 990964
98 66098 763318
99 17466 748716
100 150995 951348
101 630129 364352
102 126392 960303
103 188197 962628
104 611779 299184
105 775213 1016552
106 54995 719366
107 848490 1085712
108 88361 991243
109 48670 727518
110 33023 766998
111 176373 957825
112 698028 265365
113 775806 1036674
114 629831 208283
115 639339 344351
116 -481 717124
117 16140 761867
118 174073 920000
119 876128 949051
120 149501 1046047
121 -70771 757204
122 800460 1047205
123 136125 1021571
124 189199 1048652
125 691074 328165
126 268168 958668
127 204426 966682
128 25722 761223
129 837826 1007814
130 832261 1074118
131 -14146 818201
132 224719 895839
133 97697 787504
134 832579 1004992
135 168644 1029486
136 826576 1061963
137 52796 693811
138 47550 761428
139 44279 660043
140 -19868 809386
141 45859 711562
142 200465 905091
143 5129 721987
144 39644 727867
145 156206 917381
146 637116 332651
147 648156 300350
148 135334 1015835
149 780685 1015897
150 780013 969414
151 835646 887342
152 681675 363885
153 776142 975864
154 755638 1055838
155 668007 280718
156 877529 994067
157 787027 1070636
158 176276 937338
159 583264 299662
160 204903 919618
161 763542 973290
162 619398 267988
163 623843 342148
164 626758 325188
165 38853 673061
166 802177 973958
167 25624 726719
168 566923 353503
169 193755 996917
170 615783 298541
171 659668 427992
172 86794 1007385
173 589871 318015
174 616090 284818
175 811524 1026551
176 -7906 750955
177 632683 197751
178 39779 667234
179 165180 937684
180 788624 975225
181 76944 723179
182 588745 315908
183 175489 1008179
184 5756 737042
185 665917 271540
186 88451 985635
187 815280 1010585
188 649003 298369
189 827175 943271
190 198961 979225
191 176994 877071
192 -58583 703548
193 20824 734977
194 -35004 677939
195 116303 946109
196 131625 970032
197 91367 724383
198 773090 1047524
199 657942 369992
200 666168 302348
201 87267 975148
202 649852 205362
203 136036 942217
204 160159 887558
205 82834 684700
206 220559 958839
207 212138 916303
208 631451 228644
209 846419 1017904
210 47332 723904
211 689579 323870
212 129640 1031290
213 839977 972416
214 159348 944865
215 542715 248836
216 88959 1012917
217 145272 780913
218 771329 1026397
219 113149 691622
220 791851 997272
221 20535 755278
222 17784 712543
223 615105 313120
224 176830 1006258
225 115611 1053416
226 857790 973254
227 15055 710974
228 53594 713283
229 603227 326303
230 710054 328931
231 793069 1013181
232 169791 971617
233 636388 252289
234 170170 1053640
235 621522 307586
236 62303 627797
237 -5385 710543
238 167737 961253
239 590226 213120
240 -8626 808044
241 836945 976988
242 111795 933347
243 636376 233223
244 27033 822388
245 591961 245295
246 762171 1030594
247 148173 988057
248 717088 946878
249 780458 966104
250 1446 749162
251 256389 982785
252 2526 719135
253 102894 720494
254 -18433 710294
255 598270 344620
256 858701 925254
257 835601 1009781
258 790371 1031777
259 848746 984510
260 641990 202165
261 -2446 729674
262 39052 679549
263 147736 981480
264 102304 1020660
265 842857 1009352
266 847663 1011719
267 847318 977256
268 161537 1024955
269 656618 312535
270 808810 1043709
271 663005 247450
272 -5567 845747
273 116277 972165
274 116697 1031514
275 143892 956423
276 812062 1033472
277 788039 957542
278 860835 948505
279 807812 950107
280 89688 889750
281 669747 269385
282 787138 915878
283 697925 278116
284 646381 310378
285 836347 1053114
286 611943 247819
287 639615 338218
288 4448 780449
289 67242 667722
290 67509 693978
291 181369 899799
292 96391 909733
293 85884 747842
294 801658 1071505
295 128034 637298
296 171854 948827
297 642481 304046
298 847041 993917
299 797926 967374
300 178625 987131
301 624183 276632
302 698670 257151
303 169072 956606
304 655008 272288
305 836763 957040
306 144137 917371
307 778486 971194
308 594943 286978
309 -5290 802809
310 807769 978256
311 886878 1033249
312 18782 744072
313 86511 727434
314 120067 746892
315 91493 916717
316 513711 215696
317 -4210 742036
318 818297 935837
319 175126 860650
320 206993 1082583
321 845272 964523
322 194938 1009937
323 169334 1058052
324 826462 1029985
325 148665 998787
326 888328 976359
327 634991 227750
328 -11208 804965
329 608034 334182
330 841985 1019060
331 647439 365714
332 211780 984006
333 148331 906786
334 167346 951497
335 680144 263254
336 656634 268096
337 1463 765189
338 22282 731117
339 589860 310138
340 24759 645700
341 198469 985248
342 25074 718745
343 867381 1001925
344 165976 981833
345 797175 1002512
346 -2281 827175
347 839664 928509
348 134099 961325
349 597122 304056
350 627896 324706
351 763314 1051101
352 747205 356284
353 3201 794781
354 672708 284417
355 843601 957147
356 779987 1015389
357 807785 925610
358 -23280 710381
359 571217 276384
360 651662 199614
361 854928 868010
362 590704 323387
363 125934 1002643
364 187687 961574
365 792495 1031315
366 679957 206982
367 765005 1007602
368 -65602 780980
369 711851 223265
370 4079 669776
371 -12886 832780
372 654726 332433
373 788714 938832
374 36951 739980
375 -26660 772727
376 798099 1039083
377 165047 1012676
378 109678 716509
379 133174 875664
380 178206 941141
381 733415 331899
382 861650 1081073
383 828333 1007364
384 -44632 675766
385 646768 283122
386 610595 275660
387 763484 989292
388 598600 285886
389 779219 1007476
390 194857 977064
391 603780 256660
392 5025 621475
393 235656 900484
394 159041 957185
395 -17905 697833
396 202528 991289
397 132221 978589
398 160933 872292
399 -52281 705735
400 -10019 743837
401 120968 974363
402 74383 717834
403 880115 1016579
404 670503 278706
405 612601 290044
406 602497 309092
407 2125 754420
408 445 724439
409 787627 980902
410 724651 371958
411 63057 803926
412 808599 970935
413 165753 933789
414 829196 1006664
415 832792 987198
416 619913 329387
417 155430 955493
418 663133 254117
419 55223 736839
420 592337 349399
421 157243 1047086
422 37114 770103
423 602822 328194
424 819574 912232
425 167584 952532
426 246089 900064
427 210083 948863
428 869785 980257
429 610361 262731
430 825962 928391
431 -42088 732468
432 221128 1056336
433 195513 990156
434 55113 691536
435 153820 932499
436 48549 722233
437 132238 660120
438 175436 886673
439 597079 310222
440 266188 990094
441 603315 314036
442 539065 292922
443 529580 255441
444 880653 902219
445 83915 806540
446 87565 679449
447 98455 1007870
448 -4346 725067
449 849513 1095060
450 47542 921977
451 140411 986436
452 802145 965887
453 201208 733288
454 78748 848016
455 107718 999669
456 148330 961414
457 800099 1031775
458 32953 676861
459 153001 947979
460 845033 988650
461 9234 774020
462 537086 392572
463 781843 1007000
464 10644 733903
465 624036 202932
466 148501 975674
467 783115 996872
468 15736 665557
469 664146 315381
470 793416 988800
471 831540 993151
472 619259 304877
473 649572 306206
474 838807 1005218
475 780065 1012580
476 621352 316168
477 902922 982170
478 848717 897117
479 -13362 714295
480 42148 710965
481 809809 981337
482 144411 955709
483 739605 936131
484 653527 334031
485 596587 230216
486 171776 992168
487 664926 292388
488 596124 218909
