NAME : portcgen-549-9710600
COMMENT : portcgen N=549, seed=9710600
TYPE : TSP
DIMENSION : 549
EDGE_WEIGHT_TYPE : EUC_2D
NODE_COORD_SECTION
1 911675 594291
2 626696 126084
3 695025 438282
4 664743 395546
5 323803 366160
6 650601 23548
7 668692 445480
8 731272 397533
9 947355 615649
10 833555 712294
11 424033 377479
12 642009 489316
13 692042 371809
14 681838 96536
15 648934 24233
16 386741 350951
17 745534 63389
18 799677 847037
19 950958 730768
20 658710 334197
21 680375 195184
22 970228 669058
23 657054 -1999
24 421167 320277
25 343335 334672
26 599242 421164
27 674662 440852
28 633935 402291
29 436237 352405
30 769328 136989
31 695683 86832
32 933581 623177
33 609511 418563
34 392732 332980
35 719499 146157
36 806972 739999
37 678800 339958
38 748020 128804
39 365305 274297
40 400467 408367
41 401455 326965
42 1027313 614484
43 991702 609014
44 744476 92226
45 426607 345005
46 1022610 596773
47 952703 655306
48 904101 685493
49 652156 373726
50 988220 636228
51 676545 425306
52 705852 395403
53 684713 459451
54 1001814 642438
55 727698 448345
56 514415 357842
57 986310 656947
58 633285 472173
59 1054328 671936
60 749757 81230
61 810589 746365
62 958689 668273
63 789217 802224
64 622919 399022
65 715588 381514
66 602025 483727
67 818763 896868
68 892071 576866
69 740083 70543
70 732942 417647
71 798364 828454
72 625902 378870
73 609073 460974
74 1002203 684413
75 792695 796780
76 1013607 694261
77 648692 73972
78 687872 151893
79 683318 153970
80 683692 416366
81 676859 84987
82 858847 800410
83 799966 834758
84 719205 149748
85 764882 151643
86 701621 473812
87 626681 87760
88 982200 656650
89 664028 34703
90 627050 377917
91 367486 264152
92 374847 367544
93 636712 417492
94 965011 604834
95 447427 363147
96 685682 449145
97 775445 787584
98 695729 385760
99 436550 335727
100 826963 893431
101 822744 881640
102 935230 640618
103 666900 331253
104 366251 312017
105 675080 420507
106 718867 410513
107 686255 421078
108 782828 833816
109 695975 132507
110 487719 428544
111 942834 685977
112 911431 684036
113 916815 621832
114 374031 343171
115 585697 396853
116 688698 438756
117 753034 15936
118 936605 692387
119 654472 163892
120 709247 459786
121 961412 681714
122 670384 426614
123 399247 312300
124 594962 379266
125 965322 642296
126 713335 433714
127 716272 384519
128 998928 640493
129 367132 345569
130 790305 806718
131 341669 389937
132 629912 417908
133 696916 467618
134 912786 826332
135 472576 294444
136 818669 849809
137 779384 149140
138 837716 860731
139 780116 783472
140 590056 398096
141 446657 375913
142 692530 64961
143 639077 387184
144 932048 576673
145 811607 852112
146 763999 887605
147 667550 74717
148 762474 449036
149 716734 38666
150 913242 690501
151 384863 324452
152 1005151 698693
153 840187 861662
154 925088 614277
155 384522 392188
156 902530 641883
157 720768 397573
158 691869 56565
159 976280 604922
160 688933 451051
161 917552 623417
162 475566 413004
163 697799 466345
164 804285 808084
165 443604 349646
166 1013706 588761
167 660451 30114
168 951684 622619
169 729557 805861
170 959211 609223
171 454303 366600
172 869634 950674
173 579702 368202
174 384412 332166
175 897569 633481
176 466160 319120
177 361433 430265
178 777382 866137
179 711564 202220
180 710284 430563
181 952222 694348
182 664308 118907
183 1058596 751816
184 661683 414124
185 669051 372138
186 400394 324388
187 727645 416653
188 721204 80187
189 961407 787913
190 409935 359136
191 659033 167347
192 1068612 638878
193 690921 423507
194 387587 342306
195 745444 217491
196 936300 590004
197 737837 73010
198 593609 416724
199 371060 391513
200 637783 461430
201 970696 669060
202 984304 611230
203 661760 390063
204 990700 685575
205 692958 372126
206 650239 385510
207 988906 723728
208 800452 822388
209 393607 370549
210 376072 333285
211 821745 755745
212 720675 382338
213 397077 389750
214 1013433 612252
215 851966 798279
216 850680 761208
217 1027295 685087
218 801914 823216
219 706956 78880
220 640111 140351
221 1005177 614454
222 951438 656252
223 856519 878682
224 790771 862372
225 1054464 612058
226 686699 395036
227 876910 863760
228 925120 626489
229 317941 300707
230 901002 660970
231 389574 353908
232 421660 339025
233 695492 71822
234 883721 824267
235 423947 330337
236 384607 302721
237 408741 387827
238 679672 423730
239 970398 714201
240 344297 360752
241 604354 335821
242 741428 401920
243 725238 95434
244 722265 420009
245 654702 443817
246 441610 338906
247 720852 116158
248 332712 353328
249 889131 850792
250 380065 392553
251 984745 562037
252 416718 358283
253 628157 386399
254 965587 641804
255 851974 897497
256 339590 335727
257 989225 702492
258 395616 423149
259 766725 10408
260 834059 913472
261 617511 491519
262 1099102 638987
263 1044336 637740
264 982937 637603
265 843196 875337
266 715830 -464
267 306001 301651
268 727558 767527
269 386107 286785
270 917008 843941
271 385613 424267
272 401378 419829
273 376953 399529
274 703331 433366
275 690535 371714
276 977779 614553
277 704516 71348
278 689643 77822
279 780630 837772
280 434029 457638
281 923679 624336
282 834116 839569
283 671888 340924
284 905794 704165
285 631111 107552
286 747637 869173
287 651754 366531
288 707137 411500
289 801858 103991
290 1042094 694716
291 869232 864704
292 674277 38731
293 671537 382479
294 619022 444314
295 690691 407599
296 435194 287032
297 1018639 669928
298 693316 108386
299 977636 662283
300 727231 420672
301 723521 24341
302 703256 447777
303 793995 825542
304 716549 154645
305 383169 356674
306 632609 420470
307 395686 361256
308 812595 887157
309 1011393 722658
310 432276 354188
311 669044 498231
312 342952 360740
313 376278 346875
314 1020522 664509
315 784033 820928
316 745773 794601
317 614342 404355
318 742103 103770
319 374504 355793
320 984580 536615
321 744525 107584
322 461952 311608
323 681724 394833
324 408616 410260
325 839007 741238
326 700958 89592
327 852991 787784
328 678466 38021
329 729764 88113
330 428882 297377
331 1023166 577526
332 807638 805503
333 391011 410313
334 626923 70867
335 385664 282510
336 650900 401838
337 809454 859514
338 990145 661157
339 623017 92092
340 712349 72291
341 774568 842340
342 898128 607367
343 795818 74482
344 658640 408037
345 784856 862346
346 705048 53851
347 669616 503233
348 821033 877136
349 615006 84089
350 358008 414768
351 619672 384119
352 702768 434104
353 672282 456450
354 396494 318319
355 869951 821744
356 1033034 648374
357 687390 422065
358 826025 839978
359 706478 352079
360 634008 129674
361 649320 439560
362 630564 468260
363 1042982 649877
364 766657 843842
365 665024 151858
366 697637 401575
367 704602 70603
368 372688 343793
369 736471 394843
370 1038565 592851
371 958818 614503
372 852940 819002
373 727880 839312
374 664634 71826
375 411887 281422
376 724460 47931
377 655119 442699
378 806024 842604
379 398263 391302
380 654923 291312
381 852710 759978
382 366172 390365
383 399952 369907
384 436736 361311
385 814770 835157
386 1028835 646670
387 977139 615678
388 1008338 655507
389 984408 674934
390 411231 401651
391 672770 74477
392 798828 847638
393 372293 304587
394 1031873 566408
395 986110 651731
396 672083 27189
397 765920 53220
398 660392 43555
399 715184 10502
400 689623 129975
401 677766 321239
402 635436 102142
403 707807 412324
404 319035 311724
405 1033374 572376
406 976728 595722
407 836961 864504
408 725561 399597
409 705964 106270
410 775309 132374
411 852135 811660
412 866784 618552
413 771768 472685
414 381644 266515
415 681326 122391
416 724985 310525
417 1009384 605849
418 385292 387653
419 873048 860724
420 598942 100804
421 400234 353366
422 673885 424498
423 670540 93229
424 952395 666350
425 856722 830435
426 1034796 560745
427 647062 345555
428 722250 35057
429 636943 411812
430 726634 408920
431 652069 60921
432 767877 73987
433 645394 366056
434 818492 871784
435 640559 423822
436 865276 798590
437 659205 -3218
438 732669 472396
439 387207 316221
440 1010271 661588
441 382639 378243
442 388419 362270
443 950979 675199
444 722359 93855
445 1011906 642693
446 379491 343966
447 954086 622331
448 403741 395290
449 761580 882193
450 358266 317606
451 623953 443507
452 628760 439327
453 992077 577900
454 777828 819400
455 996476 654501
456 357125 344054
457 377751 369204
458 814544 839444
459 659727 110850
460 393379 426820
461 782253 59052
462 986184 703638
463 984603 621541
464 379926 354536
465 384249 351607
466 704088 353835
467 693160 368484
468 1007644 646105
469 453437 353578
470 801812 863864
471 974799 574126
472 650044 23702
473 446559 312542
474 792055 789452
475 812152 868244
476 613657 364591
477 1082905 581772
478 986815 590243
479 482601 367277
480 982511 621230
481 1012996 666217
482 768904 846162
483 659955 381463
484 809264 761156
485 701494 366126
486 988131 702730
487 852499 808681
488 711958 342354
489 712351 139634
490 874484 800445
491 373204 372147
492 423777 351672
493 499196 385813
494 1056451 641602
495 771280 894347
496 448980 266464
497 396612 316563
498 1035379 677051
499 787274 854376
500 960095 653062
501 410187 302197
502 917843 658050
503 738611 461831
504 1020970 582790
505 922566 606610
506 830361 865959
507 1051035 639693
508 698010 111472
509 656016 100462
510 922745 577328
511 403454 336868
512 709246 370950
513 647646 403397
514 657865 405938
515 786148 784893
516 641711 367414
517 672228 58561
518 1003931 622250
519 375849 316426
520 802354 790641
521 700508 34758
522 616002 389293
523 979208 621232
524 703227 370713
525 342044 376902
526 954330 598884
527 833538 843342
528 443575 353694
529 718628 98141
530 934945 600433
531 715029 300280
532 985160 609141
533 717728 431923
534 810956 886388
535 810925 811574
536 398522 277728
537 387771 365484
538 710656 191933
539 713077 356316
540 774269 124935
541 423027 357300
542 802039 811375
543 714058 128753
544 717607 126877
545 1022809 608223
546 653591 491248
547 676876 421857
548 639172 346166
549 675909 365384
