NAME : portcgen-444-5219222
COMMENT : portcgen N=444, seed=5219222
TYPE : TSP
DIMENSION : 444
EDGE_WEIGHT_TYPE : EUC_2D
NODE_COORD_SECTION
1 340467 889958
2 457550 873280
3 -55602 690865
4 322416 810423
5 857681 -41069
6 874588 -20976
7 -79909 639377
8 395490 844078
9 -15415 662292
10 738207 544687
11 701373 615389
12 680121 521652
13 768 637208
14 751491 518073
15 844273 2398
16 880856 10085
17 841859 14771
18 447249 813633
19 691939 533003
20 757312 -67534
21 639450 563806
22 418035 873002
23 380375 911399
24 729412 495124
25 838688 -3474
26 -1145 637165
27 358633 888558
28 357462 825869
29 439390 791359
30 315150 743280
31 27985 652421
32 67648 620116
33 875271 24283
34 663305 567412
35 -44702 581686
36 -44394 679713
37 343938 846117
38 418853 781059
39 821336 -57249
40 -926 637400
41 412725 801276
42 -9670 696415
43 2486 705376
44 368470 842665
45 846720 49586
46 682255 540488
47 708398 14089
48 745337 486442
49 803104 84622
50 688618 521255
51 822049 -12388
52 730777 -43273
53 602449 445925
54 836946 -41243
55 835035 -768
56 346427 869549
57 40884 690987
58 63682 615899
59 36853 686739
60 642589 485734
61 703651 480317
62 363465 849096
63 268008 845283
64 788471 28106
65 648454 521699
66 877968 -44197
67 16147 586891
68 91985 694989
69 689176 554419
70 379164 867944
71 681668 521298
72 711222 447425
73 661427 552111
74 743720 476574
75 817164 -4948
76 823726 42312
77 780491 38529
78 825455 481781
79 -81403 702890
80 410087 872847
81 848205 7430
82 404302 891054
83 440030 776158
84 729027 505965
85 406742 816919
86 456977 779734
87 8035 619103
88 -7681 608525
89 293596 758026
90 796472 23749
91 725980 521652
92 456692 902277
93 -24564 583153
94 -79415 674912
95 386274 879151
96 -7531 677434
97 36756 663150
98 342161 877408
99 722982 521431
100 387868 833438
101 778729 50045
102 847671 6971
103 760958 520722
104 83614 692888
105 453958 884529
106 775032 -6762
107 14506 662412
108 634213 438364
109 835677 -64775
110 666567 587572
111 813220 17883
112 857762 -15290
113 48117 587627
114 755489 463996
115 806964 67651
116 -13694 510678
117 668645 588204
118 787159 13504
119 632987 567848
120 784165 30675
121 434038 808363
122 391592 784702
123 14182 659456
124 637943 492605
125 745787 452148
126 780909 100886
127 17986 628139
128 679482 414023
129 362023 787769
130 673625 518876
131 419480 887084
132 749767 503520
133 706503 510702
134 400535 860537
135 405624 870178
136 30394 739094
137 519456 876471
138 362265 818704
139 -13200 688620
140 711915 433806
141 783310 -66695
142 -108147 595824
143 777693 -35876
144 729144 472698
145 754693 447758
146 837619 60730
147 357361 810130
148 449913 862728
149 681854 538764
150 705274 431067
151 410427 873632
152 326634 898664
153 443345 796788
154 381891 867763
155 796795 443769
156 429127 873012
157 -7464 691012
158 820134 -67038
159 760844 -63754
160 300955 867234
161 764776 -63308
162 656601 469074
163 891877 -70324
164 688466 580498
165 788986 464804
166 424621 858555
167 -19629 674399
168 673018 449190
169 358230 848656
170 858478 -57078
171 595830 483171
172 701981 556248
173 25426 601809
174 851209 -32560
175 622323 437510
176 349119 829392
177 604123 440528
178 53157 730086
179 351577 872177
180 305675 833768
181 827666 1227
182 -41444 636415
183 706446 476173
184 681939 483478
185 714084 486594
186 665559 560805
187 372240 781437
188 322933 899636
189 776895 -13913
190 841094 42032
191 376115 814725
192 319168 834083
193 822514 10472
194 685350 487259
195 778555 -43261
196 -33409 581345
197 628954 563071
198 711588 492459
199 703075 373483
200 339028 838012
201 645494 469946
202 324160 863017
203 773131 -901
204 750861 557444
205 353797 842280
206 39169 614351
207 362825 752459
208 427677 814668
209 865533 80617
210 811472 -53337
211 696275 547818
212 434978 818598
213 107529 647977
214 27925 745388
215 723618 544118
216 400236 835984
217 330443 790959
218 830232 29018
219 691545 556418
220 886970 30411
221 717002 449459
222 758722 70398
223 306371 790840
224 335414 920393
225 48666 593863
226 695795 548556
227 637608 398803
228 696495 476235
229 782762 447960
230 682770 594322
231 383835 754733
232 719077 423267
233 853102 79344
234 -24198 702713
235 711155 545686
236 395423 789816
237 681824 493766
238 -68139 586579
239 -32160 628875
240 664544 447679
241 339886 822887
242 734571 517766
243 -14515 635319
244 660285 480351
245 687098 478668
246 678479 443122
247 -8117 484858
248 -82919 677163
249 36675 665565
250 665309 487848
251 933957 -58231
252 -97676 606687
253 378087 850561
254 829606 15828
255 401376 815632
256 368306 835225
257 828549 12304
258 351862 874026
259 726328 588042
260 700512 489605
261 666836 465373
262 645167 560750
263 94842 593561
264 703379 487123
265 796266 62900
266 475159 887258
267 808282 -33612
268 365258 872854
269 82020 611767
270 -1802 658370
271 732755 -44431
272 800785 -98034
273 782803 23541
274 763803 448811
275 327842 820935
276 762020 14800
277 381172 900707
278 384941 850821
279 51988 674567
280 441944 808305
281 700676 484761
282 377870 807705
283 609699 485940
284 -33444 684025
285 667503 414064
286 -46524 737158
287 746781 449156
288 783903 446880
289 -24173 614446
290 315769 804204
291 19735 625008
292 681807 590890
293 344211 762009
294 708964 431285
295 -81327 646730
296 -26041 661300
297 809282 -103714
298 379012 874178
299 33147 686888
300 410129 843239
301 786129 -2968
302 331778 798238
303 794492 491520
304 -39764 697871
305 452917 889207
306 804297 -36243
307 764797 512713
308 -16003 759696
309 -19230 658261
310 812560 25402
311 842288 23365
312 490726 876103
313 722714 527900
314 855308 11020
315 826102 -15700
316 700116 481613
317 658249 570643
318 6400 625507
319 -64646 663522
320 39178 656548
321 441325 842890
322 697216 449862
323 821305 17267
324 740161 -23691
325 90510 620016
326 -92704 705369
327 720334 501117
328 816829 -27402
329 690120 505335
330 333861 892784
331 345541 860529
332 72930 608691
333 431150 777635
334 420810 825121
335 119547 622338
336 797614 -86800
337 335934 870217
338 755341 30371
339 23666 707714
340 558877 505155
341 702244 522300
342 773699 -26509
343 816410 36509
344 638216 422107
345 389338 804842
346 622231 464048
347 296281 782455
348 52519 640924
349 322420 829187
350 -26560 696618
351 728625 458456
352 9426 664677
353 724087 476110
354 46106 595125
355 786790 76932
356 395919 917936
357 849139 14700
358 689563 462830
359 98027 530143
360 802877 -75644
361 55181 701463
362 2678 626908
363 708301 490108
364 867729 -24223
365 377941 868677
366 719984 548975
367 918706 -19980
368 844839 -21058
369 39568 582621
370 667455 624315
371 382411 919449
372 435936 873434
373 829693 450086
374 658324 533324
375 306962 855715
376 733435 454565
377 787680 18736
378 -19693 611561
379 -77955 612151
380 684222 539309
381 -21866 648405
382 365388 791698
383 696061 526530
384 417294 855195
385 705355 481483
386 359438 810832
387 23979 572256
388 851393 92798
389 298703 820225
390 17152 650543
391 445176 860347
392 850088 24824
393 881781 88632
394 619101 498377
395 781906 1097
396 373739 866608
397 367575 897330
398 724471 439352
399 688255 473391
400 852014 39967
401 810638 -50367
402 443377 905353
403 18055 758001
404 727519 535641
405 404691 868181
406 371193 801678
407 821180 -4144
408 372735 771632
409 17626 657879
410 392890 878512
411 -9770 587912
412 -45460 624497
413 814755 -14411
414 345281 792849
415 753272 503525
416 442904 910803
417 12837 675232
418 799065 -4476
419 62305 613148
420 403073 831181
421 11573 719197
422 406161 833154
423 630497 523892
424 -27248 595389
425 878436 16600
426 701543 535872
427 452829 919247
428 347429 902276
429 29465 670938
430 837018 -87948
431 738546 517408
432 797744 -26325
433 757323 52726
434 831145 17500
435 840980 -3807
436 668885 524569
437 353017 770780
438 878312 82676
439 769025 12412
440 401156 850892
441 832451 -18672
442 446777 936145
443 928820 2006
444 705165 520059
