NAME : portcgen-517-7667521
COMMENT : portcgen N=517, seed=7667521
TYPE : TSP
DIMENSION : 517
EDGE_WEIGHT_TYPE : EUC_2D
NODE_COORD_SECTION
1 399888 772464
2 486025 205923
3 769520 743765
4 508812 198294
5 469027 195457
6 479910 80207
7 454932 430386
8 421473 658627
9 844937 709638
10 282928 79934
11 485284 285779
12 519179 185793
13 391026 713285
14 411865 99545
15 356075 109169
16 409373 673265
17 795787 639513
18 361384 90807
19 409134 380200
20 421320 681548
21 497295 473333
22 494676 425656
23 478860 125931
24 393089 624707
25 461024 406050
26 387187 56175
27 833088 689982
28 464959 139205
29 460687 651880
30 434252 98397
31 325252 718349
32 437378 141656
33 471932 160246
34 402826 725152
35 439831 206126
36 457451 517972
37 368350 325995
38 336327 438979
39 865282 710257
40 401809 63306
41 413396 94655
42 396825 746613
43 370951 35134
44 343906 146816
45 478242 155383
46 827199 679028
47 409382 408466
48 513943 337838
49 473537 173506
50 477400 402919
51 485840 682637
52 849334 723293
53 486990 443290
54 405278 397095
55 383697 366115
56 547853 261338
57 543013 463074
58 331613 210061
59 382211 757316
60 442278 453625
61 418893 417338
62 471958 326017
63 482278 341723
64 442011 436356
65 502987 216420
66 464716 496252
67 392420 131702
68 372361 745756
69 848956 741879
70 451536 336187
71 820095 649478
72 462034 436872
73 436929 419746
74 561885 182481
75 441212 651345
76 458373 358139
77 489222 696793
78 424428 54722
79 365621 75377
80 403881 413611
81 366141 766404
82 559744 195637
83 303938 71444
84 806997 670861
85 442648 49345
86 809848 675098
87 452806 768082
88 516030 124669
89 416232 54127
90 447572 169275
91 426630 386465
92 354882 132980
93 293958 713801
94 823824 707109
95 864143 672149
96 418539 367979
97 484088 173265
98 374160 765935
99 435859 459254
100 528865 254715
101 509684 177946
102 402952 434690
103 376774 107827
104 414835 729147
105 405473 364648
106 842563 697551
107 431699 415615
108 896185 690988
109 425072 713611
110 757966 672138
111 323927 90694
112 310994 128500
113 428653 374153
114 857237 703446
115 398155 668451
116 468487 163881
117 386606 662455
118 561457 184162
119 330824 100388
120 415411 423464
121 793067 630743
122 542279 164467
123 444820 235888
124 868483 685180
125 857018 657442
126 775191 659248
127 465162 207918
128 848414 700765
129 361885 625323
130 461655 148909
131 575156 193639
132 506445 380522
133 447715 162266
134 371362 684393
135 456702 674347
136 417499 688344
137 394764 315822
138 418250 153350
139 369082 436066
140 447847 165410
141 866729 682537
142 775698 617663
143 346625 718626
144 795313 668404
145 374406 403362
146 408646 340277
147 415253 478382
148 359554 95134
149 422805 710007
150 499318 171686
151 455165 167384
152 872676 634989
153 471294 188179
154 558906 424167
155 350980 101431
156 464400 163565
157 806101 726097
158 531648 191211
159 837391 723786
160 803816 714368
161 719492 607181
162 367684 680565
163 520421 436781
164 443176 243406
165 414561 90620
166 291015 674276
167 414722 449448
168 361962 167996
169 400129 126818
170 863825 774122
171 887672 683591
172 467253 374564
173 410349 324624
174 475144 657949
175 468119 150225
176 915598 681479
177 445077 129390
178 401751 406885
179 852777 632836
180 810798 723937
181 464803 380922
182 443012 634335
183 784204 684444
184 433438 668541
185 480839 400134
186 416852 503197
187 514465 392145
188 445365 393057
189 488365 182603
190 512220 410136
191 372814 142691
192 821468 688144
193 433023 177608
194 355371 85217
195 520815 228466
196 433073 730212
197 498509 158165
198 341242 83411
199 542434 197756
200 505198 157517
201 390829 64494
202 800350 641898
203 837221 677275
204 860351 660554
205 516016 200049
206 464845 399359
207 499741 403114
208 465657 243612
209 325149 72298
210 478028 395304
211 414377 768361
212 453895 451932
213 766700 718947
214 766020 668114
215 478952 260929
216 758706 656464
217 406835 449118
218 325205 729970
219 418911 234506
220 407301 710512
221 524769 231087
222 321964 116180
223 619577 188390
224 414270 705140
225 508021 254192
226 336578 93684
227 348846 713930
228 383236 112683
229 836862 712025
230 375054 147817
231 434127 102760
232 344846 79927
233 451472 155175
234 459180 119643
235 438149 183149
236 867361 620674
237 450241 147183
238 495389 212493
239 777534 688886
240 461146 187177
241 452590 345738
242 419688 468764
243 476506 284829
244 480404 199354
245 333956 79010
246 478498 137156
247 487531 126065
248 351720 94307
249 367070 707942
250 464030 325394
251 823151 663007
252 430120 695034
253 420792 105760
254 439258 440003
255 482691 464075
256 433311 412089
257 355080 712884
258 838183 760824
259 437177 707856
260 398176 726670
261 858847 696968
262 498544 195262
263 454782 725719
264 368010 677828
265 848980 708368
266 412267 594603
267 942288 741433
268 489122 237849
269 391901 700466
270 432087 224262
271 794900 764974
272 515821 262356
273 481131 192165
274 474872 215609
275 412164 673756
276 506104 108838
277 824003 683780
278 392264 651371
279 756559 622570
280 512918 434386
281 838216 669709
282 359669 692099
283 444262 707343
284 329384 57235
285 823943 689387
286 881790 609851
287 843796 673555
288 837797 662654
289 828444 651254
290 522948 171855
291 812388 715516
292 409425 213166
293 483601 428481
294 426987 184990
295 461107 74757
296 785824 635035
297 384518 745840
298 470517 410484
299 815230 799168
300 366437 108984
301 786387 792599
302 371859 108690
303 800535 661351
304 825739 680203
305 406526 141805
306 821602 664491
307 421493 440598
308 397617 126186
309 503891 205312
310 394602 69251
311 382068 83313
312 811920 702290
313 382919 130665
314 458282 450219
315 752893 691677
316 454463 227838
317 439372 445323
318 826178 683354
319 381029 736343
320 395051 747263
321 877107 601862
322 796167 586644
323 344097 198743
324 399165 398792
325 457891 390112
326 420877 235316
327 333201 612507
328 764692 757252
329 524451 123770
330 850638 721066
331 489467 382237
332 493607 387340
333 440068 742226
334 470881 630092
335 495932 400948
336 779882 635399
337 429634 172091
338 374817 716273
339 375463 128593
340 789512 712834
341 468262 726940
342 513282 701141
343 381904 162016
344 793909 720424
345 369450 714027
346 376523 676998
347 421582 760156
348 478047 442362
349 430373 658423
350 401950 217261
351 476320 585680
352 507857 182941
353 291964 91584
354 460048 510828
355 456330 525776
356 430486 468458
357 524314 177075
358 382623 715051
359 468137 415446
360 359702 63991
361 373880 673228
362 858173 615559
363 853967 734593
364 387105 71883
365 883041 637023
366 367658 708740
367 491006 237641
368 427251 727226
369 419040 186264
370 543855 159735
371 472479 216326
372 478580 384776
373 519616 200751
374 506673 229550
375 494065 202591
376 417928 125802
377 417501 663122
378 395510 740492
379 318024 664600
380 504216 407526
381 894848 668836
382 336580 106919
383 880897 771603
384 330445 105202
385 412582 424800
386 453484 714875
387 433107 651571
388 518098 516947
389 357638 78538
390 415333 686580
391 402593 148599
392 807106 712999
393 394253 415858
394 431972 97952
395 772222 612193
396 347836 667288
397 537023 152231
398 452557 402999
399 323010 166058
400 336146 157388
401 359394 740210
402 333335 698273
403 427355 166992
404 371936 716603
405 408470 124561
406 299392 118680
407 443821 388352
408 515498 252225
409 342332 62945
410 432560 221938
411 535645 117433
412 474995 673891
413 323090 407217
414 809141 720864
415 508775 117134
416 860890 722020
417 437209 670634
418 406690 421259
419 344866 730584
420 381632 677289
421 872407 654565
422 554574 186826
423 400871 751601
424 312474 141266
425 871850 716371
426 423073 782525
427 410398 1276
428 452271 398993
429 400279 693282
430 536816 155709
431 840009 604986
432 864926 718021
433 427948 491372
434 470202 174674
435 402001 394531
436 440067 409793
437 414675 368359
438 508447 159667
439 409052 639832
440 371380 467884
441 412798 150747
442 265038 74859
443 431335 479200
444 566873 205399
445 440157 157093
446 455130 413400
447 361859 76648
448 504249 185184
449 515214 269024
450 399927 378071
451 767825 584567
452 388310 118264
453 438691 681876
454 806070 682691
455 516206 156186
456 398728 445662
457 901230 653777
458 477804 390135
459 525224 132353
460 417178 715872
461 476367 115746
462 773145 668741
463 433026 674821
464 457428 161820
465 426052 378130
466 256038 62536
467 890183 667759
468 423969 689039
469 412132 694461
470 921820 615780
471 387209 102583
472 837238 720914
473 504985 112139
474 399416 799812
475 491431 72947
476 375548 148072
477 381341 652488
478 437006 367566
479 436739 394697
480 447361 161309
481 443396 501124
482 795565 687913
483 483674 389262
484 279326 162031
485 391637 374860
486 486782 400266
487 437884 751642
488 391423 689415
489 297080 65719
490 344052 658472
491 879798 684314
492 322848 118659
493 443700 120150
494 465845 205869
495 387228 638239
496 392415 383471
497 449749 145892
498 362340 671402
499 392198 149940
500 425589 368375
501 417138 667955
502 818626 576543
503 455086 184707
504 404061 640175
505 775661 691522
506 425503 670887
507 470082 209670
508 351248 82400
509 395554 454898
510 439739 423128
511 392793 659169
512 404089 145313
513 268417 78438
514 460420 411034
515 368409 132198
516 356227 133157
517 503593 177077
