NAME : portcgen-528-3324189
COMMENT : portcgen N=528, seed=3324189
TYPE : TSP
DIMENSION : 528
EDGE_WEIGHT_TYPE : EUC_2D
NODE_COORD_SECTION
1 432638 76205
2 952046 987580
3 468635 735610
4 874067 763022
5 883731 762207
6 845150 791447
7 462721 724201
8 904961 991619
9 485880 794237
10 903720 777581
11 431750 42349
12 947220 774508
13 445459 766333
14 419482 672639
15 185922 1029684
16 861355 915245
17 927867 980830
18 909903 821557
19 447103 664625
20 161627 1096157
21 948051 805698
22 926147 942049
23 126934 1000418
24 897493 925583
25 554416 75470
26 470366 764966
27 484930 64418
28 214170 1032753
29 976508 858007
30 213107 1015701
31 972257 934573
32 381360 735697
33 822189 861204
34 103927 952362
35 477432 19730
36 936104 861748
37 989367 952914
38 930182 1036131
39 416134 775518
40 509194 43593
41 402405 731763
42 907136 796582
43 471240 69014
44 867604 963455
45 236162 988817
46 455363 81291
47 475461 68835
48 880441 866058
49 218855 984784
50 131735 980080
51 888954 1013808
52 924111 945809
53 428073 735890
54 437843 790675
55 449773 770645
56 380389 859612
57 901246 824790
58 485903 83093
59 894370 926639
60 524709 111424
61 446555 109288
62 353572 717586
63 874979 758008
64 455340 72922
65 449042 84959
66 841233 873921
67 934065 871016
68 125500 1004303
69 964240 774421
70 890537 795614
71 359714 694442
72 147761 1019202
73 923179 1001211
74 222356 1010693
75 833638 888780
76 410887 726768
77 891182 774602
78 235590 1024340
79 210475 918764
80 904357 879141
81 508377 63044
82 902863 777300
83 360912 683083
84 207015 1031617
85 430223 650755
86 413985 -16869
87 150984 974934
88 435254 716443
89 927288 772621
90 154178 980224
91 358531 710176
92 425228 117806
93 404637 698825
94 258817 996773
95 914452 780152
96 431060 657104
97 465815 718843
98 829233 869694
99 924395 805950
100 814899 813917
101 943495 778506
102 934061 1012058
103 108348 967889
104 805313 811733
105 93235 1031604
106 823567 785149
107 473049 712088
108 531632 35219
109 272846 963350
110 893552 798687
111 987192 938744
112 958877 786266
113 881576 779978
114 983301 1022117
115 365096 721261
116 246547 1009951
117 471207 716937
118 448465 726951
119 170005 965254
120 168879 990274
121 431524 640241
122 1035678 804369
123 925705 988728
124 957563 1058084
125 398532 667794
126 214765 1002228
127 928508 927824
128 816977 864083
129 143521 1023144
130 317805 725741
131 933620 991492
132 961227 929042
133 395963 726773
134 502668 754036
135 217650 975696
136 478799 85847
137 470534 50388
138 406058 695799
139 882667 994036
140 472406 51681
141 896033 837104
142 508871 6476
143 526264 141937
144 1000297 1021853
145 258029 928532
146 421831 729092
147 548112 68611
148 135698 988090
149 173052 989653
150 404547 674798
151 197765 1027613
152 972247 799475
153 439503 102339
154 176733 1033002
155 208481 1041241
156 999561 935160
157 443869 40674
158 939088 1013853
159 209590 1033391
160 490329 -49916
161 970012 1001290
162 453367 695476
163 226024 992116
164 404692 639997
165 457244 49434
166 374347 681821
167 475252 88238
168 935569 998163
169 494347 68548
170 256924 932101
171 928364 1021104
172 901898 938075
173 214307 1096145
174 541755 46070
175 397715 691490
176 998001 996628
177 456045 122711
178 467884 81665
179 492895 122596
180 333881 711714
181 158395 1024923
182 464426 139664
183 794145 992183
184 404276 721074
185 478928 92153
186 363111 786272
187 445838 92722
188 499203 90930
189 447181 784140
190 449450 134518
191 506327 139337
192 475287 678620
193 403392 651407
194 488843 665337
195 435724 -4043
196 492536 751895
197 258035 994018
198 190546 982318
199 932160 880223
200 933886 837437
201 449587 15919
202 229512 926982
203 433536 704249
204 890250 839199
205 460918 73351
206 456652 735359
207 207717 1008854
208 851495 804485
209 438180 732067
210 134363 937604
211 787674 990861
212 159952 1052822
213 906661 973143
214 482394 -10949
215 475157 714418
216 192601 969931
217 454256 699087
218 865800 942771
219 888273 784947
220 987021 753143
221 448725 781004
222 441053 52990
223 159846 932884
224 884009 787948
225 149588 1043280
226 534208 82991
227 214220 925544
228 167156 1000426
229 930982 814397
230 989619 970654
231 472819 106564
232 877744 831520
233 184528 988768
234 904987 755464
235 918464 768654
236 871796 728144
237 177420 1001064
238 233210 961175
239 190855 1015156
240 394514 732155
241 466301 66656
242 215913 1045445
243 507279 107185
244 493937 804960
245 494123 127451
246 891342 1042239
247 870680 749998
248 423488 111597
249 886536 791775
250 262344 1089956
251 319286 710196
252 408802 695606
253 453451 67859
254 881085 994255
255 884382 808620
256 919945 819758
257 919842 1031743
258 901243 713818
259 885995 771407
260 160723 945721
261 516135 650068
262 434095 160217
263 964626 855938
264 471870 71834
265 451170 712214
266 397961 771302
267 352392 700062
268 490104 110890
269 476277 766854
270 215084 1044602
271 474668 87141
272 369890 724553
273 446838 739833
274 930319 936167
275 205584 1012388
276 485818 706670
277 472094 6186
278 197042 1010188
279 1001751 987287
280 401534 715281
281 874591 1016875
282 999105 947665
283 482311 693962
284 233320 937040
285 394816 36769
286 962892 990648
287 926166 994305
288 919027 779578
289 149076 994756
290 166850 967754
291 383225 647893
292 475102 75195
293 562484 111206
294 885477 874967
295 939182 1037950
296 877793 845307
297 406131 78658
298 918289 949838
299 393272 767493
300 892316 843614
301 104056 902031
302 497721 98721
303 239970 1003461
304 465473 43945
305 461199 632095
306 958075 872558
307 839498 951460
308 940273 965948
309 195283 964035
310 900143 764850
311 414695 741078
312 409547 86811
313 400845 701538
314 177475 989390
315 158487 981840
316 400796 757970
317 208017 1020305
318 943047 938414
319 504467 691300
320 436802 142428
321 514590 50172
322 422486 738289
323 562296 79641
324 924581 972626
325 906945 916762
326 499527 51100
327 178653 1020932
328 921219 786858
329 519523 56489
330 287506 931859
331 183040 911549
332 865259 982975
333 475766 659712
334 902008 949649
335 853699 836680
336 436227 682966
337 445275 106364
338 840447 766198
339 210938 1032667
340 198963 967043
341 919464 828247
342 924660 946367
343 481926 687371
344 418305 755110
345 423587 774294
346 811073 797233
347 449981 74910
348 950376 732822
349 397184 713109
350 834575 854509
351 96975 987374
352 939967 970489
353 802035 798538
354 947824 1018353
355 883886 881343
356 271368 958013
357 542632 110703
358 454062 87198
359 427499 51569
360 894970 893578
361 288874 1123621
362 518727 39981
363 933530 938732
364 885430 1029602
365 167681 973554
366 912573 1002751
367 946936 801856
368 377022 736131
369 440071 91159
370 884791 769071
371 894370 891117
372 527213 65331
373 864188 801413
374 432266 687762
375 497043 30697
376 229413 927724
377 451050 736369
378 469473 -4758
379 468122 769364
380 454686 23079
381 801316 879802
382 365544 735358
383 906107 773218
384 493206 59075
385 883453 849949
386 352915 792962
387 439121 794078
388 228157 871502
389 423206 764403
390 176666 1039237
391 498344 51696
392 851407 827389
393 875631 817503
394 929594 782972
395 915893 776906
396 862976 764486
397 945062 845560
398 239081 985803
399 882891 916077
400 931230 943061
401 158929 949808
402 182193 946086
403 923870 716721
404 462620 85083
405 545684 62220
406 940504 900518
407 862227 786914
408 903804 792928
409 937731 944776
410 909410 1018996
411 366969 707109
412 548799 60123
413 553502 38984
414 502677 694362
415 957540 938739
416 401294 66669
417 226142 945956
418 475331 727908
419 960679 993368
420 465255 79402
421 428953 718844
422 943402 1089563
423 906143 883873
424 229179 996770
425 138173 971311
426 1022726 1009507
427 435045 714277
428 450489 18076
429 233673 1007435
430 477543 105063
431 183332 973071
432 919281 787929
433 387185 640720
434 411127 769566
435 378238 770251
436 453065 117519
437 939252 778216
438 932335 757908
439 951257 1031528
440 405971 647602
441 491233 708302
442 469033 48491
443 834210 1001726
444 457421 771525
445 838643 1079930
446 876955 750219
447 510244 -1064
448 919847 999652
449 379792 742277
450 448616 731215
451 483127 670025
452 438164 46058
453 223140 976544
454 911278 961193
455 868189 1026316
456 221664 1012212
457 945999 1062570
458 448331 739216
459 964830 864215
460 336514 120964
461 921654 1036013
462 515935 75962
463 419214 86977
464 161968 990094
465 223764 1052827
466 161448 1014623
467 179781 1041568
468 169730 1037971
469 908863 797669
470 197748 1012325
471 465044 746271
472 979741 1001634
473 267807 945562
474 865117 985994
475 880132 960686
476 944496 841155
477 849770 1001110
478 838953 826406
479 911288 993574
480 403427 655851
481 899356 812484
482 443434 670913
483 880084 880664
484 459357 39766
485 442690 735181
486 464607 78379
487 909951 1045608
488 447395 719954
489 396165 749014
490 875206 783667
491 146444 967707
492 385531 711193
493 813721 801329
494 877464 924093
495 485289 -7636
496 941065 818375
497 493328 33312
498 159372 971964
499 520957 -21612
500 908199 769879
501 487158 661599
502 143986 1069640
503 877546 756920
504 969320 956123
505 867148 887971
506 228666 1048512
507 467267 80101
508 451616 22416
509 407451 678120
510 133026 911136
511 218099 1001567
512 921799 1051570
513 202429 1018214
514 932788 1082024
515 913275 791660
516 426427 718180
517 402652 673345
518 442553 28103
519 422268 44239
520 494339 141227
521 213264 991818
522 218971 995748
523 348311 765759
524 235896 965691
525 435274 718991
526 179890 1076893
527 426286 810228
528 956454 733713
