NAME : portcgen-518-8309781
COMMENT : portcgen N=518, seed=8309781
TYPE : TSP
DIMENSION : 518
EDGE_WEIGHT_TYPE : EUC_2D
NODE_COORD_SECTION
1 245291 1020931
2 122080 783349
3 126291 699534
4 141581 722648
5 361460 789542
6 444032 928188
7 313654 884956
8 478071 929870
9 921115 216839
10 1018166 155240
11 102341 761440
12 105803 730179
13 464743 942896
14 56318 668030
15 144744 698588
16 165308 686413
17 401849 799319
18 452407 887691
19 538587 887562
20 102940 784187
21 204812 999735
22 935999 108689
23 384042 854883
24 295442 926059
25 129434 741963
26 157301 718546
27 321650 837340
28 416744 934258
29 207902 728649
30 133296 764015
31 347378 805683
32 101109 746041
33 272661 786877
34 227769 1029154
35 466179 969395
36 449580 921666
37 953588 157504
38 512260 987469
39 313886 900401
40 348323 772318
41 1021962 212860
42 479035 849809
43 330601 897927
44 832802 212444
45 57630 701605
46 442143 919124
47 256821 945097
48 449256 964052
49 886404 223057
50 333772 820308
51 307682 963244
52 202416 648136
53 524255 927740
54 178189 704491
55 231792 740529
56 934590 198725
57 862855 178919
58 284542 1013918
59 132590 749410
60 479489 939412
61 531406 932729
62 362018 1004263
63 845689 207609
64 259864 920853
65 104002 726451
66 481448 992584
67 434850 987688
68 312491 876897
69 905488 155032
70 795070 152781
71 144163 680732
72 394071 863735
73 527398 897760
74 479585 904672
75 889406 176969
76 100339 676779
77 225955 907824
78 133144 771661
79 299148 1013075
80 74765 663106
81 446015 968526
82 895936 96982
83 115977 728382
84 342552 885033
85 277586 790093
86 56860 760508
87 459221 984464
88 458984 861237
89 246390 921803
90 324198 921679
91 78108 758271
92 517396 944963
93 894214 205751
94 335117 827294
95 287420 989421
96 132845 691811
97 465395 911525
98 979184 239568
99 162843 733992
100 943753 295672
101 960702 184026
102 143690 779604
103 330757 794055
104 413674 736691
105 97538 686478
106 312165 840371
107 508427 965201
108 907107 176189
109 448997 928320
110 474987 937156
111 92702 815633
112 130588 792600
113 129069 741718
114 928231 141605
115 345320 988919
116 515899 977239
117 423812 852790
118 903060 168309
119 179916 796259
120 79858 657522
121 96530 810557
122 129806 710760
123 97515 783930
124 449772 932305
125 941954 235603
126 138175 917043
127 116705 687639
128 969874 158185
129 539862 905640
130 143180 652548
131 934194 141013
132 453794 949684
133 129204 741147
134 900882 163503
135 329218 851142
136 263059 940000
137 107205 777805
138 287013 982172
139 474125 961817
140 324738 883700
141 172890 726589
142 340745 940015
143 100168 782975
144 953326 257614
145 406221 842008
146 384461 850670
147 494733 928101
148 301764 808784
149 873213 154280
150 360291 826059
151 327292 717743
152 971799 172359
153 982581 239376
154 326127 823710
155 176351 982240
156 282715 958004
157 273517 922250
158 313108 863843
159 392936 934957
160 313406 719798
161 899261 210621
162 470155 976925
163 277670 963124
164 384286 851680
165 913177 219654
166 383701 790896
167 158089 724659
168 476735 922919
169 129112 726239
170 351687 1016820
171 887507 133148
172 334554 980333
173 47698 803081
174 1010320 231230
175 86578 694813
176 1012940 267856
177 258537 805442
178 295517 947237
179 339942 1016159
180 512382 871733
181 126710 694096
182 108299 764053
183 274696 980828
184 270630 967581
185 244082 1017199
186 347309 766451
187 427582 987756
188 165309 660650
189 496374 877058
190 332057 826025
191 926336 139332
192 380770 751757
193 270268 923289
194 954274 245971
195 370783 787399
196 424533 934024
197 77302 802495
198 332282 865448
199 105269 730493
200 504877 954598
201 314155 826754
202 923482 186711
203 897970 163962
204 318827 870190
205 113088 719870
206 52474 733997
207 159233 872852
208 354171 999881
209 160928 723693
210 303818 860158
211 425643 896364
212 60993 772392
213 925911 179725
214 340051 807908
215 243984 884764
216 901449 195724
217 513419 940684
218 275033 1014556
219 307120 1028445
220 300558 788942
221 407088 879323
222 208720 921751
223 119978 780781
224 374424 879275
225 152223 758791
226 888345 215685
227 900521 224279
228 934449 223485
229 283841 976999
230 298117 812608
231 291979 843634
232 293996 967899
233 322313 1009030
234 502458 916929
235 958484 250901
236 146939 985801
237 128490 736424
238 162263 703101
239 48859 706460
240 520010 944546
241 126631 694674
242 164659 699185
243 381758 866185
244 297256 796617
245 553828 903546
246 338907 768269
247 294829 831577
248 123403 790393
249 158333 780695
250 914178 178152
251 265020 999300
252 973140 181466
253 494188 960379
254 373394 1013559
255 283173 902074
256 66823 781465
257 104318 687107
258 268455 934820
259 459431 886775
260 430714 951183
261 952336 195250
262 385541 699923
263 289761 847007
264 299279 854786
265 317771 796145
266 295569 993889
267 425124 810541
268 134893 671260
269 433094 878809
270 937888 181167
271 439298 895146
272 68812 685478
273 977916 180921
274 205682 717669
275 407878 988380
276 271936 877308
277 394833 723242
278 322963 862035
279 520780 896823
280 405011 921466
281 423943 876773
282 244980 887988
283 402887 979846
284 297063 965182
285 146500 732131
286 130662 690537
287 322961 942475
288 977197 202113
289 324895 793336
290 918734 98198
291 232243 895338
292 364512 833921
293 969362 146340
294 244262 965608
295 378521 798814
296 299445 930443
297 488597 1028601
298 38535 745947
299 386955 954850
300 497444 885031
301 500597 974942
302 487071 951373
303 140714 690336
304 102791 754368
305 972364 189327
306 266855 954072
307 333121 962141
308 306631 823191
309 367026 915414
310 141547 641390
311 472942 941163
312 906076 205595
313 359767 825506
314 242167 961715
315 352011 820402
316 228334 750304
317 471913 976876
318 109352 708389
319 98010 751455
320 108710 734233
321 168491 705359
322 912146 210893
323 98249 687701
324 256260 826544
325 372018 960481
326 368355 981118
327 477485 925582
328 451275 952838
329 274674 1080706
330 953088 260649
331 246452 962813
332 303030 785207
333 112751 734488
334 124153 731472
335 449124 938450
336 448260 895243
337 357388 733269
338 327376 903166
339 231788 929357
340 148000 752838
341 95029 759733
342 460989 927422
343 432430 810104
344 400201 840465
345 56883 713218
346 943022 121782
347 253190 806808
348 258722 829173
349 119198 728621
350 167594 756556
351 215822 914414
352 93489 681642
353 182768 746949
354 451141 897590
355 273250 800376
356 161966 723266
357 810140 104403
358 305408 956944
359 316309 858812
360 97083 678736
361 866042 202072
362 152724 731338
363 312618 1031771
364 930643 246103
365 132867 752087
366 151020 844853
367 940339 258398
368 898081 172832
369 288038 856427
370 145739 652947
371 430578 874798
372 505718 969906
373 255709 962564
374 346103 725090
375 227243 731591
376 371307 796315
377 438481 933970
378 203179 758188
379 871547 273042
380 978707 225536
381 293824 923171
382 523190 935481
383 1007440 171445
384 131064 685113
385 91871 615651
386 331577 866452
387 192364 796832
388 927885 219416
389 284791 988522
390 55431 729673
391 913462 276260
392 342882 840200
393 108584 703886
394 460338 1022608
395 493451 936872
396 479349 917874
397 194041 685017
398 133075 727916
399 960176 176952
400 293285 765073
401 278608 863999
402 112325 778726
403 92465 691509
404 329635 1056649
405 312054 859775
406 92969 638178
407 924414 209973
408 447286 942652
409 426273 898999
410 898418 160126
411 247834 832918
412 333782 780610
413 884907 189204
414 397395 835141
415 327236 834546
416 859615 171822
417 541448 922778
418 309725 786115
419 242813 961235
420 282859 962125
421 268042 919215
422 931657 123547
423 211533 963254
424 414458 947744
425 862844 177721
426 246409 1025760
427 114451 737486
428 236171 1047091
429 313266 812086
430 153935 650033
431 202423 964531
432 920024 230954
433 920765 196426
434 460045 952008
435 150241 757441
436 162661 686410
437 79346 734261
438 125187 764623
439 491023 975561
440 293946 1038418
441 399390 937111
442 293006 977329
443 264523 802852
444 434202 919961
445 241639 833487
446 381629 876010
447 215264 958843
448 477690 987149
449 927214 177784
450 964962 216423
451 926324 265066
452 283644 992137
453 142462 766505
454 61295 762411
455 340537 1035495
456 239120 992958
457 882103 161356
458 964639 194994
459 415358 839259
460 408262 940145
461 300293 992098
462 122888 749387
463 883348 277563
464 932237 155199
465 123693 763593
466 325125 887704
467 76071 717395
468 275239 982511
469 861133 179265
470 437060 923583
471 472467 1025500
472 143188 755326
473 196383 926063
474 532871 947536
475 278614 966373
476 115096 775649
477 379247 807141
478 215397 982838
479 347367 1014349
480 496120 944312
481 393653 960803
482 348755 878034
483 947193 116604
484 253789 1012669
485 494452 980556
486 230044 967787
487 383723 985553
488 60554 727701
489 247854 997868
490 90881 786019
491 336002 795854
492 393723 755750
493 139058 796337
494 100992 667322
495 259290 1027864
496 306639 1003122
497 948227 191588
498 119416 731058
499 316751 1017564
500 317429 815426
501 375382 783593
502 134132 784023
503 260366 850542
504 969784 230429
505 67198 659444
506 96082 666452
507 304228 985170
508 215700 929790
509 243332 1025178
510 385911 998475
511 467390 946417
512 423490 831788
513 383085 881629
514 61996 725738
515 354118 844833
516 364242 786134
517 511949 900731
518 492896 916652
