NAME : portcgen-429-4723572
COMMENT : portcgen N=429, seed=4723572
TYPE : TSP
DIMENSION : 429
EDGE_WEIGHT_TYPE : EUC_2D
NODE_COORD_SECTION
1 319362 821662
2 827694 438852
3 779913 521564
4 872751 385412
5 870684 374130
6 797028 509995
7 612477 590411
8 713404 546035
9 355409 840059
10 867223 520365
11 799392 475368
12 797045 438333
13 776284 590401
14 847371 605209
15 436674 872732
16 739670 497559
17 287150 893347
18 915972 523011
19 285545 824564
20 680156 570794
21 908273 367407
22 775414 601883
23 304260 856497
24 643387 608440
25 804849 338053
26 700126 618689
27 326732 909364
28 903105 353331
29 628363 560751
30 333772 844811
31 822297 618308
32 712713 485037
33 835513 446784
34 798747 548513
35 670359 561751
36 701739 638052
37 874505 365229
38 820792 533818
39 698429 553737
40 734363 520867
41 801413 460048
42 875026 373743
43 443248 943202
44 733497 562577
45 394829 883482
46 832764 504679
47 432096 858162
48 922540 376192
49 862244 454470
50 834826 433028
51 751372 548368
52 401720 796151
53 404679 890455
54 808513 661755
55 884816 389724
56 924363 319096
57 801232 418147
58 886458 498685
59 853891 534294
60 934739 361594
61 490455 952950
62 691656 533893
63 854681 476437
64 409390 840339
65 826357 482395
66 877775 376807
67 841648 453446
68 824818 404965
69 745487 578454
70 892333 287627
71 430693 897424
72 316288 889740
73 427292 895121
74 897918 360160
75 847260 346108
76 801223 563738
77 792600 557102
78 854375 475402
79 831054 450523
80 368967 899600
81 914996 381357
82 334380 910484
83 388601 852196
84 683444 730613
85 390368 868969
86 832410 480161
87 654081 517836
88 759629 584146
89 411965 818863
90 400329 875700
91 901905 322487
92 876632 265397
93 442343 911864
94 746165 563755
95 808470 449747
96 872355 435106
97 713890 543324
98 848852 531704
99 777990 348655
100 693223 564463
101 740473 640500
102 357939 932685
103 461469 930456
104 867619 276885
105 723961 558972
106 907644 319931
107 707157 563576
108 878477 359379
109 336591 893014
110 649724 485806
111 761289 591841
112 930396 368868
113 844739 497664
114 276679 891227
115 743401 625015
116 802117 537807
117 746473 464726
118 682026 561003
119 382753 831535
120 800180 517293
121 748798 701439
122 287807 856505
123 455439 830751
124 798713 466720
125 962434 409160
126 823206 484512
127 664855 645469
128 926668 385177
129 901861 303986
130 902079 291076
131 659820 552109
132 674522 450117
133 355973 782213
134 784076 399234
135 895531 350123
136 800646 474873
137 382118 805949
138 373789 893172
139 342949 897688
140 385142 880151
141 855275 330777
142 415735 903570
143 444023 897540
144 903960 499488
145 760750 538575
146 721821 560475
147 758054 394566
148 380358 811970
149 365214 814662
150 880687 277449
151 835734 402703
152 917052 352439
153 845830 431143
154 787803 475122
155 813050 475321
156 847752 473399
157 897027 503386
158 889560 306092
159 682421 601801
160 820060 461488
161 864391 317264
162 745638 557368
163 908744 409057
164 885554 505045
165 831148 420719
166 923608 300056
167 826286 385919
168 820020 327418
169 344572 939626
170 434517 865373
171 314272 834637
172 357774 866747
173 858328 370692
174 786929 471509
175 967871 358452
176 352247 835196
177 697211 500530
178 817026 520806
179 405103 873043
180 757319 388116
181 801762 369727
182 810859 448206
183 409526 957828
184 921089 320095
185 821715 418693
186 891205 379320
187 721399 656205
188 705480 598853
189 649597 586567
190 763647 636137
191 669567 600109
192 429839 922919
193 858401 296802
194 727131 428394
195 851378 484600
196 432049 884099
197 946295 318759
198 887591 388934
199 970249 460315
200 836363 353791
201 842209 438148
202 884331 320435
203 340914 836124
204 451595 773954
205 919967 323812
206 378132 777055
207 347307 900170
208 771186 547764
209 866468 432889
210 704120 636168
211 721334 600961
212 761809 408150
213 696861 579314
214 977338 303103
215 896806 292079
216 725953 623088
217 877825 552862
218 345130 929205
219 723704 581514
220 673160 575115
221 758114 544025
222 370709 910628
223 840261 494672
224 405289 858926
225 853384 345585
226 654113 559580
227 841525 409328
228 763377 589648
229 783246 353723
230 865236 383087
231 862333 429634
232 975548 308620
233 963285 340859
234 903287 495681
235 823309 327196
236 869833 508170
237 431097 829736
238 363758 917221
239 663712 565477
240 343186 907144
241 802001 484385
242 708574 611001
243 827321 527431
244 721668 589198
245 355868 873708
246 399948 776158
247 899000 420278
248 399199 846024
249 888867 490771
250 436195 827457
251 794220 550320
252 837465 491905
253 343163 921463
254 674814 485892
255 786303 477149
256 706219 548829
257 725965 496244
258 760305 466860
259 894984 416907
260 365986 776019
261 929280 315663
262 777501 294976
263 756456 526048
264 702680 621884
265 769084 485390
266 815667 378276
267 468246 902131
268 649119 561329
269 729794 560239
270 406607 854129
271 821346 451746
272 799966 395287
273 830964 588111
274 806407 611065
275 442618 914048
276 390964 923269
277 781724 418119
278 966668 374272
279 325388 926992
280 314404 742638
281 810377 501155
282 406776 841701
283 846774 601872
284 845193 362406
285 782967 458880
286 338430 905498
287 745965 602177
288 322040 837209
289 767371 443897
290 854633 319405
291 814494 446897
292 450531 815709
293 339990 859719
294 891266 415259
295 840262 530848
296 374044 851515
297 371018 952285
298 722654 585008
299 808968 519477
300 876529 425257
301 741286 402906
302 767940 516271
303 747519 566607
304 920034 341080
305 386784 828322
306 432927 925728
307 882771 426499
308 922110 400702
309 728491 580096
310 773115 668609
311 844994 359770
312 728871 561183
313 420028 829848
314 817953 397778
315 841120 441352
316 836660 505227
317 428133 814352
318 358613 881705
319 376444 911631
320 244282 876989
321 864073 353555
322 672697 554587
323 970887 311775
324 771554 429563
325 807908 515524
326 758310 329135
327 743323 515732
328 966359 459286
329 322207 867837
330 726499 539454
331 375583 834568
332 444821 817276
333 792641 560088
334 360924 871414
335 888629 397875
336 804909 520822
337 827461 450685
338 893046 340891
339 784772 503290
340 309094 862528
341 848011 450496
342 742127 358233
343 394375 897644
344 857535 344848
345 770614 462463
346 694286 534429
347 820010 311703
348 336250 896239
349 896485 333166
350 884379 419588
351 881316 401352
352 648281 628054
353 374653 841412
354 382205 822503
355 444099 906902
356 852267 359830
357 874645 451986
358 766690 591824
359 712820 542309
360 819703 615466
361 892488 324112
362 607057 547776
363 676986 629464
364 858867 467695
365 831808 377786
366 921280 324670
367 860747 569920
368 456539 796428
369 690140 549602
370 897252 352262
371 721972 615190
372 803244 540686
373 804134 505422
374 807333 367225
375 775619 437889
376 818288 497959
377 366373 826715
378 837118 428329
379 786403 628174
380 368515 913277
381 362291 797177
382 465839 860357
383 753550 541008
384 850044 290305
385 888533 419850
386 391104 920622
387 564321 892609
388 344712 902110
389 901001 339504
390 830408 412695
391 816010 504732
392 801088 492207
393 900938 357431
394 843624 404925
395 785172 552889
396 307241 892965
397 865715 542752
398 308123 834977
399 912711 409278
400 617484 567715
401 820963 354804
402 814263 542421
403 927050 366256
404 444716 851116
405 950623 366990
406 371284 847693
407 423444 807823
408 775843 570066
409 845682 304169
410 397717 799955
411 829947 487587
412 757616 512611
413 403604 837411
414 933674 307627
415 810198 455979
416 429695 803995
417 352717 853268
418 879144 315191
419 371732 811732
420 978213 313173
421 931953 361742
422 929499 390989
423 391332 996228
424 755620 542804
425 809825 351814
426 834111 528508
427 805808 513793
428 372733 853395
429 858023 461144
