NAME : portcgen-415-1139093
COMMENT : portcgen N=415, seed=1139093
TYPE : TSP
DIMENSION : 415
EDGE_WEIGHT_TYPE : EUC_2D
NODE_COORD_SECTION
1 712756 857481
2 310307 659929
3 73791 448256
4 240276 626953
5 928866 662949
6 164889 353156
7 118343 313370
8 729752 949423
9 50153 409572
10 671602 771456
11 289178 661417
12 648483 814842
13 121183 334035
14 348878 615451
15 125822 331073
16 39453 276095
17 108343 408240
18 683323 879554
19 961578 755974
20 667025 827601
21 666305 856098
22 837375 747457
23 296233 600410
24 914304 719616
25 926882 669368
26 572030 803897
27 909698 720194
28 379296 684772
29 319005 670787
30 1005754 708577
31 121127 355599
32 978920 717625
33 434845 722130
34 149784 396068
35 381763 634896
36 947214 688113
37 128882 309650
38 -23723 326866
39 321309 635016
40 726297 859335
41 310107 580395
42 54605 299239
43 329325 675173
44 142469 366142
45 616093 802153
46 65603 232985
47 618785 864416
48 280925 758846
49 33282 392115
50 118017 408387
51 87373 313515
52 52761 350463
53 166503 297354
54 257636 600290
55 879743 702391
56 395855 584812
57 705950 757514
58 168537 344594
59 631662 838092
60 333030 628681
61 949890 674693
62 383596 652534
63 663064 802135
64 135748 313595
65 642267 845305
66 327000 653712
67 312828 702543
68 310678 639882
69 692594 907160
70 387250 630752
71 698885 794366
72 694411 896967
73 946563 695392
74 938679 657140
75 879724 678018
76 686485 860772
77 867610 685079
78 145810 309040
79 370932 615709
80 103067 315764
81 983485 820243
82 90708 328043
83 919495 658981
84 274433 591624
85 915288 621638
86 744559 901267
87 648889 884016
88 68061 303816
89 641552 926262
90 660669 859389
91 313959 665529
92 629815 843404
93 310199 634611
94 892920 717475
95 359369 665351
96 754036 900451
97 377533 614645
98 621427 789271
99 689539 765697
100 69407 308359
101 896092 702909
102 926031 674089
103 678083 802557
104 317264 578877
105 76688 347354
106 182681 386944
107 854103 662658
108 930405 720834
109 63822 222117
110 344274 574545
111 883394 700617
112 688563 861450
113 588775 837358
114 268715 651051
115 903544 644656
116 435060 717153
117 929705 751125
118 701920 870525
119 403544 710937
120 686141 855240
121 91687 295968
122 418972 457913
123 73162 268003
124 933551 762797
125 96247 364444
126 104204 351155
127 884306 640206
128 949410 711830
129 986979 556352
130 628562 880017
131 373158 673891
132 283823 620616
133 616680 876472
134 333199 610584
135 124102 368690
136 418520 672539
137 324080 496433
138 185447 282488
139 45378 360755
140 335212 567005
141 733977 806833
142 27167 297819
143 677476 870994
144 393603 610454
145 372443 696285
146 259464 658277
147 332625 615403
148 573904 846731
149 891601 770506
150 120924 309840
151 690564 879453
152 84475 396719
153 615530 978607
154 647069 837838
155 652369 861963
156 952477 772459
157 637704 835411
158 68671 409829
159 116383 300308
160 690677 901809
161 614156 875891
162 1032102 712613
163 316997 552347
164 117870 301474
165 111738 374294
166 851350 718489
167 700388 850310
168 413965 555722
169 390279 726663
170 643923 793900
171 69535 394317
172 573879 844021
173 355225 654449
174 895506 627896
175 381444 640578
176 345583 693716
177 -12144 322901
178 412501 597665
179 320956 649508
180 678264 803971
181 43832 343346
182 692127 854799
183 389687 612428
184 94734 355829
185 934269 741243
186 564659 855952
187 685922 900615
188 320135 588316
189 678366 881168
190 300834 568954
191 278333 644927
192 937618 725177
193 593372 885508
194 444785 673261
195 357932 653426
196 655614 859101
197 924936 778242
198 626858 887789
199 623525 831667
200 380383 640574
201 356721 630745
202 946215 718085
203 377645 617223
204 654961 803828
205 249964 572069
206 399329 642713
207 884510 710816
208 84369 321811
209 674275 905061
210 345753 662103
211 133063 325505
212 335161 575091
213 324666 678454
214 126795 334987
215 180558 334393
216 610510 801668
217 661412 773041
218 883088 659097
219 664008 793669
220 599155 917297
221 118582 437114
222 728841 836377
223 54294 300911
224 40052 296273
225 935744 806237
226 698385 841387
227 47742 374007
228 713147 838603
229 757511 879841
230 913269 729942
231 971472 735040
232 267978 607391
233 955066 558207
234 149794 400171
235 611884 914086
236 670287 798425
237 132282 349397
238 304614 625287
239 319392 634914
240 603939 789767
241 429091 654251
242 78908 391269
243 295797 631956
244 877890 722510
245 947695 621090
246 915128 680477
247 212591 360529
248 714380 860875
249 339243 664980
250 693496 925378
251 298272 664776
252 313773 565698
253 882299 756064
254 42952 321483
255 42353 379344
256 134257 366886
257 107182 308151
258 335531 655372
259 327183 634833
260 665486 867907
261 929250 745322
262 338226 602078
263 105704 291552
264 740041 911987
265 846145 712167
266 33811 338701
267 381237 599604
268 314683 595052
269 150619 390442
270 10353 311417
271 286514 586357
272 368067 654992
273 96406 390015
274 825177 683683
275 22654 271952
276 865387 754045
277 321420 567092
278 845188 692152
279 623379 889827
280 731208 798887
281 890576 726730
282 100343 337702
283 338450 551984
284 952264 780372
285 709281 868829
286 364732 645262
287 337415 582978
288 81344 297296
289 346779 644112
290 635094 817901
291 117703 276583
292 962782 655939
293 932030 678557
294 281355 690987
295 52100 372946
296 687130 856338
297 987915 712055
298 696205 853096
299 644200 882421
300 342107 632040
301 201289 305268
302 619907 867356
303 842592 675072
304 298462 604045
305 926430 775929
306 653098 858341
307 1029585 588149
308 823452 640402
309 707191 787177
310 619217 831169
311 432950 600879
312 340615 613292
313 693846 744852
314 389364 610329
315 731270 860567
316 963494 740075
317 866232 770861
318 720837 837601
319 148562 306925
320 164781 379993
321 948430 747896
322 702401 906294
323 693890 838443
324 338966 710614
325 624212 840915
326 880917 698345
327 161232 264430
328 672977 823981
329 82901 326255
330 347181 701170
331 373634 575471
332 719664 857434
333 350000 668851
334 967034 783613
335 117649 281445
336 945664 668246
337 569593 762956
338 907268 670182
339 58601 210129
340 647447 715149
341 78440 371739
342 60560 366631
343 659553 735400
344 937962 759995
345 1002063 704504
346 269645 602330
347 63547 250105
348 670928 835863
349 674184 836394
350 98197 395333
351 244130 539540
352 930571 728435
353 689917 808480
354 117750 371527
355 91180 308305
356 866409 610096
357 288265 575046
358 178249 306106
359 290285 665552
360 970250 692778
361 970671 723477
362 301480 644313
363 370594 616820
364 983875 694607
365 958115 667275
366 620728 828007
367 939525 704722
368 312416 580056
369 619297 900191
370 871049 715054
371 316355 621661
372 349676 646868
373 336351 618642
374 159765 220454
375 35443 400243
376 373411 675840
377 167250 374774
378 341199 647538
379 70640 264263
380 21303 293956
381 431341 608494
382 835764 746293
383 1010980 777405
384 926311 688335
385 876979 668652
386 957860 771905
387 212413 414298
388 890970 625687
389 337108 574540
390 395559 662152
391 997141 729887
392 247413 561149
393 143578 314636
394 640961 856819
395 279619 665662
396 347569 726221
397 924710 693105
398 939927 752167
399 321823 656286
400 169554 388708
401 82935 355053
402 649822 843773
403 1001573 662921
404 600625 881354
405 281381 588444
406 103041 243604
407 45347 273694
408 663553 851571
409 164131 382784
410 634366 763154
411 604560 902062
412 142451 396175
413 708565 828279
414 856128 755605
415 137244 332276
