NAME : portcgen-503-2722169
COMMENT : portcgen N=503, seed=2722169
TYPE : TSP
DIMENSION : 503
EDGE_WEIGHT_TYPE : EUC_2D
NODE_COORD_SECTION
1 818346 93598
2 119214 169770
3 994724 698030
4 572254 456132
5 586796 386463
6 129359 117493
7 770328 5337
8 148353 191831
9 908474 708129
10 791718 59401
11 828665 33215
12 598360 464437
13 824378 146784
14 555402 570491
15 818611 601
16 854208 -18245
17 571523 551096
18 90014 209837
19 969806 710057
20 849222 -60087
21 827065 -13743
22 776063 78064
23 545041 565862
24 579981 499428
25 500298 555369
26 551704 428574
27 496115 588537
28 834739 16760
29 531684 489271
30 822939 32164
31 872319 610169
32 477453 492908
33 575030 476955
34 505747 443003
35 900811 674896
36 179692 196691
37 817550 62664
38 526999 552367
39 617272 534951
40 479772 596129
41 526449 491574
42 38755 169723
43 523227 546650
44 973024 547463
45 50997 136406
46 826829 -4229
47 612439 473626
48 875470 593420
49 841756 -9649
50 549260 523694
51 946577 670513
52 564841 346052
53 810763 9750
54 494057 577313
55 60601 95649
56 488576 627073
57 542749 499723
58 483322 545770
59 809291 4422
60 75868 131376
61 553551 481683
62 562009 568867
63 626435 475116
64 532622 499773
65 812723 -20211
66 482873 547150
67 76076 209292
68 552571 478240
69 986892 597038
70 897293 635506
71 25079 194401
72 908773 685026
73 875417 32842
74 88960 112558
75 552891 401096
76 165636 186563
77 596696 407929
78 129888 196041
79 533060 422530
80 867963 78706
81 900153 646956
82 535179 556591
83 547809 530694
84 820808 20805
85 509772 655026
86 569861 525447
87 935603 673011
88 920058 690791
89 738275 32067
90 89996 107717
91 817014 69992
92 941951 595775
93 945253 616087
94 567387 379733
95 527383 683753
96 162885 246053
97 936232 601033
98 534139 574162
99 936597 587603
100 953312 699548
101 858268 14420
102 25821 181798
103 546956 640778
104 91982 224532
105 875765 635372
106 513272 567073
107 547702 616743
108 517424 555690
109 563506 601013
110 835597 22747
111 934375 49007
112 935661 -48842
113 145817 193181
114 97945 190376
115 909511 749687
116 573591 612159
117 35804 106947
118 921823 594165
119 917533 634099
120 556559 446537
121 549633 533252
122 934434 544632
123 928997 539694
124 35274 198874
125 628774 372521
126 910949 746507
127 526825 605720
128 78650 185169
129 495352 594705
130 646683 430156
131 533587 565094
132 56597 144474
133 582438 450596
134 899585 592852
135 632279 501439
136 838894 -57784
137 413185 544953
138 565131 417488
139 598195 501965
140 956797 708477
141 869224 42041
142 909129 643859
143 800800 109720
144 534302 434928
145 49920 193181
146 440673 645664
147 970804 674262
148 61930 92155
149 843538 609351
150 899883 619059
151 494503 449692
152 115436 81550
153 779531 89746
154 87148 93325
155 557458 467654
156 79114 201708
157 830589 96967
158 565916 523924
159 871087 711505
160 617138 403541
161 125662 156094
162 907849 621702
163 587050 329741
164 166053 201626
165 626471 411971
166 934353 592718
167 112470 229019
168 486319 487128
169 891655 626776
170 558612 400801
171 904771 710190
172 146420 194532
173 783889 44082
174 880990 -32771
175 475414 636740
176 883299 605116
177 563617 643260
178 838312 79264
179 105936 184478
180 562535 561933
181 889843 19685
182 492222 507034
183 90341 199862
184 87661 173287
185 924649 712400
186 557341 635472
187 929242 33188
188 792087 68408
189 593332 525446
190 885134 664905
191 70836 157498
192 78695 121385
193 590986 457367
194 801678 53948
195 962422 674037
196 510449 623666
197 816388 53250
198 875273 11164
199 853345 13945
200 41116 162612
201 78681 160494
202 885500 640855
203 590128 574416
204 930022 637180
205 128367 166747
206 112442 122225
207 749424 52279
208 42754 294104
209 156911 207490
210 865972 654091
211 542550 650059
212 843954 50466
213 871483 112931
214 617156 417514
215 452744 564855
216 176385 92649
217 573356 475051
218 417107 477745
219 835948 652324
220 1005992 658281
221 575202 565578
222 525983 414895
223 44533 189450
224 494412 504608
225 154140 168471
226 865512 646659
227 546272 560723
228 534356 597905
229 786863 64775
230 874312 676601
231 877629 125
232 872010 678062
233 551227 435408
234 76785 125631
235 534079 431058
236 897859 748848
237 86600 224563
238 874222 96782
239 914742 629281
240 883772 689864
241 862543 98431
242 525740 400114
243 474024 583384
244 793138 -10381
245 96835 241701
246 494025 536128
247 828029 646949
248 497964 561144
249 848566 139318
250 525490 373293
251 115282 212492
252 587234 465640
253 922372 587777
254 101383 168770
255 99626 172824
256 811559 56744
257 848563 11814
258 807705 55736
259 651427 378383
260 103629 94136
261 923677 592332
262 561031 475327
263 498168 629437
264 63319 96512
265 533723 541911
266 95289 133411
267 24454 135605
268 856613 39318
269 879310 666415
270 507940 561336
271 603122 411358
272 604127 475808
273 545500 467305
274 519841 606397
275 111361 241180
276 571151 422752
277 901807 595675
278 822343 34949
279 67069 183631
280 980553 576938
281 106362 165808
282 810817 666331
283 214499 151526
284 852687 658761
285 567447 474767
286 86884 161696
287 855685 -2495
288 625381 489367
289 574897 597918
290 961214 591028
291 53288 191573
292 78216 134227
293 34429 139755
294 558428 493526
295 816491 34102
296 890515 59873
297 629122 468807
298 852617 16540
299 815444 59574
300 35849 142115
301 934192 716800
302 879209 638603
303 620711 381612
304 36449 140976
305 836066 36008
306 496737 592615
307 103149 123981
308 825304 -57192
309 124973 125273
310 600792 524637
311 890622 678081
312 905359 622885
313 125083 116862
314 88220 225746
315 510663 580297
316 837492 15115
317 493330 543010
318 817380 61331
319 798332 46957
320 813298 -7889
321 92077 183816
322 63683 87966
323 718581 50276
324 880664 127539
325 515808 593251
326 89605 203682
327 804955 50486
328 590116 469003
329 74910 227767
330 913554 585500
331 472325 645285
332 950484 658409
333 505056 505739
334 924544 566036
335 567232 605049
336 805117 -23756
337 576558 588080
338 601365 474634
339 595063 550664
340 132894 189497
341 130517 111941
342 155748 253756
343 636314 468706
344 64728 203665
345 170373 187752
346 603791 485578
347 602548 385696
348 555783 435498
349 481291 655520
350 544797 513572
351 509583 645189
352 46242 103423
353 442734 575731
354 860343 3821
355 476600 613396
356 123452 172978
357 62769 240893
358 620755 622355
359 900199 5168
360 575596 440720
361 757304 55733
362 894505 655699
363 536671 444965
364 829256 86191
365 569590 516633
366 798923 47020
367 565197 461753
368 856123 32192
369 910240 686168
370 522176 622191
371 509634 657934
372 562835 430530
373 141504 184902
374 886149 573804
375 803809 21236
376 983588 622551
377 64760 152564
378 469910 511904
379 504282 538823
380 917533 688243
381 546717 549736
382 567613 494665
383 604066 467409
384 553014 480367
385 602223 553896
386 567725 400375
387 905900 42171
388 948663 664555
389 977743 609124
390 934739 701014
391 858435 676734
392 446490 698726
393 571887 631876
394 849692 4250
395 934457 705671
396 728326 -58438
397 574988 588263
398 904665 596019
399 576048 402921
400 92659 171455
401 532347 450005
402 108202 145517
403 47326 216483
404 649132 455437
405 542172 407372
406 812051 -20837
407 548832 678827
408 553411 490357
409 609315 497602
410 869181 633205
411 859722 636316
412 563100 416277
413 54300 131360
414 870182 680232
415 626832 613493
416 910406 47819
417 894416 28523
418 557451 462050
419 853950 43384
420 899778 67041
421 571965 434136
422 518486 548393
423 859517 92445
424 507033 572680
425 542562 522488
426 900075 647975
427 915757 635274
428 511350 575804
429 557563 534380
430 555109 428066
431 648161 437774
432 878354 717585
433 595238 482089
434 879860 87238
435 575640 458908
436 911487 590541
437 894466 641938
438 849089 16353
439 563982 430920
440 555725 482926
441 853512 75603
442 504023 526352
443 923387 662756
444 117652 210124
445 823909 -17923
446 951115 660687
447 608651 522126
448 924456 667920
449 837302 44347
450 847571 121441
451 928583 647165
452 108810 265725
453 525392 609289
454 997548 582916
455 98287 187311
456 989309 693466
457 922743 719579
458 966614 627268
459 856791 622168
460 850571 5278
461 559659 556273
462 912715 674284
463 504822 550130
464 559566 557890
465 462524 512188
466 848633 662960
467 12083 100865
468 874925 608645
469 151346 124125
470 894601 658155
471 839689 630899
472 826386 17555
473 119209 131786
474 111513 146702
475 899277 635023
476 603367 620592
477 550268 618313
478 851275 -14623
479 842946 28649
480 108275 150290
481 868567 43772
482 855329 61655
483 533820 419135
484 846244 691129
485 895756 1366
486 87229 139962
487 897278 627783
488 836555 1335
489 806033 54086
490 883757 587402
491 109926 161316
492 532492 414102
493 764668 50065
494 50872 221504
495 516751 569583
496 52383 289207
497 537478 695546
498 616208 587827
499 938533 637264
500 870480 641213
501 127259 122092
502 754645 30207
503 497534 671024
