NAME : portcgen-549-3284030
COMMENT : portcgen N=549, seed=3284030
TYPE : TSP
DIMENSION : 549
EDGE_WEIGHT_TYPE : EUC_2D
NODE_COORD_SECTION
1 242896 844935
2 150337 852141
3 173954 313589
4 171030 891100
5 791594 668254
6 671479 382419
7 172727 398557
8 182880 868638
9 785948 621034
10 164098 452477
11 47845 236929
12 74753 385463
13 23900 327888
14 50060 376981
15 144496 389613
16 136379 860707
17 197592 848912
18 756030 646441
19 92831 384420
20 143367 829787
21 648541 447856
22 131155 856347
23 733695 696547
24 847269 416022
25 162337 811716
26 179668 371134
27 170931 859056
28 129922 231649
29 761062 657495
30 682636 442150
31 144674 241622
32 87396 393609
33 719584 459296
34 64571 331954
35 164555 907461
36 92328 355328
37 679272 575793
38 125242 342200
39 31285 271812
40 673749 554637
41 155287 368484
42 744632 723839
43 199142 916346
44 88478 425299
45 784874 445184
46 173519 945060
47 63285 258000
48 209243 933107
49 102271 256661
50 756930 440202
51 714396 621474
52 120731 343714
53 152245 451374
54 641535 521069
55 745325 400115
56 157487 409979
57 14914 264446
58 766402 620027
59 52352 350515
60 717852 450795
61 14473 344344
62 195360 887268
63 213989 899999
64 763461 675759
65 111025 400778
66 198849 389340
67 152890 276822
68 797868 731338
69 733207 435348
70 223829 333203
71 697704 438923
72 672427 361845
73 108386 258521
74 220305 917744
75 706633 650185
76 151098 421562
77 111721 343104
78 759430 472324
79 278722 889990
80 198280 391649
81 88851 331848
82 777649 688990
83 145784 445833
84 721114 403375
85 736900 377747
86 30396 405287
87 657660 724732
88 186630 884339
89 689370 562619
90 754191 597892
91 7343 280038
92 712532 658940
93 756651 666162
94 115597 301463
95 710863 642061
96 122812 435613
97 728813 455034
98 126028 348606
99 119023 937484
100 704906 439060
101 74808 361834
102 663270 302135
103 101893 427575
104 759400 452067
105 719286 351497
106 652426 689195
107 182738 915747
108 728494 671560
109 166716 825421
110 101291 354445
111 772712 570283
112 704739 623010
113 51183 429610
114 103765 909326
115 49474 306094
116 99240 283427
117 745076 640355
118 666104 438987
119 754314 349787
120 215321 803954
121 138444 932183
122 679343 668879
123 47827 296334
124 143994 369023
125 662532 393314
126 634641 461349
127 727606 650166
128 141770 415871
129 710850 405465
130 805163 632612
131 721778 668985
132 221046 903066
133 691327 405049
134 720975 421624
135 134640 296675
136 691455 415677
137 764154 646308
138 728184 383370
139 705430 652743
140 7097 329722
141 134457 430463
142 770422 610513
143 100473 301354
144 722464 720218
145 131023 370854
146 13988 365728
147 776096 421920
148 85007 242196
149 106898 341824
150 89475 244693
151 655119 377578
152 143347 422885
153 735898 570432
154 694661 504871
155 750101 612547
156 660479 411466
157 168663 446370
158 159107 891302
159 763674 699772
160 170716 889598
161 794391 677804
162 95359 427770
163 820950 425321
164 190906 357635
165 53539 417593
166 722864 608343
167 198204 875366
168 174705 447091
169 716723 438808
170 128238 318136
171 5138 240445
172 118189 173707
173 746751 622906
174 730964 572013
175 86657 353305
176 149983 435325
177 36880 429521
178 225216 885823
179 150579 919670
180 798724 677975
181 816176 650134
182 66955 268183
183 164925 221605
184 146071 308367
185 155846 814132
186 114367 418841
187 103098 385836
188 792937 688212
189 747250 642966
190 61423 291338
191 653028 388024
192 705693 579338
193 132394 344350
194 743765 637021
195 142268 407439
196 135220 850123
197 219392 865839
198 771043 457688
199 740305 691358
200 47853 330313
201 283404 925120
202 714361 601490
203 799530 644382
204 185674 870651
205 713230 555260
206 740910 610908
207 665059 434241
208 194383 860762
209 626001 513739
210 54654 341973
211 786246 644358
212 100917 370434
213 763770 459316
214 48498 254807
215 169346 856756
216 200285 887197
217 129568 454410
218 750194 391130
219 118985 438581
220 209486 885785
221 763551 405157
222 174460 875710
223 15477 346107
224 112700 354193
225 175437 815295
226 750649 400992
227 757130 381408
228 828612 701369
229 767405 660438
230 149760 846581
231 186369 925810
232 711294 432362
233 122604 229160
234 733337 629417
235 708518 386850
236 742766 475321
237 683157 311447
238 279280 834601
239 198919 915320
240 701284 413032
241 753278 631424
242 54447 403659
243 100029 371469
244 791119 432182
245 776832 621643
246 835680 708573
247 708292 472125
248 142874 838801
249 224096 845946
250 742900 596985
251 116794 425301
252 133636 776708
253 182564 403526
254 219682 939691
255 98341 258764
256 794088 624713
257 743434 639538
258 106769 295576
259 688234 430827
260 76790 272365
261 64060 315196
262 108288 420305
263 747306 614739
264 151717 880221
265 137509 296623
266 594612 426717
267 801425 658821
268 146284 275985
269 171666 905926
270 149136 343093
271 85588 419634
272 240350 1017539
273 730040 767686
274 184240 926968
275 815112 570735
276 58772 273196
277 152427 400580
278 790409 741422
279 773472 632669
280 776294 588521
281 683348 635853
282 167172 857642
283 689289 471568
284 746953 396740
285 756396 390840
286 684789 655452
287 114428 848217
288 123543 493511
289 744931 632695
290 94681 510824
291 39267 324948
292 75950 267981
293 177734 425791
294 785379 714005
295 158826 877652
296 220678 347359
297 758842 623392
298 54360 269173
299 735860 617965
300 202340 879755
301 195975 456759
302 154920 408924
303 122172 322874
304 754785 548251
305 119061 428518
306 55660 354922
307 144023 256235
308 177802 411914
309 26784 292938
310 183170 900663
311 721198 615702
312 760754 618915
313 29255 293238
314 199374 886022
315 738417 702193
316 64817 296985
317 811372 492097
318 148091 866960
319 748546 392972
320 745594 716645
321 85228 271410
322 123110 293810
323 756977 450730
324 112312 223088
325 734120 632609
326 741226 431121
327 194242 912292
328 95165 416752
329 116090 229404
330 696034 383150
331 195465 892648
332 760652 675699
333 69944 245108
334 752036 414872
335 78869 449664
336 177571 885024
337 701874 389763
338 109044 236363
339 90503 417787
340 74444 382986
341 676061 348407
342 165613 362682
343 202291 839151
344 175865 851920
345 162435 314117
346 155262 780893
347 749895 691570
348 269159 829376
349 110163 360013
350 125564 899186
351 114699 230874
352 679627 693827
353 778667 638636
354 191562 930747
355 143648 891247
356 107492 288530
357 129427 890914
358 165768 850748
359 139182 854013
360 203806 328976
361 82664 269646
362 670381 648486
363 172175 924846
364 723935 590077
365 814264 602716
366 94339 429474
367 663855 369057
368 752268 636328
369 115991 299247
370 654928 465906
371 163280 439731
372 653214 437024
373 774702 398681
374 123196 401326
375 100889 340852
376 217129 441042
377 741284 609785
378 154184 311443
379 181737 862502
380 158338 849863
381 817623 627138
382 673091 429026
383 209704 878369
384 733126 620089
385 694656 461237
386 86048 365181
387 170784 390519
388 218432 891388
389 99986 273206
390 225110 844285
391 768001 486536
392 718864 653810
393 171407 312610
394 631540 420738
395 733837 426124
396 226967 804675
397 753186 598929
398 654591 417373
399 651221 384379
400 785270 686442
401 773930 634732
402 763285 368253
403 753332 430377
404 761043 379548
405 721030 372490
406 74585 933520
407 62214 456971
408 782591 647873
409 727027 473558
410 178950 409068
411 814376 618077
412 719782 382081
413 131380 344403
414 145367 252245
415 783531 583466
416 87263 298567
417 133036 261343
418 202678 884435
419 760951 685259
420 733539 455705
421 87866 299115
422 765496 477229
423 195474 957638
424 184303 916179
425 790366 633364
426 764184 479202
427 200512 879444
428 728651 467259
429 737298 670088
430 164670 880442
431 67023 334987
432 765142 399585
433 180033 892498
434 127956 302576
435 97435 377138
436 69766 456519
437 160866 919505
438 224663 837206
439 49273 249793
440 169632 365550
441 172354 918259
442 218758 840357
443 131032 847707
444 192979 832327
445 156972 368615
446 180012 336210
447 161534 942156
448 215603 943781
449 98398 320793
450 697514 641134
451 743899 663767
452 88211 326706
453 38312 332436
454 855207 517160
455 221792 928403
456 712438 680379
457 75884 346692
458 709866 551781
459 162993 939315
460 113911 405376
461 154795 439864
462 800677 633409
463 723307 382466
464 739969 697660
465 194903 798046
466 755501 660258
467 165570 443365
468 115796 817997
469 202711 843723
470 676683 436390
471 165995 354130
472 76048 255693
473 669767 459151
474 11785 299808
475 130724 307245
476 766958 560089
477 183663 225035
478 782189 714764
479 712648 620504
480 214568 868909
481 205356 400051
482 81810 298584
483 49338 256858
484 84973 403099
485 663629 472795
486 726658 404074
487 712267 598319
488 769064 647136
489 145904 921202
490 738177 658905
491 80583 401001
492 102172 397786
493 57982 463876
494 668896 448973
495 117546 299412
496 102543 436297
497 69161 321778
498 200090 831431
499 239576 913003
500 136715 383834
501 154205 856588
502 720933 402543
503 785136 670082
504 119057 396430
505 137598 391323
506 200218 442185
507 127195 334994
508 646031 350480
509 115067 334179
510 776639 593994
511 113051 318887
512 137053 857893
513 167738 905149
514 761787 624598
515 200256 881982
516 726869 674656
517 218863 881846
518 779813 655718
519 783239 455701
520 667676 395575
521 114910 251032
522 190432 396270
523 183010 433376
524 164158 382849
525 741563 384607
526 179532 849647
527 166787 868984
528 794541 639555
529 41303 288001
530 689540 440666
531 176409 463266
532 176983 358969
533 174608 852913
534 185834 324066
535 692313 406824
536 16194 302011
537 130352 376364
538 768934 529960
539 121542 392651
540 747059 395139
541 110535 392833
542 720277 416023
543 164547 451889
544 757790 683739
545 139165 323841
546 700446 457496
547 743728 597105
548 714868 630967
549 687783 437404
