NAME : portcgen-453-4539612
COMMENT : portcgen N=453, seed=4539612
TYPE : TSP
DIMENSION : 453
EDGE_WEIGHT_TYPE : EUC_2D
NODE_COORD_SECTION
1 445137 276553
2 362405 213859
3 69771 567644
4 178543 551706
5 223711 552844
6 114661 611182
7 389883 318476
8 184452 698971
9 101815 698438
10 418232 379487
11 388246 273499
12 186372 544734
13 397965 164679
14 481230 266973
15 88491 468135
16 421191 311005
17 27351 578817
18 209325 694287
19 67959 561025
20 404811 250772
21 421679 324800
22 115947 649756
23 56037 541310
24 1398 603989
25 79096 453638
26 87308 579670
27 370854 353097
28 216605 621441
29 158814 630008
30 175181 635552
31 150879 607668
32 43505 509742
33 87328 514681
34 155084 578258
35 342557 315677
36 19916 568225
37 206191 633454
38 368113 263149
39 79995 591273
40 74214 531562
41 205869 637708
42 145340 695182
43 58975 610590
44 135242 654432
45 94441 730120
46 229550 648427
47 121337 530722
48 358882 306249
49 177527 742184
50 220137 741612
51 240760 668957
52 423580 304070
53 44729 599478
54 80160 563392
55 444982 277005
56 20251 596920
57 472605 291153
58 372020 285321
59 71761 640906
60 82166 678685
61 453817 291285
62 185478 597109
63 243671 561355
64 64022 401521
65 210677 717306
66 238086 666832
67 89778 688636
68 73684 524814
69 78753 691012
70 141918 669343
71 103960 586578
72 439438 418099
73 175751 566273
74 126587 636939
75 212532 671956
76 87728 533922
77 128247 611835
78 15658 626719
79 346040 281150
80 -101542 535145
81 168513 597433
82 45075 527147
83 48452 484944
84 226568 596079
85 204446 721499
86 150090 685797
87 17613 521021
88 222439 716414
89 99359 543313
90 -27580 616880
91 385690 267799
92 198577 581669
93 138598 627725
94 -25910 597754
95 93781 602119
96 207806 740866
97 91549 696935
98 182366 676713
99 72311 612116
100 192581 652365
101 122159 627442
102 183006 663415
103 356345 177796
104 192604 618073
105 111832 665726
106 193559 611287
107 138629 665221
108 142391 560699
109 464054 262839
110 44231 625570
111 124856 698427
112 180300 746076
113 149358 563015
114 32413 540695
115 138525 644397
116 156599 698809
117 451863 326026
118 386040 301197
119 253442 683134
120 208839 557425
121 416808 248580
122 238674 660192
123 4741 539897
124 195422 657041
125 401026 253229
126 3592 598190
127 81973 567921
128 81463 580720
129 92451 562711
130 149875 743435
131 211852 579750
132 40632 498308
133 400893 213483
134 132529 762059
135 163912 616110
136 413507 399566
137 407488 198003
138 -4669 496317
139 144434 673598
140 402634 243014
141 60388 710957
142 120998 424327
143 219067 633983
144 77431 468243
145 129333 646556
146 384901 295237
147 197706 620611
148 210282 587350
149 -4698 658657
150 155916 710356
151 465811 253235
152 123262 728691
153 390417 321234
154 178970 698653
155 366932 381214
156 243378 751712
157 95401 574241
158 270424 258309
159 168547 690372
160 190272 679634
161 384170 328448
162 325064 234067
163 383646 251853
164 197607 602395
165 187073 656361
166 426021 284055
167 361943 324070
168 446249 221376
169 65984 575191
170 67128 478323
171 403165 271203
172 395786 282251
173 167563 694442
174 477541 243345
175 90555 576616
176 108778 719761
177 202904 676608
178 350626 228557
179 376335 237516
180 43454 772225
181 430751 311738
182 166976 695130
183 46043 512529
184 274075 635916
185 394746 302075
186 130939 615916
187 203299 711217
188 82761 684730
189 102200 702429
190 186693 661896
191 196453 602048
192 355362 170950
193 48687 710017
194 147062 627769
195 268070 611844
196 395292 303473
197 430019 306539
198 433705 247483
199 45338 523957
200 206741 687962
201 -12506 514660
202 378467 302874
203 184637 693205
204 383661 271422
205 413126 245119
206 106750 713718
207 75674 589951
208 158288 622685
209 261582 748370
210 156443 748116
211 177187 658281
212 251006 626498
213 142332 624065
214 333328 259001
215 315906 215938
216 56607 555706
217 405000 350276
218 138642 710934
219 440519 280107
220 105008 762210
221 200782 536180
222 39852 561383
223 -32572 545774
224 61366 585670
225 -26045 613564
226 404622 267838
227 64868 533538
228 177417 630486
229 373345 317900
230 254531 618878
231 219318 595398
232 93952 608416
233 -8212 509479
234 119673 539329
235 147403 656987
236 51346 488915
237 78272 461751
238 366991 303803
239 117995 766170
240 368037 160797
241 199698 730104
242 177400 711322
243 384630 339692
244 435034 298736
245 203239 654306
246 81833 694890
247 441761 376569
248 78353 553080
249 174595 640637
250 153133 572046
251 363416 249698
252 94318 605056
253 171625 643655
254 411782 252818
255 87683 764521
256 77080 545516
257 107806 748041
258 32259 512905
259 25190 532580
260 171277 710773
261 251373 671062
262 172428 755996
263 -26789 587989
264 240395 670807
265 140587 610501
266 98613 553192
267 31718 601212
268 308485 336470
269 93199 527774
270 380195 198700
271 114125 557108
272 501778 290665
273 226434 605021
274 156836 677411
275 278697 651582
276 137637 652848
277 438456 268678
278 350846 260602
279 169391 664944
280 399383 256191
281 186972 678155
282 108972 686656
283 45986 537749
284 187241 609020
285 100148 697744
286 538947 333558
287 182887 580805
288 386052 300015
289 115720 656029
290 202958 683376
291 -11376 447729
292 97676 622622
293 209508 761547
294 406366 206510
295 241944 706953
296 373995 273573
297 196893 703990
298 421421 291063
299 15516 423042
300 28641 608587
301 42015 435496
302 102867 546766
303 174452 631015
304 397978 210719
305 193418 616029
306 -28982 516447
307 168260 604211
308 124711 749505
309 142052 708241
310 428917 197131
311 486094 260548
312 123290 586114
313 158405 615292
314 35775 634715
315 303791 257706
316 28420 594450
317 65410 652851
318 375195 288071
319 331394 197008
320 144229 662096
321 110349 619794
322 171098 665759
323 416532 267742
324 27132 517863
325 329389 277567
326 199192 595018
327 133085 738642
328 75208 545273
329 94104 549797
330 52734 518283
331 46907 521860
332 176532 697079
333 193071 595007
334 167637 663601
335 60057 500017
336 192530 646371
337 164487 565156
338 150823 622197
339 179155 664313
340 369868 316192
341 146121 633442
342 156489 631632
343 88287 605070
344 426430 215420
345 163529 669982
346 52059 588243
347 -12827 520426
348 -13953 592482
349 205266 679220
350 192741 692278
351 420294 218211
352 157572 717729
353 200073 615960
354 203337 654385
355 179166 678847
356 45736 654564
357 81645 591520
358 376775 249503
359 38830 543971
360 138374 780813
361 242165 765851
362 95793 772562
363 236300 709761
364 378502 305975
365 144795 680496
366 390415 300744
367 125406 673299
368 327568 290283
369 217263 680978
370 324743 350345
371 128463 564981
372 99881 552636
373 284098 257145
374 24241 581796
375 45378 564668
376 115279 668873
377 140490 668074
378 367408 271073
379 346568 327967
380 227466 687010
381 145290 647278
382 57835 658767
383 30230 455729
384 392954 241926
385 195804 642589
386 97592 771587
387 189392 735611
388 -23873 566532
389 224082 620670
390 131524 579398
391 61256 575565
392 376568 370179
393 113202 703623
394 128007 723235
395 38085 541287
396 384090 296174
397 181536 670762
398 382683 251155
399 65250 506264
400 110890 582527
401 149082 514115
402 460032 256944
403 171327 653465
404 351329 302177
405 72724 547577
406 240308 542237
407 123961 545026
408 64911 552903
409 51443 599983
410 38556 613446
411 234913 608510
412 183810 695978
413 48101 544741
414 111250 576079
415 211189 673960
416 165169 632380
417 84694 644863
418 396650 360341
419 111634 676028
420 348308 343320
421 164279 670085
422 219183 789155
423 102866 513519
424 428754 274072
425 184797 603913
426 164873 552955
427 -10508 585910
428 99334 533243
429 73267 584329
430 196364 581394
431 129832 645312
432 160825 672097
433 149463 617078
434 120997 626868
435 137310 696547
436 125255 645634
437 313669 662886
438 391830 354314
439 211655 675001
440 30253 546334
441 392909 336489
442 338124 313614
443 79133 676809
444 165423 621370
445 196315 612126
446 56699 528505
447 151850 698576
448 198269 672351
449 371482 273002
450 79660 822574
451 162103 590192
452 451143 230667
453 149058 761526
