NAME : portcgen-532-3953809
COMMENT : portcgen N=532, seed=3953809
TYPE : TSP
DIMENSION : 532
EDGE_WEIGHT_TYPE : EUC_2D
NODE_COORD_SECTION
1 239929 525711
2 327709 586934
3 254898 299721
4 260924 259027
5 267034 265561
6 393399 202347
7 308745 151497
8 320175 202769
9 248288 211994
10 -18461 712228
11 188779 373964
12 269764 477957
13 256513 403674
14 45092 638153
15 275412 599105
16 325251 206444
17 288514 653152
18 288174 253788
19 379921 92100
20 359911 140611
21 262680 654574
22 224757 246044
23 200375 401360
24 255096 392373
25 303701 660218
26 231936 213765
27 193582 437885
28 373034 181554
29 318651 656477
30 392564 167621
31 114966 669914
32 288929 218087
33 378092 170923
34 336787 225994
35 197159 152997
36 376594 195368
37 -19326 710216
38 180215 406729
39 237549 627708
40 12672 729583
41 -22568 740665
42 201708 454311
43 -2261 668770
44 38652 680672
45 -42258 691870
46 236939 618115
47 255764 667329
48 220217 472565
49 203685 226626
50 307093 175037
51 357994 200179
52 130521 208796
53 362831 547580
54 400176 188875
55 245483 247397
56 40425 712398
57 220316 161490
58 206679 179674
59 315018 392079
60 9083 628388
61 350478 122882
62 381879 185160
63 218400 592862
64 209615 246992
65 364560 222342
66 356135 212632
67 188640 273405
68 292807 205022
69 169568 583756
70 363767 157407
71 214357 702463
72 348346 190705
73 95765 667590
74 277315 599036
75 268226 201841
76 234370 340279
77 315431 256127
78 334461 538228
79 315364 449066
80 214434 420908
81 261071 170014
82 222403 214674
83 156405 258920
84 236875 234607
85 348115 89343
86 45721 809758
87 308397 673370
88 283151 361823
89 267870 546496
90 169867 361641
91 -8079 749168
92 180619 212660
93 186371 208773
94 24393 740759
95 264180 232543
96 272248 674702
97 -3514 672514
98 323969 175637
99 212377 370864
100 197436 395550
101 267441 239076
102 280519 177087
103 251010 372711
104 158048 217025
105 237352 412606
106 282474 177629
107 28587 720205
108 236197 141285
109 -48754 786967
110 278343 638803
111 25612 717041
112 322519 637985
113 3426 658337
114 382645 188311
115 347339 570503
116 -23813 631966
117 347225 167291
118 247596 649802
119 385873 162606
120 46555 675180
121 334304 638704
122 387884 137120
123 200956 655535
124 292529 562526
125 293606 665042
126 288200 385196
127 234972 162645
128 269088 718880
129 234454 357495
130 194893 210972
131 253307 227883
132 226459 385838
133 179870 179967
134 152436 235733
135 322031 639715
136 330830 129787
137 321776 180637
138 266305 441466
139 49924 701590
140 29391 743158
141 37577 661805
142 225102 379517
143 263269 430261
144 350100 202434
145 395128 550118
146 210745 178638
147 254120 530933
148 257889 624439
149 195468 190979
150 278835 227774
151 360350 566914
152 234107 682504
153 245421 222508
154 177285 358320
155 236484 423447
156 -24104 680728
157 234217 427556
158 294867 655545
159 360784 48431
160 -89166 676035
161 54999 613749
162 237626 678355
163 326957 567735
164 -58243 676661
165 320642 159139
166 203086 251672
167 210352 200861
168 340020 163766
169 331652 681532
170 313297 285076
171 -35287 669890
172 272646 609176
173 296169 359404
174 261915 643719
175 271586 288113
176 33291 717306
177 230185 652869
178 1878 735996
179 203148 194422
180 343021 152834
181 64615 724417
182 226344 347896
183 349373 104881
184 6884 683987
185 290636 235987
186 322537 187833
187 417739 136569
188 -17501 690858
189 208909 176316
190 230662 701352
191 -36746 602341
192 349422 170271
193 324987 598593
194 228010 271046
195 -25577 665160
196 215864 402549
197 155315 344012
198 215538 302460
199 7457 751753
200 180906 453623
201 326038 681123
202 303219 620484
203 294051 127373
204 341408 672176
205 197696 313187
206 86070 683938
207 302167 160107
208 53407 708941
209 291713 594667
210 213957 203675
211 149234 368827
212 199472 479604
213 314545 176606
214 371424 565771
215 -1422 610363
216 298298 572672
217 262202 566895
218 390796 126565
219 224732 412390
220 24147 704719
221 258733 289300
222 265027 625754
223 418481 110619
224 308463 223517
225 209832 437505
226 370813 120827
227 197286 249459
228 283364 283305
229 300104 392643
230 7384 641643
231 254586 267417
232 280163 397044
233 217590 210157
234 13163 744965
235 210927 351024
236 323609 194840
237 332324 706409
238 299316 686819
239 89890 608517
240 135538 720114
241 271817 204051
242 231739 195258
243 41307 704291
244 316715 131620
245 140389 240426
246 303427 160782
247 192302 204309
248 406143 156057
249 24976 683958
250 406599 139962
251 258438 667501
252 -312 696070
253 213702 417701
254 22080 689202
255 93493 700072
256 -10589 691522
257 328157 104909
258 209910 145172
259 242053 198150
260 275516 651893
261 223415 439492
262 186672 493677
263 230699 579662
264 263626 302755
265 247596 589372
266 254482 426598
267 462970 197930
268 169350 374285
269 275864 232230
270 125577 249163
271 144540 444129
272 192845 221546
273 87268 677613
274 327491 596304
275 339141 618263
276 280805 140660
277 367757 175884
278 2811 724477
279 229753 245485
280 -20862 726923
281 295523 635310
282 387101 153357
283 340975 688287
284 255338 645053
285 311218 228123
286 233725 384356
287 172234 420453
288 259770 673521
289 450475 172890
290 214740 617713
291 315325 173350
292 302551 625425
293 198629 248693
294 379723 122870
295 -3759 737216
296 220078 383522
297 243595 251014
298 -3896 699177
299 319879 181916
300 213756 390429
301 264844 264417
302 -49799 686486
303 358226 106903
304 -68676 680812
305 414152 78809
306 269450 574560
307 299633 237089
308 292631 296394
309 314303 79593
310 271459 625993
311 222971 668672
312 256561 395964
313 -11244 691138
314 18350 699239
315 176433 151705
316 331937 630430
317 272635 607306
318 321887 243801
319 280760 577820
320 192726 368863
321 351274 638360
322 317184 200772
323 10227 737574
324 -1875 668681
325 165032 211776
326 173131 257931
327 30322 709060
328 241187 237123
329 395832 135666
330 87266 818875
331 230519 210367
332 245796 337952
333 38086 640565
334 380810 166148
335 266466 207762
336 291922 601921
337 183830 406427
338 249852 414011
339 290894 649471
340 -30395 625600
341 319695 223501
342 211963 359714
343 315298 600493
344 289137 173889
345 241042 412278
346 226780 381326
347 44807 719410
348 325161 606848
349 167648 215822
350 275627 589087
351 289644 420533
352 222019 648423
353 245434 268649
354 283685 158699
355 278535 668967
356 341250 139796
357 284034 187977
358 293839 241706
359 86635 686901
360 50469 689314
361 309988 592715
362 267857 189759
363 329861 115348
364 290030 131883
365 -47696 681502
366 224399 422534
367 248576 188860
368 -7631 603371
369 252005 697824
370 234833 336532
371 319881 651736
372 323817 157892
373 -19153 658903
374 352572 110242
375 -3228 714872
376 -13508 741028
377 372965 202181
378 277979 236218
379 203767 362799
380 242410 245140
381 -37933 683551
382 405448 180967
383 207808 329136
384 290743 597846
385 68362 761088
386 163361 373026
387 -27254 658566
388 157040 436177
389 6450 722940
390 298220 144838
391 264585 200983
392 256926 224717
393 140212 475105
394 201185 239276
395 228800 456231
396 258742 667318
397 295117 271801
398 28699 725124
399 199066 628591
400 267686 379756
401 304113 568784
402 334532 237667
403 148291 357109
404 78402 637270
405 5943 649638
406 244572 213256
407 273830 352369
408 288399 241865
409 252768 569771
410 323081 187725
411 124759 230157
412 268584 210584
413 296071 585901
414 368181 162941
415 227180 383037
416 219041 213446
417 15531 661279
418 236820 587317
419 205346 566754
420 324382 34793
421 236394 231652
422 302948 605602
423 73300 698592
424 340085 206710
425 -137053 703617
426 338803 174080
427 78061 726341
428 189505 430164
429 297500 132571
430 -11351 625714
431 391343 214478
432 211649 394647
433 157781 288557
434 294596 105050
435 346141 648100
436 -4987 717743
437 344833 228460
438 249115 241734
439 440929 176076
440 50023 712092
441 203648 247705
442 -80039 629236
443 390686 175780
444 281548 688575
445 -26965 687372
446 307476 646657
447 199429 372228
448 382972 115739
449 250583 307857
450 367127 643712
451 295432 631208
452 206696 574321
453 357796 137699
454 297259 245540
455 391072 601540
456 311642 231421
457 273451 602493
458 318466 167589
459 201274 160516
460 207362 349211
461 368440 114435
462 201836 354360
463 375018 670613
464 29346 704783
465 370877 159371
466 300411 607113
467 29237 686766
468 15449 768874
469 322884 139183
470 192253 377516
471 269546 634650
472 46383 681828
473 259892 572673
474 39588 622362
475 309144 163690
476 210303 206496
477 196224 656539
478 -15371 668482
479 303077 206274
480 225237 159892
481 58488 805235
482 348179 128585
483 289017 423251
484 184569 533222
485 271194 420238
486 211405 218251
487 354981 219912
488 229354 576424
489 222450 410016
490 415994 93637
491 -19505 690891
492 253623 678572
493 361366 143589
494 9040 687708
495 166457 392021
496 308854 631278
497 223517 210297
498 248807 262614
499 302047 130362
500 266036 159379
501 236321 143772
502 173038 311878
503 332074 52627
504 85785 588326
505 189633 645338
506 198407 228710
507 347901 192085
508 295001 435507
509 231238 392372
510 265408 417698
511 222916 348904
512 404755 171643
513 245936 469529
514 212579 373246
515 190861 317181
516 362006 185275
517 250409 277249
518 335511 605607
519 177334 143188
520 -5709 740686
521 178865 478900
522 275266 248179
523 205442 300361
524 340574 145925
525 260231 191087
526 278385 239658
527 291651 111824
528 269856 640192
529 5711 724136
530 -11791 679255
531 303186 146633
532 340227 592693
