NAME : portcgen-525-9206502
COMMENT : portcgen N=525, seed=9206502
TYPE : TSP
DIMENSION : 525
EDGE_WEIGHT_TYPE : EUC_2D
NODE_COORD_SECTION
1 652962 46530
2 610276 -9490
3 642481 -33083
4 414612 118702
5 862761 237543
6 721239 61324
7 740051 254800
8 633951 71505
9 887569 253900
10 721752 26397
11 612914 58768
12 862303 311374
13 873646 263556
14 629571 84628
15 298123 528967
16 843245 698576
17 353821 601283
18 864453 302803
19 602341 73505
20 339355 585998
21 336796 591773
22 825870 304543
23 837176 735190
24 848589 206852
25 834850 634896
26 437698 73216
27 864473 689957
28 646473 19769
29 543956 94033
30 625319 37299
31 447910 82396
32 466664 109031
33 433360 564336
34 637584 -19893
35 894058 738241
36 417956 81706
37 792767 282577
38 802366 704327
39 471499 117884
40 559289 136727
41 878533 299366
42 614169 -23235
43 807560 297000
44 362626 629237
45 870010 201389
46 681592 2971
47 859489 294375
48 643416 26910
49 902066 188501
50 824394 635378
51 404927 593726
52 853580 334733
53 321759 551896
54 802247 623320
55 735115 108799
56 409385 84491
57 862240 329566
58 369009 603930
59 860890 273330
60 892574 259346
61 416469 113720
62 436672 107000
63 844990 294292
64 373165 591142
65 900986 294801
66 925750 251438
67 366763 591419
68 324860 501361
69 822081 696279
70 897875 732027
71 819084 251835
72 819584 187311
73 642656 -21156
74 879488 216778
75 928629 286066
76 326172 639998
77 781254 289879
78 806212 714898
79 918300 684118
80 775829 265924
81 840256 257053
82 450167 62352
83 829013 717905
84 649310 25919
85 898961 625611
86 346966 559142
87 677178 45889
88 655139 -26069
89 323938 646326
90 868960 724440
91 836221 704296
92 879601 266872
93 869608 684857
94 662175 67838
95 270095 466927
96 356906 562454
97 909179 300894
98 689679 8492
99 485874 88195
100 822777 691435
101 694153 -102724
102 406722 582225
103 840474 308359
104 350033 583607
105 826888 350911
106 374024 540684
107 412063 579279
108 394986 75734
109 856896 297572
110 597040 34878
111 466077 120291
112 359188 555590
113 874493 677724
114 390127 27208
115 835409 238630
116 834253 321228
117 435017 105253
118 854806 263653
119 347305 622143
120 834082 737241
121 832191 256530
122 418687 591333
123 708348 73998
124 601574 29983
125 629826 40134
126 679291 28087
127 648346 95613
128 329903 561136
129 625357 147075
130 387951 449633
131 287873 608742
132 517458 96481
133 472260 55533
134 654194 102861
135 352440 535576
136 858058 648510
137 725308 39108
138 349298 479625
139 865020 251340
140 840121 711339
141 627271 58663
142 649090 -48761
143 911093 586354
144 322939 614124
145 864314 736712
146 693865 81285
147 860359 767724
148 252191 490121
149 372661 491111
150 489224 36227
151 835271 659435
152 849410 330817
153 846387 269028
154 831563 345784
155 673875 39396
156 894617 293213
157 843302 677062
158 432771 533766
159 598208 46600
160 915691 762154
161 426535 505676
162 880595 699215
163 397986 501252
164 863676 814107
165 461353 74571
166 451101 68756
167 508476 46127
168 321941 560877
169 859974 257437
170 349005 626253
171 810017 290840
172 863299 762312
173 477621 97053
174 643975 15209
175 385543 576516
176 427541 114308
177 640102 33259
178 864657 713110
179 755762 75084
180 520610 120133
181 731091 -5565
182 704491 -30338
183 869108 692325
184 505237 85018
185 888812 317097
186 352239 561225
187 475166 133777
188 897585 250152
189 438019 92494
190 450282 52182
191 867986 293414
192 808431 788561
193 515592 178023
194 523119 41377
195 368574 578269
196 898669 228205
197 526951 153759
198 823242 371389
199 457967 19376
200 365473 616379
201 814949 206818
202 877420 215349
203 466029 26961
204 817371 267647
205 338944 637723
206 272038 534509
207 481039 145014
208 217716 515017
209 570631 94799
210 881224 325621
211 593526 38362
212 325983 559794
213 372188 568505
214 866306 212117
215 895454 172390
216 525653 185820
217 848364 344654
218 348522 571365
219 355323 546677
220 483327 109897
221 310492 468210
222 260543 491961
223 841925 249277
224 511128 139400
225 464335 108079
226 886906 254492
227 804371 651745
228 871563 285782
229 450474 119069
230 849731 675444
231 842632 745763
232 692589 18951
233 447669 67322
234 856090 653803
235 384506 527873
236 835130 718239
237 868861 730549
238 842177 731790
239 593821 49471
240 624742 43888
241 771239 701275
242 507836 171915
243 893827 695630
244 302771 577794
245 526953 82602
246 845189 784588
247 621394 50640
248 398356 572602
249 856613 681048
250 876564 738587
251 891542 272757
252 583995 12708
253 853296 724907
254 838010 716904
255 491110 39404
256 666808 23166
257 440211 80829
258 702503 94419
259 831457 219426
260 866728 350548
261 634988 161860
262 469590 94775
263 494571 106507
264 337114 605040
265 446677 73015
266 323007 583118
267 456675 98410
268 885984 733053
269 480222 106193
270 451494 141322
271 829888 678218
272 797543 668744
273 748957 47724
274 594067 -11609
275 820780 342111
276 917810 713651
277 834728 631813
278 924782 710179
279 363764 629124
280 470545 153968
281 904708 755495
282 835308 271968
283 829105 749333
284 628402 -3839
285 850620 280631
286 499354 71693
287 279383 612614
288 303628 550578
289 877935 371018
290 405929 599899
291 324949 508479
292 390799 541542
293 450143 267327
294 549091 48897
295 860085 727317
296 945203 726654
297 462428 106246
298 500870 68672
299 884085 671448
300 489622 116151
301 907732 686301
302 460281 53958
303 308507 551766
304 905529 670909
305 334152 570936
306 475047 114022
307 950702 301528
308 385396 106370
309 804195 707894
310 719271 76519
311 881417 756965
312 830616 698240
313 824687 710149
314 831818 778082
315 404925 516139
316 827568 291039
317 721201 2662
318 848159 297296
319 861794 654182
320 819986 310693
321 869496 654741
322 829947 650761
323 385226 542776
324 857571 205337
325 857577 179315
326 394256 541015
327 370738 619739
328 262018 553351
329 357632 556778
330 613020 -9075
331 862911 220194
332 920070 348873
333 862701 745515
334 599796 32623
335 884308 726413
336 363167 602423
337 685241 52049
338 424493 137820
339 514879 116317
340 933233 668387
341 681906 -56245
342 856227 213211
343 838124 228910
344 370088 540191
345 373011 597488
346 539402 16834
347 810552 647430
348 659888 3422
349 514154 171146
350 402941 599805
351 382377 613189
352 698213 37639
353 380014 589719
354 866163 317965
355 371533 475009
356 707833 12741
357 434503 163601
358 649473 90773
359 398655 599219
360 932471 240141
361 479851 172702
362 298559 518311
363 894694 269733
364 848607 210513
365 867768 719911
366 939819 195657
367 303203 638427
368 698818 5406
369 354208 589204
370 836983 313570
371 850490 678773
372 689525 30796
373 806760 221964
374 349661 557620
375 848007 679861
376 471887 157966
377 604420 49077
378 355936 594011
379 527695 73045
380 804386 253192
381 527687 49053
382 516833 23331
383 676896 52862
384 835355 716199
385 805027 189391
386 828819 739084
387 475136 94913
388 412403 116623
389 858024 282623
390 880309 617343
391 657901 22820
392 849744 254308
393 472003 136160
394 526401 92664
395 871495 221003
396 476745 60452
397 698214 50805
398 391571 634346
399 277597 547801
400 498403 135677
401 840995 270708
402 852594 646704
403 524678 116971
404 548860 48099
405 665628 54922
406 401635 534912
407 328343 577018
408 487629 84157
409 866765 274347
410 866104 704597
411 629726 62684
412 898710 701544
413 624946 -55784
414 334665 561519
415 808629 818703
416 874599 689617
417 920140 185780
418 315172 732047
419 874512 323351
420 782087 252505
421 828681 715944
422 806064 288328
423 634152 43496
424 593068 9040
425 489135 81544
426 675891 25025
427 864216 290094
428 952214 654160
429 477347 79376
430 828131 702766
431 849822 185401
432 795327 184328
433 472005 -761
434 629420 27364
435 889865 223457
436 913466 623692
437 399369 557526
438 891776 292199
439 759987 269955
440 834567 695375
441 853019 760909
442 810865 792980
443 873597 282260
444 811869 705519
445 851046 243342
446 527340 87835
447 928282 613831
448 868725 666283
449 504377 95847
450 870465 690737
451 908554 238702
452 428691 128499
453 440551 85674
454 346323 589837
455 348514 604606
456 927710 773080
457 394936 522384
458 867492 243613
459 889466 662502
460 662699 39877
461 965557 744523
462 861810 718485
463 320069 576291
464 902022 180607
465 944791 666818
466 825462 227942
467 289612 578481
468 823797 656507
469 922194 311762
470 349149 555545
471 514762 127942
472 427605 54689
473 305751 630317
474 681728 21144
475 457763 73873
476 755116 240490
477 884370 607193
478 859906 283722
479 862432 688577
480 916253 642925
481 305961 595913
482 651124 -18637
483 798094 703626
484 680741 112073
485 895930 700620
486 475032 127315
487 663835 -59283
488 498890 117478
489 854700 753953
490 660823 12154
491 417755 560557
492 452273 124363
493 768434 362275
494 805134 332789
495 846802 269924
496 866579 255195
497 323587 631480
498 658111 -4795
499 766322 236682
500 642929 51652
501 362633 83880
502 852595 217363
503 504364 72875
504 551021 102484
505 478405 149194
506 528501 62798
507 641047 32840
508 841369 210200
509 891638 312772
510 652321 57663
511 349518 485120
512 916159 737385
513 582972 47002
514 653998 46724
515 705662 -5336
516 409740 605438
517 328118 585988
518 894235 254973
519 661319 57796
520 693255 69669
521 842998 198805
522 300259 570179
523 345015 620630
524 829114 326339
525 893689 673129
