NAME : portcgen-509-3644960
COMMENT : portcgen N=509, seed=3644960
TYPE : TSP
DIMENSION : 509
EDGE_WEIGHT_TYPE : EUC_2D
NODE_COORD_SECTION
1 940044 492421
2 69518 706024
3 773685 275887
4 344214 795175
5 379667 520020
6 349669 738245
7 59799 677828
8 243734 498618
9 848097 192605
10 266834 676714
11 393650 493077
12 874114 437877
13 888028 492361
14 -47976 739922
15 909558 499726
16 368124 488526
17 82424 756394
18 798829 264800
19 427469 508041
20 313360 810088
21 74224 685206
22 -6181 711804
23 302662 812389
24 317992 791584
25 7597 780253
26 102848 714263
27 402666 490945
28 56727 715667
29 786388 203697
30 385537 429873
31 757424 206223
32 749340 286455
33 860086 251679
34 358872 438834
35 -17660 768214
36 825440 305357
37 356986 422877
38 299790 401234
39 283990 648204
40 856521 205427
41 383327 520779
42 387229 821656
43 819040 250568
44 317541 760706
45 687713 192643
46 824745 436753
47 339759 477928
48 820716 255464
49 821658 206586
50 377266 392627
51 348403 535789
52 114120 746343
53 755163 135338
54 932129 434452
55 335370 744536
56 854080 489981
57 773922 220825
58 283462 508972
59 779127 301548
60 399979 833089
61 307048 776450
62 417283 475721
63 302854 766050
64 791542 167650
65 809005 370887
66 734732 180458
67 -50146 672607
68 372153 491474
69 438971 488983
70 65270 725309
71 779335 296929
72 375108 408550
73 805033 266049
74 1075 743347
75 781003 148935
76 79016 811924
77 331604 808229
78 300775 729140
79 364253 454967
80 763078 357188
81 796821 234180
82 799266 260003
83 412009 477716
84 275013 740231
85 335247 747840
86 859807 463252
87 16891 716772
88 755915 231521
89 939504 513217
90 296845 733994
91 20272 730237
92 863749 246023
93 60780 662247
94 111602 751998
95 871875 483837
96 316169 755462
97 831029 541912
98 270911 805253
99 326454 776351
100 814192 461933
101 49554 729063
102 397224 571939
103 310684 478981
104 326260 392277
105 436142 488256
106 276665 751834
107 809816 284280
108 -26354 665597
109 14414 745437
110 856629 299334
111 306147 737644
112 387658 422196
113 276554 767867
114 867908 553167
115 417949 514621
116 28239 803475
117 364444 430620
118 352691 603523
119 349077 815735
120 291906 735306
121 845262 294181
122 86984 757169
123 -44999 682013
124 761560 252052
125 927347 451557
126 790180 271120
127 846873 475606
128 276489 442650
129 757931 230029
130 818065 202776
131 438369 446357
132 775804 207370
133 459225 397635
134 764682 222233
135 38743 643553
136 60275 824781
137 -2892 722963
138 384194 565977
139 336127 421054
140 821959 276503
141 283520 733362
142 377312 564889
143 854623 463256
144 352726 841691
145 296713 803921
146 429782 491155
147 293352 755146
148 426025 490733
149 375957 460486
150 50170 711112
151 458465 397624
152 245451 719181
153 268611 750984
154 780567 145848
155 272212 844551
156 827050 199312
157 824728 498890
158 347572 729080
159 734650 317851
160 351882 582916
161 453249 432901
162 886884 503342
163 769652 270342
164 930145 537083
165 315453 732003
166 402038 522611
167 902098 478115
168 887662 469498
169 355454 479229
170 781731 196427
171 422962 545780
172 777550 447840
173 419692 461667
174 950831 547894
175 342475 694952
176 82298 844505
177 898062 439451
178 289561 795610
179 289114 773338
180 866525 229975
181 337197 476624
182 20371 681345
183 406016 457145
184 53955 684644
185 816544 267861
186 404209 462427
187 45514 748454
188 -8235 695631
189 790764 232145
190 831226 521117
191 326057 495392
192 844038 438621
193 76365 771460
194 384137 488540
195 797744 254255
196 826323 216905
197 816922 155438
198 85393 719168
199 773898 242418
200 339590 415597
201 818489 199811
202 849532 433968
203 375349 526016
204 914291 279745
205 785125 277628
206 365490 521127
207 838076 484289
208 356582 421084
209 17431 736784
210 428456 449304
211 804633 487624
212 345739 433933
213 809982 251599
214 332210 401719
215 32272 731002
216 -41634 700143
217 97642 728412
218 889194 466455
219 837288 508984
220 397517 405423
221 925748 403693
222 814586 223710
223 69888 802183
224 746730 260918
225 800179 484141
226 327913 402392
227 353076 470652
228 -33090 702357
229 294825 747056
230 785747 519719
231 113195 772389
232 59710 767966
233 -3628 741708
234 779880 290734
235 42498 761330
236 789491 241961
237 795303 172151
238 78778 739228
239 745417 341576
240 384106 447581
241 360853 519223
242 902774 511026
243 846338 392341
244 731414 330398
245 941803 419724
246 813424 266037
247 331073 492564
248 302042 741766
249 906055 502808
250 56148 728781
251 862972 453236
252 406481 379406
253 859468 524724
254 862603 209915
255 388671 500706
256 770577 247383
257 295829 760601
258 846569 203892
259 884558 476646
260 841449 239655
261 39692 834749
262 829611 288595
263 367117 536942
264 822277 320202
265 910730 461710
266 55675 747900
267 906010 236417
268 48475 717627
269 105474 736305
270 826504 193005
271 40367 735616
272 244202 708724
273 789389 308683
274 18633 723401
275 431791 469732
276 49554 763315
277 71129 709983
278 47045 742627
279 285956 714850
280 335808 759162
281 247799 795005
282 759492 229272
283 868793 523926
284 21292 738107
285 899972 446406
286 824898 244593
287 899818 414390
288 3445 719608
289 793875 287662
290 49525 715704
291 349765 436389
292 774697 121203
293 275944 747827
294 -46286 759783
295 48659 779856
296 58597 687878
297 836588 463676
298 769239 188057
299 377134 498251
300 47582 766228
301 744315 318639
302 859459 490667
303 898504 449117
304 777776 292206
305 80991 730638
306 859926 404357
307 355682 566341
308 748005 268787
309 52381 644915
310 873572 506969
311 354123 427985
312 383139 471845
313 892626 470639
314 387556 770192
315 323448 523600
316 782788 253927
317 298322 770160
318 -35916 752349
319 791825 197633
320 811513 253538
321 836566 556127
322 16778 713792
323 430998 457035
324 109750 714198
325 827405 472817
326 325742 804153
327 322349 500453
328 335112 731497
329 70050 637012
330 333011 775650
331 815174 510171
332 840596 230372
333 414214 457325
334 335345 790380
335 -58919 739018
336 841518 316917
337 398537 446683
338 859794 472056
339 829357 517776
340 424487 427064
341 379816 450466
342 900130 453194
343 -19968 665477
344 786826 277490
345 390787 760588
346 853683 500960
347 860736 545616
348 39460 777161
349 92289 685268
350 -58270 713915
351 27659 738752
352 872248 503291
353 894967 436321
354 254103 748592
355 231453 750120
356 396092 504496
357 -42744 674838
358 866571 485089
359 906595 466323
360 391422 519293
361 776306 215430
362 323272 432724
363 20274 727010
364 302085 785927
365 858459 464483
366 67234 734242
367 27858 793791
368 221826 815879
369 836568 479622
370 48325 729519
371 277946 720907
372 830587 543457
373 776011 244192
374 309636 716355
375 307649 473457
376 847501 187768
377 60036 778399
378 306917 530706
379 -81877 738974
380 867839 451999
381 381207 917112
382 825834 277436
383 350963 522197
384 874581 339430
385 822939 289441
386 283541 751915
387 843703 463233
388 807123 323969
389 432902 425363
390 292823 826644
391 921307 436832
392 8204 717317
393 827928 292399
394 59569 775218
395 774923 196338
396 32108 663786
397 901296 503790
398 288689 731837
399 304711 769990
400 976838 568254
401 721327 269265
402 454296 526445
403 908913 456630
404 417898 495625
405 38781 623100
406 836219 456443
407 850484 402410
408 774644 188684
409 826737 431997
410 -1560 727140
411 314715 771020
412 81077 751315
413 798797 218135
414 408053 489635
415 776961 214579
416 298707 835157
417 389184 442665
418 830636 313141
419 -12979 789276
420 685165 294912
421 -29217 687321
422 344611 489065
423 388027 413298
424 248241 771997
425 287027 435439
426 846208 498946
427 272750 824151
428 837770 556139
429 398242 393857
430 303084 773003
431 870322 455200
432 818306 235886
433 432981 416234
434 327387 496040
435 765769 242851
436 78342 736151
437 472107 443538
438 392431 507018
439 859245 416785
440 812795 223204
441 382300 417082
442 848947 237735
443 901659 474164
444 758889 248844
445 827206 506008
446 702232 256632
447 50616 728066
448 864482 434283
449 795989 311883
450 374096 779883
451 352807 473822
452 245161 775789
453 755626 231093
454 327885 387701
455 355720 731891
456 6613 739790
457 818842 546381
458 767888 245831
459 800217 236332
460 -4852 700733
461 846678 510346
462 872096 496618
463 793420 266960
464 309178 801710
465 388782 466699
466 898341 453450
467 315571 458079
468 730929 212740
469 864729 524334
470 81188 703308
471 774127 242714
472 397158 488288
473 27476 722390
474 323166 833298
475 417905 492581
476 -38262 709694
477 804263 212084
478 868212 430359
479 36974 729252
480 936017 413063
481 845081 422405
482 34525 666920
483 58583 768896
484 757897 261275
485 278580 779191
486 24682 657049
487 429782 811196
488 23167 702883
489 43324 737123
490 -112313 746545
491 844797 440650
492 364740 449418
493 817628 260374
494 76492 768778
495 230097 744901
496 -12091 770367
497 883895 272775
498 21694 774912
499 823498 297857
500 839227 196180
501 760825 221848
502 818892 201172
503 -11011 740595
504 277388 855681
505 384612 421553
506 316311 712896
507 320906 669687
508 841871 546881
509 391888 431754
