NAME : portcgen-499-8307620
COMMENT : portcgen N=499, seed=8307620
TYPE : TSP
DIMENSION : 499
EDGE_WEIGHT_TYPE : EUC_2D
NODE_COORD_SECTION
1 161063 133383
2 147269 113641
3 550927 823451
4 140357 862943
5 564459 872545
6 159701 104753
7 68724 179255
8 138650 99411
9 558162 799597
10 160174 988829
11 563058 854326
12 196820 904108
13 596988 882828
14 131718 80329
15 103255 44496
16 150021 116094
17 95581 158604
18 565485 786583
19 118593 78966
20 93266 70011
21 175356 967181
22 86172 97261
23 126201 80526
24 491370 857917
25 100418 186100
26 90117 78513
27 85803 260716
28 627477 845458
29 530688 854314
30 111145 219042
31 511243 823345
32 206245 881813
33 74803 182438
34 85430 224423
35 210123 879280
36 154420 846744
37 9537 189861
38 182613 915154
39 599788 866499
40 222065 837151
41 158982 91996
42 509553 875560
43 550408 794706
44 190102 895283
45 35393 923879
46 110469 170316
47 519511 893869
48 46422 188235
49 222640 912191
50 548917 837849
51 566156 838319
52 85100 85960
53 165229 96352
54 92838 298767
55 183318 888344
56 550996 845738
57 74443 221625
58 205974 848174
59 82494 113173
60 142853 849811
61 190059 857463
62 515153 819827
63 135323 225320
64 12747 203984
65 89190 181183
66 95568 127943
67 537034 843704
68 127368 842906
69 128612 842835
70 497999 888965
71 439384 855599
72 195388 862714
73 461518 791325
74 95248 86683
75 154793 152126
76 503190 776670
77 72326 102314
78 554000 881280
79 109949 87711
80 167911 925088
81 493446 817390
82 506770 798421
83 58552 214170
84 515786 872540
85 85606 140490
86 25532 117934
87 541387 817971
88 83452 128080
89 207885 918082
90 116826 860349
91 182130 838642
92 97464 197071
93 129641 894253
94 507027 791608
95 76106 220355
96 152333 906414
97 119118 155297
98 87661 105772
99 565122 764166
100 429671 830442
101 52553 103195
102 42743 79453
103 89666 168703
104 112242 76750
105 172021 846116
106 464939 867662
107 532618 862701
108 623773 831730
109 157350 840538
110 111065 141807
111 74669 117021
112 177672 874689
113 86647 150357
114 118059 108769
115 510813 847868
116 94177 92737
117 105254 109388
118 487473 887176
119 144365 894482
120 210034 795159
121 544082 817246
122 463803 845080
123 107602 105671
124 73674 99858
125 540856 804318
126 146319 927391
127 98839 163961
128 139409 107499
129 70716 94226
130 217454 869942
131 498815 881024
132 522809 829359
133 563355 857450
134 52205 83075
135 114737 87463
136 235772 870616
137 124173 863088
138 483622 780564
139 66486 153300
140 480681 835157
141 121343 36868
142 142230 957660
143 462327 914566
144 516356 845242
145 120986 132778
146 572160 824147
147 76169 221807
148 64040 99300
149 86100 867198
150 108490 974793
151 96644 40543
152 126651 838492
153 11554 103233
154 89208 908953
155 86816 117547
156 53264 136351
157 549342 732393
158 506223 784809
159 217079 824570
160 112660 130382
161 470614 788144
162 110824 81889
163 97561 177918
164 94673 237655
165 176795 886955
166 522764 821967
167 102030 116284
168 180154 818284
169 536836 819056
170 608590 785152
171 176095 127531
172 96333 84774
173 575108 811998
174 492560 787699
175 430170 788927
176 475753 827805
177 57069 147507
178 203283 891753
179 49493 90442
180 115645 252041
181 9014 175674
182 10540 139399
183 488619 820995
184 128013 107490
185 558573 891005
186 232640 852128
187 586909 699000
188 10181 70061
189 135624 147741
190 70116 833306
191 21954 81959
192 259931 804138
193 126044 127898
194 202262 898173
195 127398 111398
196 113895 230050
197 479615 834131
198 85564 130428
199 91222 214218
200 65073 170202
201 152976 248397
202 141606 886620
203 149627 884613
204 568505 842145
205 519088 842061
206 29733 140587
207 120537 107190
208 93339 97753
209 201173 938986
210 547182 870087
211 129801 89741
212 87639 913334
213 22366 128668
214 257748 921202
215 47673 215179
216 522983 839892
217 124863 913468
218 124642 988535
219 176429 157525
220 524352 824904
221 52618 64668
222 87633 55799
223 54650 107744
224 98296 869367
225 601580 794611
226 146503 214462
227 67368 48118
228 121589 128811
229 151349 914134
230 208295 935769
231 563013 893484
232 81103 181104
233 252238 806372
234 504482 841616
235 210098 850989
236 92842 61318
237 67721 98354
238 116962 934204
239 108904 90613
240 508472 836116
241 187441 844507
242 493041 891250
243 137425 162993
244 136174 131080
245 188464 938713
246 119643 141824
247 138826 186203
248 99160 73418
249 132773 926930
250 438291 788962
251 460762 801561
252 81282 66504
253 36896 207998
254 143605 114318
255 167758 106515
256 18858 122212
257 7990 84719
258 102857 156743
259 134256 70607
260 103575 165316
261 132796 181418
262 172632 890027
263 79193 249113
264 127515 99785
265 102160 84152
266 132718 858478
267 53923 136933
268 107482 67862
269 133278 837036
270 134373 182384
271 60210 905567
272 95195 108247
273 68426 23137
274 82767 237018
275 274121 870406
276 466389 878550
277 107192 200659
278 60840 95460
279 140837 135611
280 502194 835030
281 537989 894581
282 133591 871278
283 94235 54769
284 22015 133620
285 204081 904764
286 123496 200164
287 593851 838035
288 177955 933757
289 118623 877395
290 106077 215616
291 114681 166844
292 242168 963375
293 85176 75063
294 143120 937043
295 170783 870538
296 165277 882684
297 145507 894662
298 54986 36316
299 95656 131198
300 546490 915993
301 185242 905949
302 421184 834885
303 64619 204809
304 486709 825641
305 544088 866890
306 64466 188849
307 2929 65084
308 133883 848715
309 483910 780774
310 159019 903524
311 97584 56783
312 70266 177027
313 115993 137097
314 114709 100389
315 154018 880322
316 175029 204572
317 110794 245367
318 579018 777010
319 137074 920894
320 546494 861090
321 548993 834733
322 109620 215737
323 185318 68827
324 101526 203829
325 58839 134815
326 79851 75685
327 100797 205923
328 195095 929792
329 71858 223379
330 102191 163092
331 573884 857301
332 167945 922073
333 75807 47965
334 141322 918882
335 100228 869893
336 126462 210903
337 184944 130668
338 101905 247186
339 144819 870746
340 95760 807264
341 480909 883626
342 147337 244847
343 130189 165005
344 183683 900869
345 474316 750432
346 154517 841510
347 86086 93857
348 54277 185859
349 595441 788364
350 35764 100019
351 479925 843054
352 248257 900681
353 505021 723589
354 52521 150634
355 106693 105748
356 168760 249024
357 554949 789426
358 153145 225048
359 484206 827886
360 213482 914982
361 78391 862781
362 129907 227101
363 199234 166260
364 520040 884794
365 567735 871910
366 109431 150401
367 133979 815247
368 536662 876530
369 450266 796156
370 190726 852709
371 129459 149921
372 108922 81583
373 58178 190403
374 76201 930420
375 104460 120836
376 454018 804013
377 98429 71185
378 72804 151115
379 94652 134039
380 51943 229773
381 52356 126912
382 148722 125291
383 36712 124769
384 70803 228379
385 235510 874068
386 38763 160262
387 158240 932444
388 135919 876659
389 222234 883424
390 508866 832252
391 115857 158471
392 127209 896020
393 116618 190524
394 563774 774825
395 508206 841166
396 112143 247043
397 64344 193306
398 161997 885848
399 54235 167950
400 462415 831888
401 186322 859068
402 482409 780339
403 94417 905401
404 521604 855351
405 97215 187290
406 553636 813546
407 546218 782510
408 532147 815201
409 124544 128551
410 113848 110922
411 585344 839900
412 556111 815236
413 104061 221669
414 111704 80766
415 168092 120789
416 211429 858947
417 126266 88034
418 573246 824299
419 75638 81398
420 183602 880523
421 182734 58456
422 481598 831996
423 180989 52763
424 98356 93967
425 35390 195026
426 598460 828234
427 427636 821421
428 131876 222367
429 60951 171857
430 38143 189301
431 508478 786909
432 67002 160395
433 164070 118729
434 564858 906242
435 220305 913339
436 150844 165948
437 128825 76731
438 136817 53267
439 119756 129830
440 216144 845969
441 224077 838325
442 134837 119241
443 449688 758607
444 607907 811475
445 119850 101150
446 115053 158898
447 524227 873738
448 183113 119491
449 35241 151676
450 178173 823664
451 545159 787327
452 159759 162219
453 192070 843359
454 533604 835387
455 119661 938208
456 508445 839725
457 181698 852123
458 109955 143099
459 128791 156535
460 13810 238616
461 560845 794412
462 121564 213501
463 155848 892437
464 136195 112869
465 529886 791864
466 213413 850235
467 569363 779008
468 88476 131237
469 193943 941089
470 141291 229573
471 86357 105097
472 48709 176533
473 161869 121634
474 139803 249734
475 156003 156071
476 549362 819266
477 515067 807174
478 515110 827222
479 60389 196516
480 548681 784781
481 131551 132993
482 152737 872921
483 577591 815083
484 175920 140994
485 511515 866483
486 20799 178068
487 55043 215829
488 108762 204181
489 502957 845241
490 505385 783718
491 25662 64692
492 526121 827379
493 135926 72589
494 98844 106296
495 579744 849096
496 148255 169214
497 108379 207500
498 93045 91769
499 174121 236381
