NAME : portcgen-434-7962073
COMMENT : portcgen N=434, seed=7962073
TYPE : TSP
DIMENSION : 434
EDGE_WEIGHT_TYPE : EUC_2D
NODE_COORD_SECTION
1 871873 324762
2 568805 827873
3 769159 434225
4 849229 472950
5 862790 378272
6 897663 310706
7 313006 812684
8 955753 412510
9 318206 926726
10 953428 926392
11 991373 909884
12 575259 911421
13 999903 924528
14 1019831 991195
15 896485 366962
16 591924 814948
17 344110 763259
18 946464 380625
19 529684 803068
20 958973 1001556
21 631120 884788
22 600801 803314
23 419194 775574
24 395017 791490
25 413089 814141
26 915401 378667
27 601649 831474
28 369632 726238
29 334381 801377
30 937110 1056716
31 572005 815018
32 985742 896249
33 910420 338264
34 574544 923314
35 416112 683353
36 379703 886653
37 590006 750661
38 911532 355769
39 867062 449141
40 947455 374194
41 924861 391967
42 926487 394621
43 602999 823580
44 360949 796980
45 552294 828616
46 610126 833361
47 444622 730872
48 957979 409353
49 1012272 1019281
50 895775 950020
51 821847 326854
52 393288 692892
53 924433 379833
54 905543 336028
55 553524 875668
56 819780 392938
57 358222 858692
58 639115 845890
59 911894 483876
60 881006 407297
61 469786 853852
62 380949 862056
63 579974 827202
64 924927 913553
65 302282 777042
66 550163 863399
67 960646 917584
68 271947 737483
69 954853 1022040
70 619897 848714
71 384480 867493
72 1016966 964213
73 297631 775087
74 400710 714580
75 335427 832442
76 985336 997231
77 921309 980182
78 552223 937365
79 894852 1039430
80 870752 356288
81 318543 795478
82 870183 318169
83 371100 806693
84 342103 896981
85 950427 1035285
86 497571 829259
87 351467 803832
88 934843 1008408
89 599592 813666
90 624298 752945
91 1034845 1018478
92 922453 950232
93 910949 1005488
94 374292 824729
95 896352 410131
96 551198 900240
97 903435 931583
98 862081 489168
99 973589 380463
100 931915 870094
101 924718 456166
102 623529 862894
103 449243 716235
104 902163 947564
105 986239 971072
106 910888 943616
107 342492 886218
108 967932 935426
109 912087 887382
110 851976 441218
111 332816 807999
112 908407 354806
113 532756 912224
114 326465 765275
115 609546 901796
116 580304 848272
117 1013716 964615
118 249669 807598
119 957968 878517
120 591008 903464
121 955810 934519
122 892211 1004614
123 635141 922325
124 951279 992604
125 889194 315972
126 371538 783170
127 621054 876316
128 1021619 955156
129 959256 928581
130 588668 840868
131 628947 841715
132 979006 932419
133 849015 307536
134 389169 847054
135 852699 439387
136 374635 838157
137 414875 810598
138 571704 885104
139 326074 818155
140 595744 803929
141 423177 770320
142 584536 894740
143 905385 1111971
144 894133 387375
145 958067 950103
146 565306 858970
147 660256 842325
148 918910 417856
149 376677 833807
150 524250 769387
151 359133 852905
152 457638 698739
153 915848 361068
154 396554 836611
155 933238 486300
156 540193 869488
157 924752 428365
158 690849 867315
159 919609 907703
160 636455 811800
161 854280 353799
162 868818 956422
163 930175 356217
164 590296 843501
165 505284 869561
166 691938 822325
167 911057 375497
168 888281 418559
169 278809 831579
170 576874 772632
171 336654 742310
172 650517 895469
173 346082 785703
174 976830 898603
175 586252 907072
176 604230 835084
177 587715 859629
178 294141 797898
179 605572 818437
180 400799 721751
181 944644 999846
182 1024181 945844
183 629160 867984
184 341098 830838
185 310641 802595
186 588506 827825
187 575410 920397
188 887230 486688
189 619367 867061
190 580716 807715
191 391073 808006
192 357219 826740
193 882370 442156
194 943801 393194
195 720601 850615
196 937005 325935
197 414520 837214
198 950913 960365
199 1015218 323865
200 963384 919708
201 359468 863009
202 690610 808714
203 609131 856132
204 409249 791779
205 366229 810616
206 640874 827604
207 279655 813954
208 433145 768865
209 857017 393386
210 1045741 964817
211 961914 993721
212 561324 890674
213 602538 812696
214 1034880 897106
215 646858 914648
216 595540 855029
217 848331 977366
218 663725 902565
219 953467 912188
220 984516 324248
221 473597 808063
222 604299 812774
223 875703 944997
224 986297 871885
225 588168 891480
226 1058929 921358
227 950189 374497
228 580174 868051
229 420966 778401
230 894956 419184
231 417253 733551
232 934262 1004682
233 323844 862950
234 557593 938681
235 815844 287913
236 605271 868732
237 302511 798592
238 626611 854776
239 606433 858709
240 890447 396342
241 1015774 1013278
242 916651 1055206
243 304702 774309
244 584564 784937
245 280129 896701
246 562465 908581
247 881512 420569
248 391464 797426
249 415197 887562
250 585534 809914
251 993228 908397
252 365512 787308
253 404665 852572
254 396814 854077
255 796239 370329
256 458146 783045
257 379481 805131
258 657562 790969
259 677857 839735
260 395871 840762
261 999445 364317
262 467362 844520
263 532457 867515
264 901289 394940
265 924928 338632
266 330364 904684
267 368207 882614
268 890767 368325
269 334978 792471
270 325493 779708
271 576648 819568
272 904738 367532
273 696373 889594
274 926084 993252
275 622099 896523
276 955801 255821
277 960017 927638
278 489839 893883
279 825296 368095
280 909765 350991
281 870754 454780
282 902475 408767
283 311341 786514
284 936688 940486
285 386737 742095
286 385002 752551
287 445310 807435
288 885938 413193
289 887320 938647
290 564583 937989
291 919344 380618
292 576806 868159
293 941396 963021
294 1037050 984840
295 898200 364203
296 853945 328529
297 436938 818362
298 952824 387836
299 552489 870658
300 866079 364338
301 939407 920263
302 364748 725537
303 917568 1005723
304 975384 436926
305 306665 853439
306 942038 939148
307 938775 975197
308 371569 842650
309 368308 782876
310 381349 821087
311 917998 1078622
312 873219 340895
313 582941 940703
314 973343 997480
315 386069 771512
316 1012374 1025280
317 600483 818957
318 881091 356347
319 341263 809886
320 640906 857056
321 593959 857451
322 873496 365423
323 883051 350997
324 887457 1020298
325 953904 992358
326 605459 878570
327 885624 358467
328 304497 807115
329 570660 926595
330 915030 984086
331 640690 737596
332 891732 391571
333 861191 379104
334 947703 951853
335 881156 945263
336 992115 998757
337 935073 960897
338 860965 359318
339 880595 413363
340 973589 438718
341 526653 877560
342 375071 780343
343 374732 812399
344 836401 442213
345 978779 488677
346 395558 796232
347 776123 313745
348 417972 737983
349 908872 1024595
350 575088 818527
351 524215 786923
352 526596 945775
353 1014973 1009398
354 582614 815039
355 897762 372166
356 1037804 1001811
357 802779 475367
358 532369 764312
359 858481 402271
360 534634 880136
361 406043 861496
362 615602 912952
363 918979 887320
364 489798 853832
365 923291 978036
366 950112 336491
367 892374 328468
368 876039 434291
369 832398 488732
370 610918 881548
371 300732 807748
372 634670 865694
373 558680 905951
374 625855 878373
375 426070 805910
376 313367 754836
377 616070 920158
378 508360 905400
379 600718 864379
380 867053 391631
381 420432 797711
382 936428 382650
383 318027 781063
384 897980 447307
385 904355 992058
386 1082161 926756
387 386569 814939
388 958909 1037036
389 380506 764068
390 615871 894480
391 957129 1097277
392 915253 406656
393 375952 816231
394 586340 886358
395 422771 762850
396 580841 771446
397 308228 773348
398 306374 844261
399 443812 814963
400 612163 801065
401 972644 938674
402 373899 748623
403 404099 819302
404 901965 415099
405 593406 888050
406 518682 804839
407 360275 780055
408 436246 801822
409 917829 904361
410 540806 850695
411 982438 995048
412 371360 779565
413 633178 852025
414 857832 361031
415 580918 875607
416 401118 908844
417 364563 829038
418 900333 1026474
419 972350 1031499
420 657983 837051
421 454733 839744
422 911532 332223
423 1001763 1010941
424 899795 845892
425 559786 873067
426 1004741 926128
427 559640 849364
428 937921 999724
429 653316 827344
430 369650 745610
431 952114 952849
432 948296 954447
433 322728 736756
434 367771 827888
