NAME : portgen-521-1148892
COMMENT : portgen N=521, seed=1148892
TYPE : TSP
DIMENSION : 521
EDGE_WEIGHT_TYPE : EUC_2D
NODE_COORD_SECTION
1 259215 307434
2 514009 457243
3 250763 501689
4 492918 555812
5 625074 617951
6 710564 854692
7 287067 814209
8 547639 805523
9 528354 939185
10 856745 245516
11 151642 866707
12 80970 409839
13 439954 364408
14 420053 326904
15 557901 621981
16 940290 687122
17 83854 777073
18 178501 531691
19 119178 71271
20 166764 899392
21 473783 662937
22 662698 355915
23 632503 584209
24 243199 416670
25 143760 455939
26 905535 94904
27 775582 216210
28 142197 572092
29 223579 736936
30 278742 719071
31 382510 421646
32 389047 725682
33 144168 47627
34 191993 931151
35 181706 963430
36 562324 111683
37 795424 400806
38 339981 56738
39 91125 864759
40 267642 867861
41 140828 683117
42 48162 838829
43 239471 518644
44 298075 358172
45 632904 130873
46 339698 188027
47 889565 203333
48 337068 362099
49 867512 261892
50 15934 575764
51 493084 378439
52 149028 275898
53 315110 222418
54 46741 936752
55 976738 623553
56 274017 865407
57 104031 147868
58 379373 194483
59 532080 185713
60 388613 782068
61 180115 930100
62 915217 605941
63 470346 183885
64 962655 519526
65 85695 117562
66 9996 154372
67 888020 644088
68 593844 275421
69 579085 900293
70 459456 44988
71 986563 112361
72 969558 850836
73 950758 409598
74 272809 283624
75 732987 153182
76 399444 347985
77 176197 898371
78 565768 338711
79 490418 504939
80 682053 39688
81 643333 146448
82 477295 931750
83 636989 161655
84 895848 253195
85 197109 969775
86 921673 248456
87 452726 235431
88 382623 832129
89 753903 16846
90 40173 131635
91 693467 457715
92 837472 46007
93 474229 863548
94 677076 956270
95 7099 432189
96 379573 325889
97 703183 489681
98 123315 738107
99 659634 734127
100 468212 118629
101 655695 255963
102 243451 601352
103 459715 941728
104 510513 130190
105 424141 702220
106 661634 534147
107 497840 249864
108 660115 317443
109 443264 987614
110 808435 898882
111 502020 161720
112 784983 78480
113 314080 665709
114 5005 851373
115 775715 440894
116 321616 623712
117 592704 337953
118 470000 159319
119 959875 587608
120 385892 156786
121 420283 689462
122 147835 108216
123 930168 217852
124 540906 624703
125 175601 457606
126 733102 808260
127 958411 27317
128 797013 31982
129 663259 905498
130 131351 300396
131 981853 922904
132 744298 267354
133 281936 972172
134 386312 389623
135 319696 442262
136 776537 818560
137 812012 350829
138 165779 693760
139 203308 757665
140 281466 282097
141 2449 99507
142 720022 475319
143 459041 398711
144 879414 325349
145 56017 497828
146 773006 570251
147 267912 943629
148 380249 601723
149 877449 797005
150 942436 236408
151 14543 783241
152 343237 893503
153 455156 633595
154 88238 483092
155 568276 398302
156 152567 337909
157 849481 633523
158 527390 411601
159 654992 800668
160 887105 680212
161 94722 589307
162 447186 83288
163 427718 993295
164 475323 918508
165 895673 532184
166 605521 720216
167 189388 883164
168 129530 664540
169 250026 86498
170 947929 47439
171 743719 78746
172 438244 375804
173 403106 183699
174 123065 184624
175 515911 386953
176 126400 958941
177 901332 410252
178 630886 294327
179 593852 460073
180 763973 790616
181 383569 1740
182 535163 520837
183 654582 73821
184 899665 473676
185 230417 343690
186 288536 470368
187 284756 500152
188 553812 135781
189 687974 36934
190 452401 133390
191 399443 15250
192 154535 105057
193 148615 603780
194 185053 668551
195 228581 55709
196 764874 776349
197 856081 604238
198 758902 273351
199 793989 938091
200 821991 267325
201 495724 86130
202 732223 382521
203 987509 111150
204 804405 796275
205 261637 27106
206 109274 925301
207 231491 708264
208 25741 607220
209 145659 930924
210 761934 381231
211 279831 961573
212 651685 963092
213 847966 202405
214 738144 902235
215 512642 442662
216 331375 891699
217 775296 425295
218 24116 474142
219 783758 446270
220 79315 541394
221 458121 254128
222 906616 847349
223 775878 803300
224 124664 892989
225 756272 556497
226 535206 891754
227 425449 379329
228 935949 604025
229 310834 306928
230 358404 513367
231 327391 358134
232 716960 720242
233 568984 855145
234 18684 384142
235 932386 222441
236 482556 252670
237 174652 205437
238 846025 388076
239 536124 272355
240 27142 243941
241 891571 431216
242 543830 999274
243 115270 973240
244 174738 55054
245 856310 168970
246 455458 399616
247 513884 856874
248 58838 205451
249 79476 701179
250 1324 387801
251 267176 852308
252 865846 512330
253 664925 103989
254 347923 426174
255 264058 962709
256 429286 255779
257 450617 189433
258 57909 927775
259 844249 860086
260 661403 363532
261 775669 317504
262 382817 544584
263 955265 630247
264 386823 662321
265 540511 742035
266 40152 109949
267 8297 64432
268 814654 635791
269 980599 354396
270 941365 187494
271 128990 314652
272 393650 492777
273 393301 137953
274 16798 969300
275 901609 428590
276 818628 417154
277 160667 259288
278 347649 157226
279 844010 801413
280 697676 29133
281 123390 993526
282 484808 76563
283 833718 114633
284 862129 957839
285 796132 919956
286 910977 874949
287 958477 232812
288 544904 358514
289 156837 123529
290 196935 798038
291 786237 585409
292 964645 511378
293 618645 46625
294 625140 931733
295 230714 700021
296 773662 22759
297 558264 21409
298 276517 254041
299 356175 160837
300 947873 34786
301 981115 893268
302 772365 103570
303 642353 233219
304 452509 649289
305 640643 301023
306 532085 912277
307 570699 997654
308 255471 100630
309 435262 463399
310 800046 579677
311 758457 701291
312 9965 761345
313 938840 17708
314 102584 854906
315 590459 311684
316 906005 507548
317 482886 895911
318 265953 873960
319 14709 966990
320 255906 518014
321 611363 161741
322 131686 651036
323 941563 72371
324 12793 796919
325 82569 258808
326 151456 501269
327 570378 636188
328 128781 473567
329 410382 876453
330 837617 768393
331 218510 485518
332 393382 122628
333 689660 370343
334 780590 919663
335 56091 183099
336 87837 638343
337 380829 541237
338 428220 257188
339 130912 373776
340 632564 465272
341 607326 226130
342 17289 822065
343 93174 420486
344 114165 360257
345 206251 895609
346 93369 95046
347 910899 72806
348 430177 973019
349 780911 590449
350 222815 684374
351 941458 639016
352 164354 617296
353 651482 925325
354 483979 748313
355 543014 708294
356 359401 50124
357 670201 942008
358 675023 123463
359 574619 320575
360 692451 716640
361 589431 190141
362 696847 371716
363 241640 448820
364 473988 763533
365 889755 502894
366 773209 382599
367 830762 924270
368 105871 557201
369 555929 75281
370 147041 969711
371 845867 793590
372 667806 489611
373 306177 903228
374 398199 539183
375 831166 981356
376 499031 17378
377 700693 719921
378 911165 558859
379 808253 240084
380 511424 94280
381 369396 408698
382 601271 573303
383 862426 565810
384 382318 180590
385 635830 771794
386 725264 35436
387 489409 711094
388 217609 572053
389 489447 976926
390 460550 682781
391 640566 233903
392 252108 795474
393 133498 364510
394 781327 257459
395 61843 540060
396 174882 375338
397 439450 375247
398 244446 810431
399 304181 956711
400 272002 734123
401 413781 421273
402 78632 148384
403 340790 265127
404 765269 905218
405 586422 546655
406 777532 550794
407 178241 971364
408 919398 994058
409 969248 226024
410 328856 51995
411 261629 425607
412 908588 901707
413 358013 303991
414 956803 341024
415 370304 952481
416 806783 584228
417 390503 913894
418 905248 89772
419 55662 280744
420 876076 139439
421 395262 555303
422 928603 9847
423 278430 749275
424 466749 537743
425 17233 940455
426 853627 963156
427 586406 319520
428 927340 829552
429 30769 164737
430 243136 251018
431 209464 484525
432 29142 446982
433 151393 222228
434 622191 168394
435 692933 170122
436 527308 431505
437 208791 388401
438 198368 298473
439 839200 589068
440 974367 528461
441 273221 792065
442 97888 119286
443 743016 322258
444 555086 943520
445 762501 683020
446 467581 887268
447 587810 705953
448 612131 963757
449 346512 540201
450 811478 979957
451 910074 877681
452 563375 488771
453 667233 61561
454 865268 467120
455 576503 605081
456 274465 87249
457 402235 560115
458 783436 322196
459 896714 323188
460 834851 187635
461 875716 81989
462 356915 712976
463 260048 649626
464 868129 720019
465 721167 136807
466 433205 372080
467 12564 369285
468 253995 185972
469 389830 537772
470 335849 420820
471 425543 231897
472 108669 574866
473 807303 385591
474 530352 874834
475 445905 962505
476 95627 626493
477 819033 674671
478 546752 537994
479 865117 194090
480 234775 481261
481 671731 327495
482 131270 155683
483 179538 42568
484 978580 827369
485 752811 397845
486 791844 21880
487 877283 872346
488 92007 249223
489 262955 682244
490 166223 722054
491 784509 674038
492 485243 239906
493 465075 105709
494 240810 856880
495 189747 211427
496 207391 562460
497 784960 938004
498 628975 403663
499 354613 236323
500 482858 558080
501 122636 848108
502 708610 723850
503 177996 421588
504 141249 579127
505 209595 441042
506 297183 8236
507 4343 23348
508 273869 109270
509 542534 193265
510 526707 775874
511 687954 742257
512 344511 194731
513 275208 943736
514 313269 153433
515 694350 670418
516 107973 683828
517 472648 725181
518 424870 776272
519 669695 461894
520 966036 355805
521 563174 47544
