NAME : portgen-450-8777191
COMMENT : portgen N=450, seed=8777191
TYPE : TSP
DIMENSION : 450
EDGE_WEIGHT_TYPE : EUC_2D
NODE_COORD_SECTION
1 881674 207200
2 452817 615255
3 854780 540123
4 730310 194419
5 73924 800703
6 283425 154379
7 715252 639892
8 601456 10152
9 396472 401360
10 674187 348469
11 616777 717207
12 60349 512050
13 594060 645744
14 173002 590759
15 127205 438955
16 192578 229426
17 606084 550819
18 680574 262747
19 453974 528664
20 310058 965133
21 288651 495747
22 455123 506770
23 163302 701531
24 220320 104489
25 886475 522107
26 211828 23001
27 665744 378350
28 762394 652248
29 601115 901998
30 934680 592033
31 86148 201646
32 884360 108791
33 512051 787678
34 699255 208482
35 476590 899924
36 789832 291983
37 514884 152079
38 136640 593775
39 51463 681998
40 749656 941812
41 44628 271003
42 656078 535172
43 352806 990932
44 345065 497293
45 38767 892896
46 563491 245492
47 52074 410134
48 175300 996668
49 980862 303043
50 370129 569526
51 650068 538321
52 354832 944663
53 477478 940825
54 366923 130571
55 25543 771462
56 307183 103822
57 863231 41783
58 28541 840656
59 149571 474226
60 933490 515383
61 806815 396211
62 838352 907063
63 249855 251511
64 937150 570221
65 674601 195814
66 226852 920891
67 656455 978194
68 634628 940806
69 407772 614294
70 506631 512150
71 841360 870838
72 563802 523384
73 86080 167280
74 407140 145010
75 160278 923789
76 59517 410641
77 628442 174315
78 342673 729176
79 881866 376638
80 310035 536672
81 533053 752628
82 623940 513393
83 930101 436345
84 540019 339847
85 955702 861260
86 433516 4560
87 313948 9701
88 455865 396174
89 767769 664037
90 564389 520679
91 369645 560512
92 260186 137929
93 662761 474224
94 296951 143061
95 48092 198283
96 400786 67924
97 658591 645370
98 78634 836799
99 556889 554101
100 67518 689906
101 399510 743103
102 580621 639599
103 554144 499005
104 150455 490512
105 511553 868449
106 432225 738804
107 328545 111752
108 135885 465128
109 94036 978569
110 434759 93301
111 879455 985918
112 272328 265796
113 461750 690412
114 423939 674349
115 455557 956859
116 245719 277256
117 152483 695940
118 88453 630840
119 231967 148434
120 2043 197632
121 380187 318382
122 708302 954791
123 318827 414867
124 795595 392795
125 183620 388221
126 412860 882540
127 98544 110658
128 444187 122254
129 590619 884680
130 551145 923303
131 267038 2020
132 488469 313921
133 488261 113843
134 30502 373754
135 792924 721017
136 669532 701241
137 794948 46537
138 680441 996914
139 887374 161669
140 821609 339495
141 99792 539258
142 123203 532253
143 689821 243698
144 788787 838562
145 207679 974610
146 600338 858212
147 355509 281025
148 528099 678946
149 523433 661764
150 274349 321913
151 527492 633926
152 571185 844125
153 288428 873601
154 759337 566290
155 420837 200488
156 333467 752057
157 677001 576535
158 322965 408825
159 646511 207443
160 785821 809314
161 590409 368737
162 99405 471011
163 193525 35606
164 130055 950823
165 758108 806840
166 237577 321084
167 740832 621120
168 6028 347735
169 862257 546668
170 209288 280995
171 597187 581344
172 52740 398364
173 384200 231600
174 758807 884498
175 87500 492492
176 548891 572609
177 903655 467508
178 84335 206408
179 893093 950064
180 838096 940693
181 11343 212668
182 357002 139842
183 603300 752123
184 699316 278636
185 192334 91364
186 650017 762012
187 119942 293328
188 260422 17800
189 465081 631896
190 386675 987116
191 142512 179990
192 112726 817414
193 795496 24908
194 964081 600989
195 17819 253905
196 648418 583620
197 354333 117923
198 630977 835174
199 461401 759412
200 137942 366400
201 766519 126911
202 497823 100384
203 349979 368901
204 459882 86241
205 672012 59427
206 242326 292104
207 932244 584191
208 292275 427723
209 858334 239078
210 508864 768126
211 290721 939904
212 140694 825933
213 324844 523106
214 264189 19558
215 943348 891521
216 557917 378840
217 959884 327248
218 744790 850408
219 247745 528535
220 525139 367773
221 166573 725003
222 92125 249693
223 963183 708513
224 442926 528400
225 793079 107871
226 570985 441843
227 816063 246420
228 808483 387678
229 167027 170575
230 355594 499570
231 121155 931347
232 561101 304238
233 892853 517323
234 199978 682551
235 621007 583762
236 984797 329934
237 445999 400993
238 197140 848877
239 123841 894274
240 17450 937165
241 356078 93614
242 663964 443778
243 770365 626569
244 817738 655645
245 434394 227466
246 650430 565194
247 907527 941377
248 382976 836638
249 279004 691132
250 52553 114305
251 584671 548651
252 510949 855913
253 751792 477371
254 777879 372284
255 476054 181914
256 569940 511381
257 736180 128127
258 849140 555961
259 23820 619724
260 921262 56215
261 238319 508846
262 629997 506701
263 999090 436145
264 818984 590086
265 649200 719769
266 70998 751556
267 418219 835535
268 367225 844697
269 357433 535837
270 594637 214404
271 602748 198014
272 734383 378178
273 989147 141584
274 935196 400825
275 942286 946831
276 17653 688917
277 41931 332783
278 43307 833114
279 130432 675414
280 488687 907095
281 119937 242042
282 777647 261650
283 579165 371925
284 776998 358002
285 138979 707556
286 620764 622994
287 677437 974430
288 38561 549401
289 466914 297213
290 463394 165975
291 305712 143570
292 101398 742105
293 599831 828956
294 973909 156568
295 256370 995300
296 67698 999431
297 396857 887081
298 593639 979754
299 520576 759952
300 339617 439746
301 674669 637982
302 937431 776311
303 641118 874082
304 587519 299826
305 732952 214350
306 859205 973864
307 419043 493387
308 839396 120506
309 845184 890565
310 668011 599411
311 851349 17046
312 18385 699233
313 32886 982782
314 685563 901126
315 333311 164478
316 961881 167088
317 564261 249043
318 306770 331848
319 724527 608011
320 902708 479325
321 983771 83344
322 488557 656959
323 143950 50652
324 981046 697624
325 854195 610857
326 294191 619449
327 426640 175138
328 477864 507581
329 73720 688387
330 469540 309270
331 149555 979507
332 397117 253626
333 230578 775860
334 485306 762084
335 349436 788744
336 139460 147560
337 36369 57154
338 305219 231899
339 590405 843246
340 221368 525304
341 909061 997176
342 431585 24041
343 14922 982374
344 769970 310635
345 18465 530909
346 846541 962442
347 258574 113963
348 339864 836211
349 46974 431403
350 351739 912050
351 460246 137799
352 476255 328891
353 701796 297015
354 187863 402599
355 160215 495490
356 737611 763085
357 669922 938631
358 462728 187113
359 720932 283154
360 913762 394367
361 728885 53903
362 410345 437385
363 328498 1660
364 671304 707478
365 355357 8204
366 44035 187806
367 683030 725878
368 787692 145975
369 327253 492954
370 561312 827809
371 261441 486816
372 396872 624098
373 802023 792638
374 552097 821189
375 785465 338203
376 164907 339496
377 76045 343534
378 868014 272440
379 454768 750377
380 541198 555821
381 969761 694909
382 841286 332406
383 234048 250795
384 366212 45824
385 136607 670090
386 635015 899743
387 497688 575558
388 229459 389389
389 977857 66810
390 569370 56057
391 546892 920926
392 166279 799536
393 38443 349126
394 346519 350624
395 491829 536897
396 779762 281429
397 356346 891221
398 192793 361697
399 989127 821314
400 394638 412634
401 814780 485286
402 251818 729407
403 791311 243980
404 173216 276508
405 305090 518888
406 925920 104143
407 258548 4300
408 776058 688331
409 338562 950065
410 139612 872351
411 261667 544898
412 651186 723972
413 855310 149728
414 647925 768280
415 784247 985479
416 216172 701349
417 761719 50482
418 130137 442748
419 662378 161979
420 23477 350112
421 10564 396454
422 211012 619477
423 275230 234864
424 630243 632373
425 35911 43064
426 713772 220847
427 37067 409158
428 196462 113431
429 723566 201336
430 599270 348562
431 581601 11237
432 253030 954978
433 508323 529466
434 893131 639070
435 729070 541194
436 58087 706188
437 914153 96547
438 158578 40819
439 507830 242027
440 527510 741879
441 426162 446589
442 169009 435684
443 403877 204934
444 448318 806741
445 542158 600671
446 549617 23308
447 432908 482283
448 292024 304375
449 482300 114464
450 460899 234410
