NAME : portgen-564-6309466
COMMENT : portgen N=564, seed=6309466
TYPE : TSP
DIMENSION : 564
EDGE_WEIGHT_TYPE : EUC_2D
NODE_COORD_SECTION
1 54169 698551
2 506117 715973
3 342490 35511
4 549923 55050
5 332742 894034
6 501992 105970
7 33774 706948
8 393890 383961
9 721202 948309
10 473955 796390
11 95442 315702
12 503379 524059
13 850079 21066
14 825369 414475
15 189758 392361
16 950195 928288
17 291738 728407
18 366953 335608
19 501955 403834
20 123827 277711
21 605780 623059
22 252056 657623
23 131770 957583
24 923783 845100
25 617316 126753
26 733844 579137
27 589717 903247
28 528691 125881
29 406812 777709
30 349020 6881
31 533555 146088
32 931222 55031
33 288254 878932
34 853914 376151
35 575178 436307
36 460178 876102
37 330993 347201
38 62545 516304
39 725985 600131
40 995368 724198
41 614253 47659
42 65455 182876
43 858805 804106
44 997065 236707
45 440153 488020
46 481694 125804
47 828656 687519
48 817533 729677
49 292066 904854
50 595077 615465
51 231598 323651
52 849731 893117
53 512499 686184
54 513681 406840
55 44441 724584
56 128816 170105
57 337556 860999
58 525187 407751
59 317432 243703
60 237497 558576
61 586865 949060
62 781074 959712
63 204709 136526
64 26371 437875
65 834701 376361
66 2622 319144
67 555689 270783
68 595381 444148
69 710103 204456
70 657688 451054
71 486674 753361
72 999209 881576
73 901155 532633
74 344730 868944
75 482810 681006
76 703306 854191
77 70152 218715
78 612843 912454
79 767961 578947
80 297736 68351
81 976080 309224
82 749152 593386
83 237910 375454
84 170896 455979
85 959843 992554
86 63020 448487
87 760892 556491
88 855270 732673
89 878908 562358
90 346868 292255
91 368564 447423
92 140138 766350
93 400280 693397
94 569991 962303
95 32873 219927
96 273251 254123
97 244613 665134
98 388033 38186
99 992469 442718
100 26305 168481
101 653724 782371
102 522075 190555
103 312442 255882
104 714052 303802
105 818434 919445
106 342462 805658
107 546073 77808
108 795100 721957
109 64611 84017
110 205352 199723
111 382985 728178
112 429674 791361
113 338829 280648
114 926412 570337
115 244048 599388
116 18620 575106
117 743923 427423
118 949792 562905
119 901349 62330
120 971249 678323
121 628786 485973
122 756950 833150
123 836942 545072
124 824449 453252
125 326304 107385
126 111774 422131
127 198669 426917
128 149861 78618
129 38448 94651
130 240762 749537
131 354532 651722
132 332552 140111
133 290658 856488
134 48708 712923
135 240866 250027
136 897508 611359
137 757713 97967
138 87948 960853
139 529509 2756
140 641500 260210
141 242200 831760
142 329575 494511
143 244855 366898
144 242554 603811
145 136765 93304
146 514197 188426
147 821464 721222
148 780814 17427
149 728260 658982
150 745201 876089
151 15563 821693
152 811751 66093
153 865184 280014
154 92556 704158
155 182062 782962
156 836064 434636
157 957886 147457
158 235339 166106
159 830258 611329
160 359296 273231
161 128227 389725
162 967721 364776
163 234463 75815
164 799607 691619
165 232783 807934
166 868296 825350
167 820693 858537
168 424146 807564
169 873873 182117
170 259171 78748
171 536640 631224
172 244515 863533
173 965077 124471
174 220705 456687
175 486758 704999
176 217820 36641
177 426199 937267
178 7792 190213
179 999 953214
180 641947 57619
181 406140 910439
182 444986 103314
183 246322 204840
184 190121 94352
185 182380 110867
186 945401 373570
187 124571 654296
188 55410 91586
189 963526 30454
190 356983 44250
191 74815 846393
192 49672 175163
193 401794 957857
194 380363 717379
195 612215 219306
196 617443 779520
197 999736 148303
198 133347 163069
199 506653 590218
200 808122 873490
201 160945 190251
202 99703 442508
203 630184 371427
204 986968 251035
205 535473 49935
206 809849 283620
207 340999 422640
208 440175 626619
209 910702 296683
210 969966 83252
211 698186 599902
212 286229 308890
213 949922 755150
214 273866 682063
215 24112 683983
216 104617 712490
217 494981 307047
218 234401 791195
219 505393 627031
220 734988 775174
221 47154 83680
222 747412 528962
223 521119 17540
224 493290 690846
225 198381 378196
226 889203 824590
227 566106 124139
228 768872 448454
229 695269 792655
230 208106 838989
231 866033 359937
232 516047 760298
233 2781 726169
234 536207 812036
235 901521 422634
236 133328 219855
237 98302 591770
238 194049 873596
239 33796 162090
240 540017 501467
241 59880 481210
242 473956 185123
243 817950 744680
244 196443 734682
245 304266 508231
246 254987 693357
247 725510 312353
248 641845 827298
249 985378 155642
250 334913 647523
251 983744 331199
252 150829 696913
253 318316 407992
254 350634 380983
255 306188 24192
256 252011 960587
257 488389 699875
258 584001 172675
259 634427 203694
260 118452 175482
261 740791 380565
262 477123 253997
263 438890 802128
264 69026 401388
265 273453 786056
266 522962 652813
267 855902 515824
268 249456 99292
269 992821 774081
270 601121 645274
271 110252 992749
272 616229 128784
273 767440 874422
274 216234 471512
275 873462 839716
276 758272 583989
277 882189 548856
278 124561 330930
279 475297 635004
280 447457 219023
281 415171 576553
282 779861 660913
283 913939 259261
284 344357 359604
285 932434 709578
286 956441 162914
287 330231 278736
288 417209 156801
289 498376 928266
290 129436 107959
291 326831 434021
292 953930 54429
293 370885 946408
294 872952 194988
295 601884 990195
296 754935 633217
297 841646 891542
298 688833 947337
299 662518 337493
300 711575 610639
301 376046 287968
302 342076 765502
303 512885 324251
304 630059 827759
305 177971 178152
306 457978 280308
307 33119 457262
308 464088 781953
309 734906 888318
310 972079 966601
311 596743 6864
312 648028 321795
313 333532 668473
314 820838 564728
315 765851 92958
316 526742 670616
317 750294 951283
318 649981 46522
319 400901 496668
320 590341 588931
321 211502 984633
322 222908 635282
323 393451 748070
324 985188 519850
325 558010 20360
326 126499 97789
327 571642 618616
328 83896 705429
329 537673 390793
330 115521 466362
331 923349 133390
332 237417 589040
333 966650 473345
334 57399 397837
335 63810 716017
336 796765 215055
337 330307 951719
338 840102 498954
339 435222 29412
340 237898 628102
341 130800 430045
342 449207 299488
343 169609 393351
344 433198 161254
345 984632 176636
346 989122 3064
347 432857 874323
348 792165 996446
349 654325 271189
350 795180 894497
351 312848 955776
352 281952 929908
353 889560 696454
354 648581 272153
355 449007 690544
356 272230 376418
357 406160 938885
358 477239 920284
359 700533 363094
360 796874 970203
361 819019 786210
362 602656 169313
363 403169 840989
364 933103 400399
365 62159 143648
366 850372 163068
367 580404 547353
368 355871 754381
369 23885 510321
370 822248 249324
371 692818 70104
372 364380 14428
373 357616 202912
374 400408 263544
375 471153 951176
376 63342 253926
377 209029 651532
378 44125 149780
379 375371 734598
380 574036 135178
381 672569 138259
382 449905 199683
383 997726 202126
384 12038 391731
385 581268 274327
386 519876 436988
387 891940 845698
388 906861 565092
389 577181 951124
390 125188 253388
391 465617 198505
392 826362 926980
393 471078 712112
394 713163 380721
395 549627 153745
396 742342 632154
397 929053 547921
398 729447 255830
399 178163 518682
400 107567 792524
401 625730 449284
402 138356 217764
403 485558 864837
404 427564 282048
405 180453 332012
406 436617 994650
407 184970 420291
408 392836 40415
409 209206 901983
410 470235 741895
411 23962 493356
412 284163 788743
413 648596 70592
414 298632 674175
415 360139 42023
416 137527 295132
417 770670 793175
418 816771 470966
419 13535 406070
420 534144 430663
421 502906 811179
422 910485 807731
423 129782 248986
424 347990 140309
425 899324 658855
426 957198 503987
427 158542 65543
428 654996 330598
429 678613 345180
430 400993 14592
431 851301 21494
432 747903 749789
433 829106 625437
434 84165 377238
435 290509 143849
436 692424 68896
437 2658 811379
438 784697 519975
439 334813 218619
440 133747 317998
441 391979 953451
442 273182 345546
443 190722 116033
444 547228 20880
445 964069 191333
446 386801 636296
447 115560 390294
448 738239 434009
449 808520 99105
450 23034 609807
451 914172 129371
452 6562 581326
453 266876 3746
454 230805 812996
455 874821 538963
456 783369 657732
457 381111 209659
458 627790 215005
459 905933 357608
460 11550 395096
461 816917 985059
462 354204 680702
463 229677 563053
464 62334 421332
465 544503 780950
466 289170 521817
467 343797 594784
468 534628 734246
469 572340 63522
470 717756 975716
471 210100 189620
472 9330 568973
473 374416 401742
474 282092 434858
475 160617 175186
476 371675 387187
477 554602 242083
478 320636 392354
479 785573 411778
480 46697 532629
481 431406 167282
482 95239 899104
483 328862 593749
484 648401 812138
485 835243 226048
486 932912 471075
487 196991 836363
488 23421 429729
489 430457 112121
490 360065 837322
491 777479 650556
492 374635 11873
493 349544 121888
494 426577 444692
495 265921 940879
496 85844 760202
497 228279 491707
498 42804 739025
499 992628 172966
500 545551 944686
501 971285 169971
502 74792 323294
503 397706 721118
504 12552 542728
505 892539 198748
506 965776 340880
507 145857 105817
508 446785 671204
509 939002 603531
510 856300 589837
511 601120 475435
512 266586 890557
513 254763 762941
514 396282 873696
515 438657 302302
516 417176 887728
517 219582 161316
518 871545 436598
519 504699 268817
520 565088 678339
521 182885 823046
522 588391 676083
523 339759 610409
524 493615 337722
525 236944 279862
526 342742 118932
527 734309 243249
528 527509 83556
529 950389 913475
530 451748 961108
531 216419 743735
532 977639 214199
533 15863 142730
534 752489 469773
535 766058 836375
536 177589 601280
537 366586 576437
538 247094 482188
539 741125 23336
540 363047 171206
541 812552 482806
542 421947 477548
543 85882 673441
544 910089 5382
545 145453 728815
546 684109 34925
547 502758 728712
548 500750 581604
549 456459 11953
550 428988 857570
551 869283 470278
552 974674 65738
553 467310 859936
554 696984 256760
555 157366 854068
556 173466 945006
557 768022 722933
558 276998 181494
559 240977 248926
560 713449 434258
561 686271 740535
562 40785 908487
563 967092 707310
564 626605 300848
