NAME : portgen-500-8009740
COMMENT : portgen N=500, seed=8009740
TYPE : TSP
DIMENSION : 500
EDGE_WEIGHT_TYPE : EUC_2D
NODE_COORD_SECTION
1 713020 832961
2 712251 684349
3 2059 466898
4 949656 924655
5 337248 805287
6 151388 649155
7 117171 578344
8 476771 500392
9 9691 989368
10 408163 907675
11 303137 97340
12 535910 308311
13 890543 723577
14 828549 929842
15 489042 556726
16 289030 400059
17 844156 627653
18 910256 532215
19 32411 472754
20 831838 239701
21 645661 222289
22 698356 827547
23 541294 97752
24 786405 702926
25 513519 58246
26 636920 669029
27 160977 335100
28 526777 312960
29 988805 84598
30 774093 469844
31 434487 476902
32 92817 97546
33 159626 929099
34 950799 289623
35 37050 379018
36 713986 306764
37 475849 349916
38 270755 634108
39 936363 200809
40 781533 577582
41 734772 743951
42 155749 19198
43 122239 812128
44 307242 746609
45 468027 981157
46 581415 742787
47 435703 452819
48 525715 338896
49 746440 348439
50 556792 907185
51 161388 585595
52 921393 935936
53 323474 892968
54 513279 141778
55 212860 714648
56 5718 242195
57 616571 792936
58 888428 691699
59 41198 639997
60 571831 820730
61 182658 602359
62 732830 129864
63 217629 128390
64 385371 539912
65 26442 377786
66 120828 794585
67 987948 66884
68 571863 492576
69 127379 362813
70 130770 430540
71 770930 667244
72 174778 647297
73 798498 979056
74 9957 305839
75 235189 397324
76 953525 206528
77 321997 179006
78 786357 366803
79 597646 854508
80 364073 830897
81 765589 150466
82 11007 782320
83 943718 338474
84 67417 969274
85 994437 909372
86 681741 735358
87 404808 174507
88 867204 976130
89 280362 553823
90 343507 850826
91 530743 530862
92 175838 195544
93 612196 970361
94 783577 205628
95 123166 233388
96 425159 158105
97 368375 221398
98 748798 35572
99 262436 271
100 780092 822368
101 698693 456134
102 962332 384362
103 866580 422662
104 30689 126452
105 566809 815995
106 583225 392018
107 731342 130684
108 405738 607483
109 782091 789609
110 33521 908146
111 76038 67146
112 189182 172069
113 210678 225607
114 773026 20445
115 307926 444542
116 945440 153909
117 987013 527511
118 267601 138725
119 799520 45153
120 789805 4713
121 188270 993967
122 172106 215020
123 157350 358012
124 968923 196306
125 10719 523191
126 262545 241990
127 692345 335549
128 876927 544783
129 469121 434820
130 116761 727855
131 623141 985535
132 336646 562096
133 627724 589257
134 219911 516321
135 973334 47725
136 638559 585785
137 778890 510329
138 645600 834047
139 374801 853632
140 295141 665894
141 756485 338205
142 903683 580070
143 821400 959905
144 817262 424917
145 899787 678343
146 918813 283199
147 71819 742080
148 366154 602485
149 215077 661777
150 569420 323302
151 983211 115291
152 901164 344825
153 766705 924339
154 338307 112274
155 514148 917022
156 727521 44203
157 535032 438418
158 809042 339942
159 913716 594566
160 195941 25238
161 374180 558134
162 946901 650032
163 64514 523268
164 684620 434064
165 743623 721260
166 495740 262526
167 339483 378119
168 938373 712282
169 803172 465265
170 771027 481458
171 46188 222696
172 228975 874548
173 304163 360679
174 336298 421786
175 677566 842886
176 917865 781012
177 918153 848159
178 827561 720684
179 775807 523044
180 406451 54423
181 121166 873042
182 341246 32690
183 870833 504824
184 815228 660483
185 134255 448363
186 3644 491930
187 917000 353055
188 107373 593167
189 639980 98741
190 822470 343829
191 747460 161576
192 27613 689199
193 600093 622698
194 921279 306793
195 507285 433548
196 897053 142688
197 331009 322664
198 477814 554258
199 305695 875919
200 767175 710995
201 720698 237557
202 599315 333736
203 95425 756288
204 753399 228954
205 248066 204863
206 799405 469013
207 15758 972903
208 157370 978477
209 542032 18582
210 554875 316575
211 199129 939308
212 893308 423259
213 727664 766086
214 892614 583263
215 257629 351084
216 839767 411026
217 850674 617607
218 544423 278446
219 145817 54709
220 531829 621615
221 80665 902697
222 751917 190710
223 234419 957744
224 249380 907749
225 595000 711727
226 661644 722432
227 618289 416090
228 871227 309672
229 386882 981708
230 789312 816978
231 610470 698690
232 697124 626451
233 124197 896707
234 717096 825048
235 738484 199625
236 729097 634282
237 423582 843148
238 654931 476697
239 321018 477218
240 552031 417992
241 379204 910906
242 793950 440650
243 740614 141077
244 713901 224223
245 493410 647715
246 561350 320769
247 316225 332203
248 892517 446383
249 479115 908769
250 535779 757722
251 636726 772162
252 355717 177007
253 332523 750738
254 928481 177638
255 675476 730150
256 595770 162659
257 488297 141596
258 255628 289701
259 382464 364921
260 733933 677813
261 417592 808327
262 289268 980761
263 562899 956935
264 278564 246574
265 510625 904193
266 548215 143379
267 801741 821881
268 822222 216545
269 422608 652353
270 185022 450912
271 758613 348980
272 490290 815596
273 230123 753023
274 31500 335463
275 769303 935582
276 167818 232540
277 398143 631585
278 209506 493346
279 970420 533836
280 354785 115977
281 328129 276127
282 992616 224563
283 971536 246790
284 672368 672701
285 911473 502605
286 258200 47000
287 595617 798350
288 509995 185051
289 410183 657683
290 771255 69553
291 986514 744728
292 891788 394647
293 576063 272088
294 150763 577177
295 850344 575432
296 544176 749906
297 740880 682417
298 192712 711612
299 753362 691940
300 305601 45071
301 342840 373817
302 564208 699750
303 949068 423090
304 340751 3496
305 55522 937417
306 342582 393243
307 683491 779353
308 571801 578223
309 535246 310198
310 31851 259924
311 493427 980428
312 367100 866402
313 159764 884383
314 482792 895867
315 849281 86905
316 844299 406687
317 602160 833837
318 726970 593271
319 61236 112435
320 822846 997839
321 736841 840564
322 545326 590420
323 82004 563747
324 382806 874478
325 522652 308329
326 228820 857495
327 842658 218695
328 200771 936152
329 771657 730370
330 972779 355797
331 361853 228316
332 180650 57682
333 200576 502018
334 847916 93071
335 697349 8053
336 195417 660768
337 787546 723522
338 31103 635932
339 137770 148404
340 665630 223612
341 112725 752421
342 923087 493484
343 725051 615983
344 226037 544477
345 633261 224951
346 745354 968165
347 415086 814792
348 802422 76072
349 53017 821803
350 559316 446072
351 425977 234401
352 208847 299040
353 195603 476398
354 934407 349174
355 493644 584788
356 710115 227179
357 97108 747828
358 610443 393687
359 813230 365857
360 255260 124503
361 449000 26113
362 533754 251276
363 582076 961016
364 451921 488506
365 527919 554705
366 701524 788596
367 654760 80842
368 513496 885546
369 655312 175259
370 883041 331364
371 802753 860179
372 289216 508758
373 775950 719240
374 434411 163809
375 232715 841406
376 624151 564511
377 293884 4611
378 744547 637381
379 579640 128005
380 785544 310056
381 821085 759148
382 466133 162279
383 782035 849936
384 937962 588350
385 971877 891202
386 959276 649420
387 133142 413854
388 500351 884489
389 732229 529143
390 506729 944694
391 381375 323915
392 702962 217862
393 733619 942375
394 322463 492480
395 298807 663559
396 947583 66962
397 203382 991838
398 372088 153332
399 727036 875362
400 8406 891461
401 987011 905267
402 657080 288020
403 460031 300236
404 861549 76021
405 270991 802171
406 314918 87160
407 829198 121984
408 362473 754123
409 555766 474294
410 790191 628702
411 122899 62600
412 579944 80415
413 904191 54008
414 992339 845121
415 953823 200115
416 22939 656207
417 258152 704557
418 629776 294214
419 494717 580977
420 855389 979496
421 386609 848168
422 702289 670105
423 540660 884983
424 487017 122966
425 87647 318079
426 160993 881915
427 921539 808291
428 868522 330803
429 647115 952523
430 658244 165816
431 805519 280572
432 220632 291495
433 415562 466749
434 384870 159093
435 581324 477490
436 267105 432799
437 386647 472111
438 467709 240984
439 141060 771653
440 211892 573387
441 406892 39816
442 186877 788006
443 394596 742367
444 435575 966657
445 288995 163026
446 909344 335623
447 999653 377898
448 712390 953810
449 461521 230178
450 202395 299675
451 743922 715364
452 911074 514259
453 911187 121176
454 695038 133532
455 413694 126155
456 895228 680458
457 663528 495217
458 256472 469895
459 280918 842733
460 579104 461751
461 5228 154692
462 956697 281648
463 733568 551741
464 521725 872387
465 560923 346532
466 545945 7528
467 357958 85737
468 678159 726434
469 376288 691659
470 531534 924700
471 461448 592841
472 387552 827243
473 157798 754651
474 378926 718005
475 644330 160648
476 432085 589134
477 669254 855863
478 753730 736394
479 357406 825336
480 836100 184753
481 744888 3378
482 601998 488994
483 664706 302386
484 292906 836285
485 337419 501821
486 90969 562913
487 198403 418455
488 29666 416093
489 485438 100833
490 527918 997173
491 194335 696388
492 36286 376170
493 601643 542566
494 405529 868963
495 421031 375772
496 433527 540003
497 354240 29713
498 833731 898535
499 394438 969096
500 797576 741704
