NAME : portgen-478-114257
COMMENT : portgen N=478, seed=114257
TYPE : TSP
DIMENSION : 478
EDGE_WEIGHT_TYPE : EUC_2D
NODE_COORD_SECTION
1 844745 276837
2 700341 216052
3 830261 714278
4 399627 216922
5 961861 486976
6 374960 8137
7 618872 180293
8 491910 114205
9 498392 767408
10 702574 461839
11 5203 223134
12 821337 912969
13 694241 339060
14 207322 752742
15 914211 197407
16 856588 628438
17 189792 802278
18 260344 364756
19 508761 176879
20 876583 566719
21 517016 280502
22 817598 296323
23 632844 131612
24 456281 980086
25 257396 877357
26 997640 730107
27 763958 264192
28 928961 216307
29 87044 898063
30 955708 465504
31 205516 222747
32 340338 395141
33 969959 94457
34 190538 322549
35 547449 360298
36 657924 518305
37 510011 825217
38 464198 275095
39 459176 557145
40 984007 477933
41 252015 309259
42 797034 448706
43 991890 633840
44 288099 794651
45 832318 165886
46 174217 186212
47 629430 516285
48 908795 998711
49 770490 992381
50 832124 357748
51 672435 899135
52 996079 779463
53 625341 688381
54 933073 315252
55 272301 295120
56 928208 292393
57 65745 789821
58 291287 19304
59 593316 824053
60 486346 971248
61 323966 198157
62 490424 189700
63 687862 758788
64 522225 730548
65 199875 775816
66 342022 143924
67 284843 688886
68 549724 959622
69 243514 7212
70 157419 972586
71 40524 464045
72 308304 861069
73 841919 976059
74 695788 439730
75 828422 150007
76 476485 39942
77 792505 56307
78 15725 528511
79 614291 307193
80 229738 665718
81 444867 925860
82 157833 299714
83 254596 464163
84 984088 204675
85 947902 315227
86 323515 153586
87 995631 336339
88 494762 284024
89 405652 434116
90 173974 159350
91 144496 215032
92 500810 534157
93 330949 416162
94 986091 985129
95 434289 85561
96 975534 38838
97 59310 842191
98 649070 886937
99 468414 971965
100 366306 557894
101 570407 261671
102 265755 669072
103 5510 261453
104 539131 258347
105 725358 599563
106 542420 629162
107 872903 144176
108 690183 406028
109 866549 315641
110 650643 367659
111 995748 12122
112 838368 390007
113 744819 61844
114 887830 326558
115 330828 233309
116 744892 147304
117 708758 574411
118 616930 515334
119 342128 356634
120 843973 924920
121 549613 670449
122 334485 66630
123 89813 963411
124 200470 669303
125 97372 587226
126 999107 141855
127 641137 132997
128 813002 423102
129 552912 691344
130 52142 490176
131 919324 182497
132 414373 800437
133 49950 871971
134 294676 806272
135 54363 726771
136 205558 197245
137 218269 63417
138 368552 853893
139 370985 705371
140 577004 321717
141 508932 196485
142 274416 840652
143 313985 562395
144 732930 908321
145 524460 744958
146 220657 535856
147 302271 117201
148 719362 352367
149 452180 271068
150 698078 235919
151 592426 495099
152 92298 775654
153 78293 802621
154 867438 800485
155 819011 250606
156 690171 644590
157 166884 307183
158 269518 383468
159 880226 297172
160 81074 697582
161 419790 23607
162 108194 818443
163 134345 710458
164 104946 442614
165 985124 565930
166 986454 570500
167 886359 326398
168 631545 864341
169 29601 967233
170 571133 930517
171 682168 435758
172 827246 826877
173 325168 197049
174 427661 483827
175 982856 8903
176 247421 9565
177 285944 132147
178 249465 21926
179 608739 765900
180 144109 213951
181 773019 900204
182 229351 888494
183 568437 254413
184 817344 340006
185 982014 72469
186 955806 396398
187 314315 72171
188 450161 410225
189 737663 976046
190 568978 112419
191 101719 339045
192 298504 771172
193 792911 86250
194 341148 997865
195 757960 377131
196 46997 689595
197 985218 498664
198 974710 285770
199 121442 755075
200 376716 914943
201 459386 451614
202 914849 870437
203 907184 908375
204 711061 514772
205 339235 163215
206 680777 610874
207 7940 766977
208 166953 83424
209 914985 730687
210 913784 282667
211 132970 62268
212 963290 67071
213 613082 504192
214 481549 443878
215 164986 541785
216 699163 222891
217 636810 405762
218 431641 490844
219 331105 531526
220 604218 709487
221 171264 610460
222 84081 475292
223 244161 984729
224 726304 918147
225 885581 470518
226 804221 677564
227 590089 834930
228 215779 236494
229 814803 509086
230 438796 416340
231 577270 179534
232 910553 629748
233 991950 70317
234 526793 532647
235 522816 182224
236 357119 996838
237 845106 443265
238 478446 455405
239 472179 128360
240 851292 376588
241 689388 972462
242 5081 748645
243 964515 519629
244 312337 7062
245 413812 361323
246 964050 798458
247 8710 421993
248 352368 174425
249 765354 640815
250 996846 788756
251 512549 597944
252 66854 508993
253 781129 831758
254 672482 841443
255 870414 696150
256 924156 807741
257 95274 77472
258 452289 778812
259 170824 488559
260 277380 817524
261 304962 885978
262 535801 734059
263 669675 759174
264 929983 336112
265 662135 646687
266 782922 630735
267 257945 155142
268 452431 881647
269 877188 927609
270 296355 185703
271 348804 823778
272 729682 596287
273 56361 78072
274 262656 274650
275 752318 593194
276 244441 429241
277 978679 350158
278 5833 881813
279 339999 911712
280 56562 899482
281 954570 744873
282 545087 684711
283 347345 100378
284 78058 498986
285 21111 374217
286 516155 896173
287 736241 684185
288 573082 875720
289 907298 185642
290 728226 787861
291 419174 18271
292 279550 762652
293 692117 38048
294 85648 573233
295 807796 352052
296 803588 378201
297 906498 922138
298 669547 452631
299 87536 45496
300 23204 180640
301 170773 77013
302 546424 964457
303 174019 226170
304 149691 216026
305 658040 967784
306 796165 766765
307 103915 704509
308 95894 576369
309 838375 622949
310 15163 894714
311 12842 32562
312 475782 840471
313 203443 439141
314 349749 771784
315 510166 346912
316 726029 691271
317 527602 760441
318 991695 652408
319 914356 575040
320 666758 115748
321 199673 462699
322 558069 913082
323 339210 771026
324 902419 66027
325 718694 230406
326 102881 315752
327 535329 676291
328 454610 479502
329 549411 785982
330 972761 521610
331 311814 574650
332 549268 542292
333 768111 333466
334 208696 190832
335 365299 324867
336 673950 772348
337 904254 784757
338 791832 697089
339 497232 799490
340 385860 723941
341 889729 563766
342 799022 988555
343 35098 151379
344 142003 985309
345 992330 658229
346 443712 723523
347 209740 341890
348 441797 427324
349 558444 773312
350 121250 642120
351 273794 102928
352 680166 994752
353 340676 539115
354 516730 546774
355 641193 303231
356 337499 564102
357 793652 314532
358 77898 588290
359 364909 207377
360 100494 340786
361 775021 435383
362 69581 723178
363 51073 571021
364 92182 909501
365 444080 252716
366 180358 950458
367 158296 82629
368 386442 325627
369 770113 484489
370 910657 446808
371 786469 934625
372 884814 651543
373 883207 8329
374 653941 486562
375 290816 870776
376 335142 648942
377 329231 868533
378 461762 323336
379 944632 597536
380 608310 15049
381 769001 32240
382 636116 194385
383 516761 402873
384 679288 142108
385 431325 69568
386 934348 878347
387 916560 229718
388 5643 126079
389 106151 201048
390 261416 727737
391 626389 494645
392 301191 429031
393 483715 148118
394 314341 963911
395 565868 983569
396 646338 628005
397 53164 841088
398 512459 908122
399 18064 655095
400 645899 757127
401 902177 452893
402 225145 563079
403 244386 840497
404 347750 900200
405 384818 313643
406 8994 980720
407 31668 624740
408 368710 140996
409 979076 795027
410 681926 608638
411 384809 24192
412 496208 674197
413 167391 481455
414 653201 353481
415 985331 165146
416 778329 205950
417 816229 947772
418 718743 645668
419 462976 676450
420 60320 342718
421 169041 519314
422 281985 957229
423 598759 622146
424 131796 378966
425 673697 31003
426 254920 664582
427 669763 480753
428 978798 696226
429 636663 277372
430 844335 598717
431 377520 671299
432 839880 42099
433 144602 489679
434 698735 74439
435 25981 746564
436 9200 600110
437 121330 650922
438 353718 720226
439 354428 15455
440 695399 471165
441 844791 375829
442 509146 386613
443 787625 107029
444 366070 774129
445 803170 229063
446 946933 388537
447 650469 313756
448 333518 568931
449 397984 631062
450 603511 878533
451 267717 116340
452 683567 202532
453 186211 879091
454 155436 283150
455 693128 871769
456 330155 862533
457 474202 615272
458 651784 988983
459 20829 526123
460 708581 575670
461 91695 67672
462 470927 147447
463 478846 892859
464 916542 918797
465 464711 474626
466 564789 71278
467 322326 823630
468 141009 982257
469 901627 893873
470 734829 798641
471 86199 839947
472 65548 227499
473 137367 879260
474 917609 503022
475 834910 440659
476 652388 479186
477 166351 128884
478 313743 196439
