NAME : portgen-578-2514342
COMMENT : portgen N=578, seed=2514342
TYPE : TSP
DIMENSION : 578
EDGE_WEIGHT_TYPE : EUC_2D
NODE_COORD_SECTION
1 226195 176092
2 409570 338298
3 544102 488892
4 101802 514610
5 94118 156620
6 170910 436958
7 801883 354348
8 743820 889085
9 794894 201357
10 520649 576524
11 333523 897367
12 602661 120242
13 996496 67654
14 404158 599111
15 697285 293479
16 119295 563988
17 749477 355555
18 39024 592308
19 780986 279661
20 523617 779136
21 25507 264801
22 750534 62889
23 693867 5366
24 962092 215699
25 94139 790796
26 815184 129642
27 955995 110436
28 996733 662206
29 426615 54014
30 299273 951793
31 707906 822140
32 990993 314982
33 131113 906109
34 686424 738993
35 660480 738454
36 926993 579194
37 107218 729852
38 761339 203881
39 941371 492224
40 123508 334289
41 641038 350144
42 299837 745491
43 585572 297154
44 572994 434494
45 224442 132915
46 905884 41993
47 619181 785162
48 852143 446312
49 157583 20682
50 301549 489986
51 63994 469867
52 92190 759849
53 149757 465040
54 829804 210503
55 524863 699578
56 89211 992120
57 829571 166358
58 45909 665913
59 202959 205830
60 462839 684801
61 748525 665742
62 437443 170494
63 674459 457125
64 487004 347368
65 580094 296299
66 374076 730867
67 967361 423930
68 245077 648918
69 520572 133479
70 699582 919659
71 94195 367164
72 971655 539641
73 384389 240141
74 604549 448687
75 110703 395017
76 959308 810214
77 440587 5250
78 115909 333126
79 502506 668260
80 514771 500839
81 944467 696325
82 510921 605204
83 605382 722047
84 20464 289930
85 781968 805767
86 61363 754272
87 95127 67821
88 725492 938310
89 225154 432192
90 54584 341332
91 954618 818743
92 832597 79255
93 351831 677751
94 219946 362156
95 818547 523030
96 628453 230641
97 351510 893814
98 858295 339923
99 272036 903833
100 814148 446078
101 14986 172356
102 394102 769370
103 440398 140564
104 977617 361331
105 653419 438157
106 113180 140349
107 849713 991741
108 872385 713826
109 344814 617107
110 746908 265459
111 450011 116631
112 475782 335890
113 790780 889006
114 360169 325757
115 627423 584928
116 960693 863823
117 778773 616426
118 228151 814269
119 969030 840856
120 206869 638005
121 332936 602838
122 615248 553087
123 73018 511822
124 754859 15620
125 103033 969289
126 979753 946278
127 276410 229220
128 485385 151163
129 393583 777675
130 541218 626129
131 171534 136761
132 154462 15413
133 105221 510341
134 525100 296625
135 918722 360562
136 958966 329194
137 514073 777619
138 285705 503732
139 840220 246562
140 850504 639617
141 495423 582493
142 784538 1293
143 413393 823931
144 709360 763360
145 511205 717809
146 289168 672404
147 922133 846306
148 679038 3742
149 88765 837629
150 267381 569285
151 671601 508296
152 165115 463416
153 473865 397259
154 161739 275116
155 815826 661453
156 441802 630222
157 266470 823408
158 336960 499130
159 214628 308155
160 336374 101479
161 421576 687471
162 29244 349437
163 688960 450669
164 164079 50656
165 303753 888446
166 341992 565103
167 430735 189051
168 197814 865200
169 316023 961130
170 664332 914263
171 609303 401205
172 426985 409726
173 296233 601697
174 643160 572696
175 157345 228368
176 839662 38108
177 533875 378935
178 227292 106498
179 77561 976064
180 265602 608664
181 81236 200609
182 610783 901563
183 52150 40597
184 203237 856744
185 527175 735263
186 855969 641932
187 150809 108006
188 261816 383467
189 153595 650308
190 122144 582462
191 373108 188014
192 785054 695088
193 807209 141383
194 954319 529172
195 136901 157216
196 661963 459279
197 433955 929069
198 58293 967371
199 250396 318979
200 147909 912765
201 448101 992851
202 450551 574883
203 855260 651648
204 253054 838786
205 571725 85909
206 152178 548388
207 839163 108385
208 946701 621957
209 766654 681714
210 843269 84778
211 790200 884258
212 708834 614409
213 287161 863117
214 191380 575925
215 252745 610167
216 130413 314808
217 78582 36235
218 430284 824719
219 348851 676668
220 748387 185252
221 374729 272605
222 685902 52122
223 367016 777705
224 750444 819545
225 641907 195176
226 775990 674470
227 66233 537741
228 782351 133293
229 914268 414316
230 144598 30540
231 302797 576385
232 90399 386472
233 711180 879573
234 862486 787041
235 741369 168995
236 871512 947108
237 39806 648093
238 308788 115729
239 818024 171092
240 832057 153868
241 948848 777064
242 431326 222205
243 307370 554028
244 224409 692110
245 325054 550710
246 962233 561809
247 935299 579392
248 313740 427621
249 232798 37809
250 743334 251286
251 959680 579352
252 987487 488039
253 246327 998926
254 243143 844028
255 230371 228322
256 908884 222158
257 89261 593888
258 68307 740987
259 641085 511007
260 72732 283559
261 646775 824677
262 43706 490082
263 209314 292160
264 959620 551767
265 401766 309861
266 872585 973996
267 940721 603735
268 244983 726690
269 687802 837438
270 153898 566383
271 912943 713402
272 619377 41495
273 903935 137556
274 518102 445216
275 370077 21580
276 468000 681030
277 636042 433472
278 378700 985684
279 638630 383752
280 243055 519637
281 311123 405704
282 690130 663988
283 315379 195482
284 602780 47765
285 689952 930750
286 222884 195868
287 140929 51151
288 815558 965744
289 188634 610234
290 111382 223630
291 653529 575867
292 308711 882129
293 998738 466880
294 283866 276733
295 288355 49501
296 123909 640037
297 147486 223147
298 343498 717074
299 572472 568225
300 225937 938191
301 948922 907868
302 333834 146447
303 368051 892133
304 372319 753913
305 434734 911819
306 701818 361897
307 95397 193554
308 395727 671086
309 258218 466982
310 320489 598305
311 623009 34554
312 821828 751760
313 981828 315016
314 862034 994482
315 683100 923425
316 593424 434720
317 175500 199562
318 521811 291631
319 480470 115156
320 486401 327652
321 208662 816883
322 956243 690049
323 426491 89354
324 818209 395725
325 241319 28482
326 855039 577990
327 885125 302512
328 344766 514201
329 732367 134271
330 624636 76419
331 411663 257162
332 267512 107081
333 703156 884935
334 405653 405347
335 767063 306373
336 852876 862492
337 225663 292006
338 743265 45019
339 149429 519315
340 406993 467627
341 582648 727762
342 369846 606681
343 511762 336261
344 167208 68418
345 496405 636875
346 885977 75122
347 348093 180028
348 474775 346170
349 591220 664237
350 946783 381471
351 939925 298893
352 988732 773691
353 445834 127277
354 208143 278443
355 790749 8505
356 346992 663949
357 637865 987760
358 190442 336541
359 909069 87484
360 632306 356986
361 293715 741416
362 458564 385591
363 366448 553983
364 873760 451971
365 846171 615988
366 836876 870985
367 728566 398488
368 120634 918699
369 89896 382086
370 416238 175221
371 427192 79724
372 436111 139419
373 343160 144560
374 616557 962502
375 813579 920791
376 472410 139248
377 818065 330795
378 544595 68939
379 570327 590243
380 653057 527135
381 37380 826057
382 862204 615528
383 581312 267268
384 227837 498446
385 644599 45881
386 719983 946566
387 273904 711515
388 884576 154466
389 923350 127769
390 840995 297508
391 983656 283516
392 798914 319036
393 578607 10818
394 8780 113037
395 817176 853365
396 690861 591449
397 737487 370357
398 455238 480625
399 805819 724596
400 254842 188693
401 221210 488788
402 121506 516070
403 937134 188893
404 340334 499029
405 752187 533776
406 60158 457289
407 773067 799691
408 836273 445930
409 88570 491847
410 160290 100686
411 461449 503240
412 243604 455905
413 824671 231194
414 825059 757833
415 774380 695682
416 814132 424321
417 375581 307218
418 237350 526366
419 510448 999222
420 482762 132677
421 922248 516933
422 952746 716489
423 391916 187621
424 347845 281581
425 545686 224043
426 655566 47986
427 950216 559159
428 374561 796888
429 113206 814288
430 278720 410768
431 678444 341111
432 16266 619510
433 611528 543224
434 504543 56578
435 407775 648652
436 98085 806988
437 946160 936247
438 445120 413462
439 553024 684444
440 81343 27782
441 117987 10771
442 479112 363612
443 17238 473020
444 408055 756071
445 695690 694125
446 21823 453870
447 591446 834110
448 34591 115259
449 570772 16499
450 271368 978453
451 634596 663401
452 200237 517903
453 106056 644794
454 568873 586603
455 541921 901540
456 388833 357134
457 118598 584594
458 388944 224573
459 749665 182156
460 584918 496268
461 972451 488043
462 785209 429321
463 14055 434683
464 606750 428257
465 830191 800325
466 844589 966420
467 142523 179803
468 638949 760852
469 892173 894518
470 974667 792664
471 723355 225898
472 171153 199421
473 721673 533779
474 668661 162125
475 820054 599908
476 508508 142515
477 186308 471043
478 133864 668175
479 520878 20434
480 878953 345203
481 752621 674355
482 611936 749256
483 178185 162934
484 185981 919176
485 862921 855165
486 555911 587540
487 362102 985009
488 987759 829936
489 301735 314165
490 295457 345880
491 913805 586316
492 549303 484987
493 47703 170234
494 354484 393266
495 1618 476015
496 574871 972996
497 31597 119501
498 236752 135815
499 863796 186143
500 211661 891737
501 232043 354496
502 866667 474174
503 686102 922192
504 593211 701320
505 423339 963630
506 313691 127611
507 18816 402937
508 770332 779625
509 642758 492434
510 512503 42369
511 299137 999837
512 707515 971183
513 623121 201415
514 720872 887928
515 298907 65567
516 236724 600414
517 890826 331827
518 32188 786194
519 567500 146366
520 714655 268078
521 527476 862050
522 880763 959248
523 176878 575033
524 265480 60413
525 496380 35336
526 414943 975868
527 887236 146094
528 655013 631629
529 463669 534840
530 441985 899907
531 354692 446845
532 986665 155260
533 436153 451641
534 246848 59567
535 226059 195298
536 514144 582344
537 996054 477166
538 627426 323268
539 112601 561421
540 316170 991492
541 737746 186032
542 445942 398999
543 710875 789878
544 613749 735565
545 895673 580547
546 539346 507932
547 920306 519356
548 753934 945131
549 865995 403596
550 331821 853610
551 462432 704059
552 744243 504887
553 297590 228910
554 529926 488236
555 435218 865134
556 17879 728104
557 639166 861437
558 360561 846760
559 526538 467308
560 401326 491022
561 585645 843252
562 727745 372448
563 732866 810084
564 838101 491166
565 179576 398515
566 793342 624365
567 126202 451035
568 973612 9642
569 546865 584504
570 38438 864115
571 263339 146440
572 334238 404651
573 994902 696094
574 780186 547858
575 786490 943849
576 107030 374829
577 224020 933306
578 60268 838066
