NAME : portgen-512-1276143
COMMENT : portgen N=512, seed=1276143
TYPE : TSP
DIMENSION : 512
EDGE_WEIGHT_TYPE : EUC_2D
NODE_COORD_SECTION
1 802133 97202
2 250593 599580
3 35378 149957
4 797057 142487
5 352976 88481
6 807913 412853
7 279607 319862
8 555077 717278
9 978895 287467
10 680767 218252
11 886213 800003
12 553824 883600
13 907030 688810
14 809749 186351
15 46015 961867
16 343124 525226
17 660472 268846
18 678720 254016
19 204194 636420
20 433950 63938
21 698697 767466
22 307428 407282
23 211349 835852
24 255138 229498
25 535148 101918
26 490289 864315
27 205099 779337
28 603875 276906
29 436729 981747
30 920860 781361
31 945762 160637
32 708537 289037
33 389784 40447
34 105424 872325
35 108513 719225
36 462140 749397
37 752318 578848
38 727962 21898
39 594904 774486
40 279724 630123
41 252081 828002
42 265491 264654
43 16104 182486
44 816689 371435
45 879061 638272
46 148591 331869
47 527907 714724
48 601798 949299
49 15147 728579
50 679319 189451
51 240948 480651
52 949773 905024
53 849837 662287
54 598824 940445
55 763233 421388
56 460217 65294
57 102685 282587
58 632769 613893
59 632730 993812
60 687239 440484
61 25300 376844
62 193005 919061
63 478277 981488
64 799623 847294
65 729010 65675
66 423074 654458
67 11253 858335
68 169906 186786
69 725316 982903
70 631884 402211
71 549756 822876
72 684195 438576
73 612971 771747
74 138863 608845
75 236446 620309
76 149675 167852
77 999568 613644
78 766377 586489
79 469398 91437
80 735118 663051
81 936970 615920
82 308560 361021
83 871631 637341
84 381098 664109
85 669615 861022
86 475029 23884
87 757366 66929
88 290808 857448
89 377275 579361
90 152683 891788
91 512090 708186
92 112176 65959
93 128704 807153
94 345897 650231
95 986704 532565
96 805687 61207
97 313288 770861
98 927181 525872
99 65510 617265
100 147767 755523
101 394471 559502
102 456161 344658
103 108219 441489
104 55676 933609
105 484939 959223
106 240591 819166
107 104733 202552
108 857363 875763
109 302631 537699
110 433840 345759
111 571830 763833
112 516341 914091
113 466551 915527
114 567722 412707
115 958710 849319
116 801771 443666
117 94421 193460
118 651196 692923
119 603452 909623
120 208595 252941
121 504522 808198
122 216391 640944
123 960734 41854
124 544866 399196
125 304310 11654
126 958149 652802
127 658555 298448
128 953752 950805
129 465081 262701
130 693461 415296
131 838036 146053
132 725014 231998
133 454701 432392
134 602775 463788
135 241818 815509
136 330897 903434
137 233388 422186
138 387609 919027
139 105277 217892
140 960339 515745
141 450446 305021
142 719245 543413
143 11282 655718
144 718651 862423
145 738758 218803
146 90148 139664
147 667804 393085
148 922043 601087
149 574809 794204
150 253334 41706
151 936577 326973
152 438857 788564
153 561208 653128
154 933557 115141
155 287165 298034
156 232153 602657
157 523943 474658
158 325148 698372
159 478248 331928
160 309954 853614
161 857583 808570
162 210454 200111
163 878932 3924
164 464577 444823
165 860978 734481
166 985470 990135
167 930727 662304
168 283592 847788
169 781078 244587
170 218265 312910
171 177469 386723
172 552468 885143
173 361220 281577
174 929210 467693
175 514153 918119
176 136509 129985
177 933226 518853
178 56236 946441
179 396246 776552
180 504972 713419
181 872049 688969
182 896875 974255
183 120564 845429
184 50188 638799
185 113437 43570
186 769162 10555
187 817774 391834
188 717104 727597
189 875344 691600
190 143875 932490
191 607678 688024
192 939851 147558
193 862431 296500
194 93259 956471
195 541740 438162
196 797599 142278
197 131150 174695
198 543747 166914
199 568948 160634
200 168039 633623
201 406233 237609
202 323817 581662
203 310441 448485
204 190134 785668
205 656421 759735
206 853182 439774
207 234812 66809
208 915820 729771
209 557819 722180
210 430507 953650
211 276481 889554
212 470760 479813
213 637337 531553
214 686737 236111
215 81393 268618
216 537463 89675
217 35179 384139
218 79307 167903
219 453211 873041
220 231737 132660
221 738681 371078
222 525964 588089
223 161681 908044
224 671518 651336
225 537357 12194
226 480176 332836
227 79240 899420
228 96160 316557
229 202430 939677
230 502355 142537
231 995274 317092
232 553930 523761
233 21054 482104
234 913810 646723
235 905128 7775
236 58252 906483
237 184823 418312
238 473473 943644
239 810313 571340
240 383653 320780
241 329122 747059
242 733756 938855
243 273344 220370
244 535744 511418
245 363085 597203
246 254093 806488
247 967913 223961
248 74407 832198
249 186255 107651
250 114616 218036
251 97730 100178
252 267682 216577
253 683071 733117
254 599079 140385
255 626075 875789
256 780812 691011
257 576592 905151
258 888444 188786
259 349178 329968
260 449353 188855
261 295848 806158
262 532106 687091
263 910044 958074
264 638800 968246
265 735240 740356
266 344565 669928
267 945264 507863
268 539967 638111
269 170467 828605
270 50411 84557
271 871191 205776
272 62064 174230
273 301355 447934
274 274381 280821
275 313917 116333
276 193398 218008
277 372410 374260
278 873471 427802
279 154913 759819
280 676609 44960
281 562650 770473
282 89974 541517
283 4597 575036
284 628947 402362
285 603796 440509
286 914405 68357
287 16051 333020
288 995457 77839
289 433747 157846
290 813620 482242
291 803161 878981
292 291636 690279
293 177705 574091
294 579953 403746
295 503266 964931
296 9163 768105
297 224809 609901
298 170152 802834
299 189724 729044
300 178772 223515
301 14187 116534
302 467201 831674
303 313171 314417
304 926371 682130
305 196554 299380
306 847848 751166
307 256553 711677
308 35797 794545
309 545664 480072
310 371365 201762
311 385311 899902
312 223589 380280
313 426322 797871
314 601155 184376
315 19848 681040
316 151468 751617
317 961292 514239
318 634393 51994
319 622428 579959
320 654482 383160
321 28427 99881
322 32381 301503
323 579619 109261
324 544515 844528
325 183579 372281
326 201679 5347
327 709195 497732
328 72047 262570
329 155241 952961
330 197281 261177
331 691989 346412
332 27647 813393
333 270953 747967
334 718784 955049
335 132058 926535
336 250029 701135
337 296493 999083
338 83 379964
339 190706 725857
340 308233 163752
341 642629 648193
342 987095 758671
343 989051 805055
344 723969 147899
345 243286 886426
346 333209 667378
347 447901 727947
348 133131 327291
349 803387 33298
350 301419 199655
351 918554 818658
352 536294 19827
353 729652 553486
354 18251 950524
355 508680 266991
356 538600 7342
357 709675 310855
358 927967 24610
359 898511 299700
360 680261 943661
361 944579 685486
362 653630 932402
363 7981 431370
364 164840 276666
365 269431 446597
366 361712 240182
367 217176 41242
368 625151 635286
369 938517 676240
370 830703 964440
371 906544 424268
372 467637 299625
373 941846 647723
374 13748 515498
375 719965 701760
376 162451 526721
377 763867 854822
378 837942 678372
379 601482 495052
380 394675 94365
381 614968 342010
382 119821 544240
383 360447 114332
384 539704 410050
385 369008 280244
386 10862 383012
387 579735 978500
388 781209 417858
389 921619 798807
390 94460 329609
391 829888 669787
392 881990 175065
393 831628 19702
394 120360 672936
395 680795 510818
396 95582 528467
397 307231 550458
398 953577 523531
399 844532 489136
400 518415 523987
401 726103 214940
402 421037 390356
403 871872 492664
404 644730 588801
405 23193 818239
406 558011 928546
407 814257 883857
408 998783 86500
409 34778 569362
410 590662 836915
411 269800 50568
412 891634 845021
413 554140 795921
414 961975 189379
415 106628 288545
416 773128 332817
417 775613 276220
418 771597 901342
419 855529 998133
420 176282 745128
421 984923 550998
422 82273 843879
423 241018 45013
424 636833 462210
425 996317 157655
426 561556 655153
427 382508 229870
428 750859 393286
429 439326 144816
430 618758 970530
431 637134 646596
432 412518 278065
433 833316 7013
434 846272 970378
435 642839 953769
436 449667 572568
437 573044 433006
438 275359 614647
439 668059 661764
440 94162 160854
441 356595 817158
442 570621 136097
443 651411 126531
444 920298 497548
445 442904 764584
446 55069 885151
447 355294 222512
448 295461 412355
449 977953 649267
450 568519 626371
451 376953 975069
452 368048 835463
453 801060 744397
454 84531 246410
455 578459 624327
456 472987 941778
457 701912 854173
458 915461 751982
459 291302 190006
460 982603 420961
461 29059 197005
462 401858 16467
463 576815 474598
464 204519 737581
465 631945 530961
466 530115 421649
467 83304 469834
468 687867 414816
469 115245 716447
470 220636 899428
471 835228 730292
472 514944 21942
473 735525 858063
474 483292 338826
475 645697 820863
476 207835 240372
477 17321 37557
478 96255 955304
479 891764 898214
480 147596 386244
481 629152 368083
482 25774 679031
483 789099 742694
484 426833 679970
485 118648 57397
486 268690 952475
487 544309 161740
488 213126 788687
489 179683 364301
490 920212 621511
491 582833 306305
492 589985 245701
493 901809 162031
494 395874 404273
495 680735 945172
496 987983 435275
497 597799 163239
498 630738 882753
499 185983 353204
500 808816 946837
501 678379 118991
502 418614 24185
503 238029 901529
504 650387 771620
505 135748 934224
506 559429 487490
507 217479 202423
508 398260 193876
509 770284 862534
510 48292 906345
511 556711 73628
512 871154 171810
