NAME : portgen-551-1906542
COMMENT : portgen N=551, seed=1906542
TYPE : TSP
DIMENSION : 551
EDGE_WEIGHT_TYPE : EUC_2D
NODE_COORD_SECTION
1 634939 572467
2 886576 903602
3 583472 830522
4 589422 57283
5 19246 913218
6 47070 894901
7 502527 485443
8 135787 248242
9 913534 522315
10 661466 68423
11 858737 508898
12 43846 580908
13 601449 187114
14 668292 243076
15 628870 784206
16 971945 913427
17 152739 101572
18 795715 981892
19 249662 303896
20 811547 459382
21 451456 244066
22 729452 987896
23 22149 21566
24 587715 578034
25 60091 239237
26 750492 446267
27 415950 414687
28 53903 721512
29 419727 785004
30 107886 601580
31 580859 285525
32 245735 559863
33 461762 803003
34 165449 514630
35 463293 114220
36 660527 335499
37 462223 422229
38 317931 412469
39 92948 629158
40 527005 879937
41 767387 883288
42 135189 27289
43 203346 686419
44 667691 592875
45 639809 992711
46 816442 735031
47 840602 697326
48 798854 115956
49 781842 307223
50 669965 609680
51 928618 958556
52 51029 180153
53 471850 867204
54 311077 388660
55 211340 367484
56 53820 826851
57 145194 115175
58 785137 845828
59 444923 548408
60 761009 345806
61 21161 858225
62 844665 853613
63 185602 701971
64 284470 282069
65 950378 450727
66 101391 704287
67 417818 159520
68 826117 940535
69 738093 20014
70 242151 357518
71 241495 119283
72 831866 294003
73 971550 958216
74 890366 986989
75 511724 96883
76 831485 499773
77 356844 219237
78 508288 224330
79 540737 891508
80 354036 531314
81 129110 291063
82 146508 853821
83 125988 934537
84 994984 851190
85 143624 826920
86 955461 457934
87 36684 664125
88 514320 521388
89 501381 625427
90 345324 961271
91 161233 392962
92 928033 419063
93 321617 810328
94 557779 563996
95 33532 891580
96 945551 886902
97 876390 415230
98 402057 783561
99 82598 167741
100 779683 450162
101 456835 264939
102 641664 550452
103 935649 438523
104 571739 937780
105 897620 697960
106 666551 976740
107 857975 462455
108 585763 242207
109 414672 731277
110 451764 342426
111 851938 827243
112 71507 693461
113 370085 690522
114 816269 486231
115 728475 75796
116 949648 563600
117 727806 647364
118 294720 184492
119 534987 465577
120 833300 79409
121 395655 826501
122 112232 691106
123 39641 118307
124 815395 182928
125 45145 711534
126 967292 596366
127 439265 703886
128 500514 893235
129 537132 994300
130 255732 751157
131 903536 106161
132 104480 818211
133 302304 840050
134 864508 166869
135 422814 467455
136 426811 231744
137 686132 740230
138 375133 255571
139 387977 367620
140 192947 476850
141 153390 821968
142 230499 977318
143 172260 843486
144 459120 909595
145 345059 454669
146 319983 368117
147 42763 365844
148 652597 163911
149 140369 372001
150 315972 784069
151 730329 447775
152 989980 568295
153 558144 145324
154 365867 461947
155 531626 657027
156 434115 627536
157 649240 801062
158 431173 535418
159 63398 738635
160 165613 138393
161 699681 492506
162 850896 638744
163 737125 979036
164 241763 117836
165 182085 229809
166 889704 926030
167 835993 535919
168 42734 525853
169 172727 429436
170 546144 636841
171 780088 720484
172 743981 206666
173 754988 827476
174 517221 404019
175 628718 673561
176 922147 22532
177 189916 86163
178 894365 804299
179 611782 454061
180 525560 32290
181 972596 936430
182 915802 894785
183 876939 713630
184 883554 442574
185 46074 603696
186 18197 659379
187 109916 492052
188 216245 677148
189 302590 764733
190 744378 932826
191 367254 787702
192 592275 149795
193 257212 953273
194 10227 941208
195 658980 329104
196 642299 730153
197 383362 942447
198 618643 120708
199 610568 251929
200 990421 77840
201 524886 752487
202 659640 695892
203 306306 134445
204 430256 40120
205 828950 941092
206 794071 670573
207 795080 196456
208 389991 242443
209 553068 973354
210 276141 756230
211 103062 631625
212 452153 968233
213 78810 265709
214 999739 414023
215 185745 81800
216 246891 262469
217 935782 803286
218 138754 696680
219 992621 395819
220 759803 14769
221 400205 36873
222 665067 902749
223 226041 10673
224 278000 415128
225 863637 352934
226 120969 196544
227 66183 908620
228 830948 262416
229 816705 856353
230 557137 609625
231 141823 34437
232 280317 814181
233 540887 757198
234 5506 892330
235 970414 379317
236 964443 137939
237 109717 923207
238 635261 906518
239 565441 543532
240 137284 816394
241 449003 143385
242 856886 576120
243 939976 212454
244 982152 121600
245 262399 381556
246 691174 100290
247 425404 380485
248 50326 262265
249 927155 741860
250 267488 319523
251 445231 734467
252 277843 47243
253 903930 977583
254 339658 490063
255 968644 618494
256 280264 695105
257 593953 175581
258 918451 41532
259 609032 899831
260 763855 278621
261 830042 263646
262 624842 650891
263 934085 229975
264 860095 62474
265 19276 657677
266 566860 75378
267 574887 518790
268 536130 753898
269 549432 681305
270 657668 898443
271 603421 82320
272 357744 983778
273 551514 427527
274 475448 774513
275 446400 820350
276 402170 864681
277 722583 609810
278 752662 369853
279 159579 759053
280 511112 150031
281 428151 658352
282 832395 70201
283 15073 197943
284 337360 610175
285 624066 490924
286 566084 834519
287 453431 943504
288 876451 965360
289 541063 15032
290 898228 564232
291 70395 101041
292 551361 869245
293 229526 908507
294 242983 504686
295 503717 338187
296 416538 939256
297 57238 166744
298 332358 768902
299 628889 414239
300 107326 586154
301 886464 460416
302 876284 882167
303 749955 301128
304 313320 853338
305 380284 844155
306 126869 654893
307 255336 172925
308 733493 488895
309 601114 665651
310 737842 246171
311 569053 923120
312 502849 37912
313 604459 105668
314 958234 571263
315 193549 575323
316 652040 687724
317 634747 54072
318 437362 415502
319 845705 378435
320 135751 740631
321 307393 577332
322 766844 257545
323 769133 493417
324 436407 19326
325 562284 226690
326 810667 57626
327 220690 532003
328 934113 198739
329 825668 822211
330 444805 334453
331 455422 934884
332 717586 639653
333 536762 549537
334 888048 997790
335 403791 240076
336 52487 581787
337 103366 511152
338 435503 511427
339 702430 970845
340 103798 405720
341 280000 136022
342 126458 859096
343 119900 717155
344 970138 995094
345 517310 887824
346 527453 847914
347 974644 895675
348 688143 725605
349 473965 255691
350 822042 257706
351 790986 465561
352 915528 156564
353 946689 674645
354 931167 361593
355 412102 216957
356 228601 830573
357 304901 556980
358 806999 607507
359 960240 821910
360 951509 811157
361 75572 632357
362 175747 146085
363 449089 586926
364 666259 946802
365 564462 760857
366 580259 340837
367 558743 886840
368 177119 449426
369 831120 569477
370 52096 512392
371 756915 148227
372 43584 706152
373 812252 895096
374 672167 828558
375 446586 101216
376 59345 527162
377 691229 61184
378 677446 450149
379 906818 28687
380 979444 497263
381 843524 361689
382 309496 899709
383 460042 80373
384 786989 598748
385 744727 911903
386 935340 131681
387 375324 850293
388 751812 548409
389 941127 114562
390 468638 998939
391 680108 637572
392 967357 67199
393 917333 218569
394 31340 659033
395 426798 96745
396 662437 232372
397 824750 140193
398 577052 625234
399 772903 193291
400 954340 263842
401 953968 557604
402 359919 447646
403 421108 421772
404 559804 624029
405 143851 458876
406 418809 247785
407 601889 882699
408 834825 611152
409 536939 169303
410 322657 834807
411 307470 593697
412 644407 480884
413 957935 377736
414 771761 927677
415 429184 330039
416 988605 317098
417 970711 9762
418 580130 432322
419 35682 84658
420 232373 306180
421 681630 862036
422 336375 591990
423 789275 68739
424 587964 343865
425 182257 199315
426 853472 845225
427 764106 624301
428 275237 636870
429 586893 350157
430 867516 988785
431 386089 475145
432 391656 837671
433 777246 556772
434 911410 9898
435 93424 766086
436 23188 193074
437 987045 123342
438 981335 462244
439 829591 20106
440 205646 321065
441 790843 421603
442 60160 440399
443 943949 513459
444 925441 133040
445 232515 23357
446 520912 25784
447 991234 466287
448 282992 488555
449 874990 213032
450 610655 327030
451 239148 567857
452 138218 861192
453 408471 431869
454 785064 323707
455 680351 761778
456 711428 453852
457 117642 844158
458 467872 360305
459 483911 925368
460 554678 288690
461 681781 698377
462 399243 766393
463 526937 455330
464 54856 125853
465 714870 549465
466 677179 505883
467 339755 443868
468 609637 336990
469 303961 216001
470 972526 583644
471 29547 72
472 578361 943824
473 341576 822535
474 626540 224840
475 939349 827661
476 433699 749137
477 498161 61189
478 649850 733264
479 228101 694350
480 251555 71481
481 127908 569063
482 351180 96707
483 732231 711355
484 875491 173817
485 502582 645337
486 733765 259071
487 986019 727016
488 854991 932644
489 200215 338053
490 116543 793672
491 227228 360506
492 874298 643389
493 421557 108116
494 154703 243048
495 711636 898281
496 461499 130143
497 713419 327188
498 849879 770476
499 14053 851344
500 88832 408932
501 622319 288486
502 108297 145676
503 600433 73192
504 874838 854772
505 639631 541733
506 578561 985053
507 982713 353273
508 609982 997764
509 855643 23991
510 246828 961754
511 697301 24146
512 84985 93650
513 23018 445278
514 150774 840342
515 126583 781799
516 57805 345442
517 698422 574809
518 215111 242175
519 377793 521025
520 33407 423792
521 252473 130711
522 996220 749881
523 200980 437352
524 45158 619769
525 304170 404600
526 619702 173711
527 724761 307033
528 351126 276876
529 590064 533487
530 930565 358257
531 695399 353813
532 821365 215838
533 289260 447850
534 988832 232831
535 152292 172629
536 952606 235874
537 719821 842227
538 342052 523589
539 299385 777951
540 742523 746141
541 855214 617286
542 909776 768325
543 86399 703992
544 524077 482583
545 285549 767261
546 253342 144961
547 368732 860777
548 471186 16599
549 410889 153992
550 407829 677390
551 137967 267206
