NAME : portgen-429-3685010
COMMENT : portgen N=429, seed=3685010
TYPE : TSP
DIMENSION : 429
EDGE_WEIGHT_TYPE : EUC_2D
NODE_COORD_SECTION
1 811632 57068
2 751860 602990
3 707054 388836
4 300498 419887
5 621330 900225
6 21612 490155
7 288572 963027
8 689639 77585
9 436815 469815
10 131753 364799
11 324898 493616
12 722725 395016
13 521604 998412
14 883940 173454
15 617081 360977
16 697042 602507
17 405986 331815
18 471946 499513
19 111279 542804
20 474437 923627
21 339911 754216
22 685697 236788
23 299473 547838
24 325085 158144
25 618098 583841
26 211765 516264
27 230537 804420
28 801795 209125
29 651082 420044
30 131044 207541
31 277556 757694
32 945449 697703
33 560313 267396
34 804457 51784
35 663554 141800
36 752499 278671
37 851717 547912
38 153034 808634
39 263079 918304
40 593221 312479
41 347330 463895
42 42410 409539
43 83420 939347
44 657057 708283
45 771501 204550
46 695055 59495
47 879249 332637
48 171128 61239
49 902499 137784
50 83754 490838
51 284758 406780
52 564922 305619
53 236510 747870
54 473853 820997
55 720999 862447
56 552067 942799
57 648543 926494
58 512486 218061
59 878445 612812
60 526574 499073
61 364896 666672
62 968029 172716
63 857041 345718
64 713748 546097
65 311401 405163
66 334780 442082
67 197305 730773
68 760411 404530
69 815352 115916
70 897053 865359
71 60901 44245
72 181708 272427
73 839653 28382
74 91465 706533
75 475595 825409
76 347491 356401
77 826383 678590
78 156057 842676
79 209475 834149
80 545208 831980
81 932517 357936
82 923943 855640
83 801546 507821
84 761091 376115
85 86841 484103
86 126595 171912
87 137216 701165
88 151582 8495
89 840289 289439
90 16658 14365
91 136242 879599
92 889 479421
93 472645 976843
94 518139 341664
95 929227 252589
96 643439 439237
97 29075 412949
98 738763 888989
99 907028 480542
100 120845 831157
101 188092 802026
102 689875 461229
103 689166 467891
104 355512 346961
105 205944 179214
106 324537 867811
107 904921 292618
108 188540 493280
109 328861 510993
110 116877 912556
111 600793 280548
112 255269 255683
113 296011 324569
114 482037 675987
115 11998 683690
116 652983 493327
117 83494 837444
118 689828 268431
119 974677 708270
120 290880 979365
121 647982 7145
122 224787 16671
123 651796 362890
124 183967 773391
125 116938 414193
126 406952 231041
127 468544 437154
128 178174 694764
129 718531 852431
130 771401 420735
131 493214 647241
132 56081 226579
133 531231 317391
134 643024 888250
135 640822 825650
136 309313 555469
137 394054 702683
138 505603 369751
139 812004 818114
140 77508 601246
141 606038 629606
142 904585 591262
143 190476 5741
144 437246 856915
145 306212 372436
146 625406 86426
147 67447 465230
148 670051 92513
149 613091 522103
150 511067 282044
151 550886 365852
152 695883 515692
153 808155 777346
154 326455 877281
155 246678 172433
156 257518 861615
157 546218 398965
158 795328 406787
159 579794 590850
160 556527 438718
161 704300 120920
162 377183 358777
163 274763 943460
164 859586 878361
165 894527 728257
166 43295 934722
167 571436 905075
168 343727 744422
169 83387 505620
170 795933 783688
171 425947 846395
172 300388 867494
173 668135 504486
174 709243 708669
175 190466 726591
176 232926 734729
177 627575 782809
178 238749 616163
179 794416 790807
180 171965 63733
181 693959 820835
182 81347 462989
183 746486 411122
184 561227 678724
185 730830 290842
186 697543 871124
187 400384 829935
188 205791 969571
189 493344 594373
190 120028 658600
191 149043 68779
192 706396 830794
193 34298 222459
194 853375 108446
195 158589 932605
196 183194 404662
197 774790 505091
198 86144 554822
199 446011 470452
200 661702 698563
201 11141 114869
202 588640 531866
203 577547 164147
204 28332 796780
205 748511 16289
206 762787 685970
207 632217 239360
208 880538 289296
209 46045 576256
210 376844 191663
211 965110 90775
212 17022 32266
213 279701 582674
214 282483 868518
215 252387 41644
216 941238 696564
217 845862 103739
218 895812 463073
219 436561 467036
220 950256 745002
221 176414 277119
222 731601 966926
223 967494 92419
224 387640 742523
225 225389 503470
226 272338 577493
227 218064 620058
228 757324 314577
229 269007 484901
230 636053 114474
231 727586 561296
232 846524 3509
233 839874 485668
234 954369 665291
235 271865 788118
236 901655 303521
237 350866 873374
238 919324 387617
239 872710 396963
240 274941 965124
241 313666 797582
242 232464 137913
243 314058 379942
244 850039 842353
245 263864 410144
246 508703 771269
247 195170 162138
248 843346 872892
249 926252 858227
250 47601 579877
251 219708 990676
252 467582 260264
253 189804 474756
254 345029 80151
255 306000 377382
256 464537 426654
257 221036 225909
258 605771 956316
259 366125 684385
260 160162 966981
261 559416 96142
262 617690 691988
263 568409 910978
264 835939 90601
265 683570 444568
266 42587 792559
267 90963 897558
268 500587 887012
269 576546 6555
270 532142 357741
271 13816 165653
272 682190 296883
273 850727 412561
274 153579 503181
275 593728 932368
276 36953 835650
277 174656 603032
278 537289 427149
279 899713 570023
280 759677 302791
281 898209 338474
282 548009 948258
283 363565 298883
284 744463 924153
285 375181 193209
286 802736 862944
287 90657 227793
288 930027 723765
289 921485 14658
290 154699 141260
291 11265 265915
292 330924 380778
293 546359 704113
294 244550 142705
295 533993 201704
296 142548 652393
297 631373 338932
298 555005 150872
299 74996 454396
300 366855 126962
301 491075 138921
302 348481 452468
303 921103 771038
304 504726 793878
305 56673 833175
306 182598 757007
307 36030 557973
308 160243 245816
309 707100 209076
310 393253 212693
311 223886 290066
312 557297 248219
313 702133 663815
314 514462 638188
315 306690 158989
316 219039 127606
317 957984 321524
318 958661 254257
319 229885 772951
320 220534 300542
321 997013 35473
322 749452 321300
323 977817 852481
324 95095 383154
325 636798 891189
326 636410 436807
327 147706 207865
328 907923 363469
329 180936 26957
330 493807 666845
331 541153 731774
332 573344 756130
333 836162 147125
334 7555 714729
335 580156 307761
336 150721 323946
337 572278 502063
338 576283 787078
339 142360 349431
340 340296 338664
341 482879 487504
342 144381 639845
343 617836 487264
344 554262 201854
345 485362 811535
346 246702 515155
347 192795 912772
348 149821 673066
349 463194 247388
350 745017 190738
351 710121 745663
352 42858 298133
353 408310 148905
354 292426 507860
355 590029 420658
356 809206 979082
357 541595 682271
358 420142 25997
359 538979 660571
360 606309 163095
361 683930 760166
362 969712 389417
363 597640 405057
364 281087 274144
365 93753 427377
366 494652 634500
367 759402 919637
368 529458 503796
369 945909 462110
370 219703 591838
371 948284 893691
372 595544 322266
373 127605 486536
374 545442 803377
375 315132 744763
376 391978 189049
377 153635 317639
378 696085 75621
379 986260 123220
380 768675 904513
381 202996 830315
382 288157 998191
383 472374 915515
384 383537 219328
385 554666 933606
386 480555 735602
387 345439 861546
388 771116 494881
389 606531 652073
390 693332 522019
391 418797 157866
392 505469 189239
393 224381 664336
394 346342 761211
395 447262 613942
396 120258 726580
397 907444 286096
398 111283 212681
399 548252 733997
400 551150 632724
401 880004 893369
402 110045 793112
403 325966 234112
404 683580 964395
405 93257 31748
406 729278 225049
407 675958 154732
408 784254 476415
409 922871 2060
410 886907 259692
411 367263 649540
412 668177 921942
413 53601 587186
414 625557 552326
415 535580 537004
416 811300 642135
417 558815 661583
418 792741 193747
419 481908 350736
420 404984 747966
421 741465 344282
422 874303 187570
423 246679 470718
424 58403 985502
425 232495 524097
426 587124 995925
427 198417 14146
428 821423 237869
429 334553 448461
