NAME : portgen-509-8075895
COMMENT : portgen N=509, seed=8075895
TYPE : TSP
DIMENSION : 509
EDGE_WEIGHT_TYPE : EUC_2D
NODE_COORD_SECTION
1 644995 1566
2 15178 691000
3 358081 599260
4 687845 255989
5 803368 87744
6 561791 137679
7 951605 459913
8 896587 553666
9 994277 761673
10 205274 463570
11 949706 706783
12 893138 538625
13 856205 240955
14 752646 389341
15 193840 155732
16 560844 916698
17 796841 230322
18 452303 280235
19 304465 400364
20 669000 174488
21 264690 399719
22 318485 751455
23 961444 609398
24 866616 53946
25 119174 527954
26 671610 622054
27 307936 957175
28 825449 728297
29 204724 784855
30 238697 77845
31 294794 287480
32 586989 628880
33 823053 162071
34 819193 200149
35 498468 287189
36 687049 940331
37 642498 677320
38 791960 327652
39 398847 935963
40 713175 127907
41 36230 967791
42 150644 115994
43 860938 273363
44 329708 167961
45 407269 290231
46 461042 104316
47 901896 381810
48 487438 324359
49 757220 641165
50 959495 633792
51 210550 930653
52 340771 991267
53 491723 703819
54 471409 191941
55 96237 552086
56 398588 36763
57 377586 948466
58 616803 190477
59 385584 205178
60 141442 498693
61 404851 178028
62 240653 864675
63 76638 756396
64 599559 651231
65 185596 88141
66 856242 206905
67 839725 161088
68 729318 999467
69 590204 202178
70 499191 670460
71 887779 124530
72 26518 908575
73 885379 283014
74 863662 37220
75 305172 731041
76 724800 105989
77 455569 871354
78 777550 3644
79 90927 179683
80 261948 492256
81 113614 269231
82 692749 425776
83 664307 274058
84 10245 469010
85 63086 333789
86 326815 348363
87 900006 410401
88 773893 298862
89 722458 369299
90 87125 72993
91 665469 419876
92 389282 693339
93 974526 587011
94 514156 413949
95 496780 455260
96 989222 121194
97 139092 165402
98 343645 539415
99 224524 616117
100 134682 586517
101 560555 494362
102 950095 232178
103 65571 304923
104 716706 762229
105 896827 190539
106 489488 676978
107 682902 806688
108 503034 992420
109 130139 527347
110 82131 124892
111 49534 394128
112 334328 476568
113 773233 832452
114 398267 667827
115 344829 468969
116 582156 960229
117 472471 896586
118 583504 988491
119 736974 582594
120 190305 982105
121 456872 986808
122 331817 371888
123 405726 595094
124 786865 662523
125 392168 511192
126 141147 556696
127 271287 665713
128 4361 600325
129 21890 53509
130 648674 77080
131 567949 134111
132 571924 914721
133 733667 502680
134 345160 311013
135 400961 907940
136 205554 467615
137 135179 570939
138 983744 492837
139 122840 668615
140 472207 172908
141 810561 344758
142 19153 267748
143 901019 448044
144 388305 557749
145 162919 80824
146 643330 425960
147 181632 282364
148 776551 989256
149 851629 760878
150 388144 912889
151 472253 118250
152 190315 219260
153 700630 796389
154 537543 3538
155 764693 556316
156 212020 464140
157 890590 567849
158 433750 141989
159 952478 289559
160 138170 744410
161 651050 584282
162 922869 488072
163 435686 87303
164 277300 915918
165 870308 187354
166 955293 119301
167 903921 915891
168 960887 346420
169 454167 451303
170 833998 759029
171 495566 98746
172 419579 418508
173 429773 59047
174 503090 693559
175 846678 689247
176 711955 935710
177 890570 200789
178 957595 352952
179 214329 274423
180 258372 354210
181 342221 86240
182 169539 5663
183 60749 113274
184 44561 472082
185 138076 374702
186 638898 258918
187 442881 448923
188 32455 715340
189 693712 722079
190 530476 82734
191 872974 2877
192 657546 516098
193 845133 869053
194 949761 898257
195 855141 847613
196 301859 982085
197 313227 459296
198 120130 236647
199 655864 970656
200 386052 714433
201 365335 781011
202 163083 763943
203 816272 709078
204 278164 374471
205 355656 88542
206 403190 316071
207 419281 410759
208 52350 360135
209 773012 710243
210 885532 824102
211 457409 73905
212 86029 423642
213 9366 857887
214 95835 678937
215 632650 323377
216 437175 319240
217 366423 441934
218 679544 556902
219 583595 246787
220 463747 484997
221 96040 239518
222 12724 31039
223 390204 227953
224 896056 889584
225 449930 262243
226 140811 976927
227 338005 62675
228 277257 46095
229 414587 721148
230 84399 259370
231 125482 31377
232 910724 870659
233 992502 163671
234 303347 388242
235 20554 824397
236 464079 883428
237 260313 623289
238 683291 480481
239 735899 23353
240 146384 963271
241 443299 374686
242 594538 373279
243 197894 405797
244 408515 495763
245 449431 515872
246 253555 195353
247 226232 639349
248 20917 212612
249 979205 389434
250 347747 909722
251 492054 872702
252 743199 486658
253 818943 766124
254 382388 964726
255 864781 871460
256 637579 918824
257 271716 568526
258 5815 930129
259 805145 271374
260 849742 779889
261 184466 913912
262 40494 110832
263 332343 591377
264 140228 773654
265 804346 917166
266 98092 771173
267 158572 274924
268 325692 524475
269 102969 26011
270 367464 267764
271 600652 137141
272 646021 669542
273 331405 339642
274 154858 115400
275 307006 429540
276 72384 205551
277 585088 430581
278 811629 720880
279 714130 468275
280 160966 294467
281 663154 356377
282 597261 597016
283 270807 500438
284 272802 602174
285 237121 666173
286 775271 689745
287 964368 420201
288 707505 978915
289 328824 609913
290 299202 611462
291 877246 671953
292 612688 509878
293 254011 741715
294 173911 561555
295 4116 825254
296 251672 500795
297 788890 701291
298 492493 910907
299 172773 225819
300 962036 352490
301 10817 544944
302 816197 695544
303 552293 400431
304 592863 75209
305 176569 69914
306 546968 152574
307 464158 335712
308 42795 162359
309 567487 895970
310 104523 359900
311 327664 46983
312 640137 884631
313 655355 230326
314 873547 268823
315 867908 307074
316 386052 253614
317 433344 229288
318 64493 724671
319 207794 276976
320 467082 91652
321 174228 277940
322 457031 644216
323 497589 204689
324 860657 904258
325 45935 262166
326 37360 903949
327 357911 654962
328 966437 757203
329 111600 586909
330 631050 827621
331 192636 315886
332 608126 84916
333 895686 269027
334 695543 819941
335 838122 838106
336 301701 663228
337 850035 842356
338 322540 423715
339 689071 985174
340 918193 898152
341 118725 286637
342 637773 40286
343 114437 70165
344 645487 348427
345 333602 795465
346 29128 387853
347 438853 628976
348 789950 510999
349 427905 614675
350 321676 73873
351 515617 875482
352 986065 147783
353 143441 750722
354 266175 317624
355 540525 896272
356 111715 763173
357 253307 835584
358 798492 804783
359 877033 979150
360 294966 384686
361 841122 80868
362 498265 764248
363 322489 426219
364 677163 702251
365 698915 571818
366 157540 371447
367 444649 21921
368 786436 355552
369 33330 802189
370 241793 309654
371 193131 666337
372 53461 948915
373 954343 948260
374 889587 674604
375 306487 363731
376 833836 725654
377 915759 749857
378 916333 144169
379 430832 964143
380 361346 787888
381 717391 463985
382 75831 230871
383 703140 445377
384 709712 304391
385 881240 850232
386 915195 202429
387 672662 931235
388 550850 115467
389 165108 748407
390 847915 178319
391 995386 713019
392 340904 911026
393 854427 693554
394 295616 213778
395 318781 341059
396 645840 728939
397 920949 391561
398 394458 990702
399 993674 122225
400 398065 838876
401 783152 141180
402 826688 128168
403 368344 120816
404 384749 4732
405 895430 222778
406 848553 217054
407 645362 20287
408 142048 988451
409 543036 684269
410 836413 712437
411 451702 587486
412 906326 42364
413 67080 774015
414 375740 544494
415 562890 430033
416 730717 160375
417 852976 625136
418 329765 778332
419 67657 320617
420 768978 865975
421 150517 611346
422 377365 606344
423 889356 58353
424 822613 878584
425 324481 620442
426 614962 449180
427 559334 968032
428 108158 622776
429 288203 201551
430 798402 590012
431 53159 64132
432 235754 29455
433 72261 237206
434 839689 39017
435 130930 83695
436 165838 664452
437 359788 215970
438 97474 2522
439 28151 938294
440 934205 444303
441 485812 174188
442 746091 972878
443 376873 666585
444 924621 823520
445 552875 92558
446 938642 28639
447 189686 685283
448 700136 486065
449 251558 161394
450 508869 886834
451 30202 884319
452 944379 880177
453 134630 440773
454 703088 586456
455 591158 441573
456 698154 464683
457 648676 705843
458 651369 24519
459 874445 550471
460 329319 586196
461 985648 678294
462 530148 244096
463 53492 281519
464 720072 479610
465 81340 656701
466 299433 441695
467 347135 492632
468 746149 21128
469 525511 40248
470 321509 352354
471 792139 374150
472 494201 966678
473 106910 260347
474 498491 945589
475 631790 418616
476 765992 771947
477 80054 852168
478 587400 588506
479 537183 451746
480 134028 113501
481 915262 662840
482 264947 238804
483 649433 324004
484 970481 681997
485 598933 391021
486 526028 928855
487 918680 910702
488 820203 213700
489 598240 677980
490 656695 464986
491 744336 268325
492 345582 967838
493 741439 636593
494 176747 108331
495 843199 422144
496 50647 843513
497 441315 930487
498 826325 863283
499 455469 583498
500 146475 893209
501 662107 820510
502 288894 166804
503 674280 497666
504 426365 112215
505 110728 950807
506 411758 428851
507 608547 711883
508 62854 71748
509 221525 334460
