NAME : portgen-572-189248
COMMENT : portgen N=572, seed=189248
TYPE : TSP
DIMENSION : 572
EDGE_WEIGHT_TYPE : EUC_2D
NODE_COORD_SECTION
1 659827 49353
2 811108 822790
3 469298 987181
4 802357 328343
5 805635 455333
6 951296 640816
7 939770 53782
8 450227 72833
9 167821 97087
10 190234 736197
11 145643 110788
12 508631 431077
13 498624 760308
14 962472 293718
15 368802 439506
16 863534 954040
17 139287 11601
18 980314 438051
19 648685 620617
20 296364 477513
21 743509 758964
22 324878 470758
23 227379 785437
24 817373 794058
25 957505 315991
26 904472 357049
27 680209 538080
28 607500 705787
29 910065 799506
30 842475 31246
31 338496 181739
32 31978 328121
33 711824 192332
34 315937 469012
35 826403 664789
36 255460 373762
37 139582 874243
38 831725 788594
39 430578 970551
40 823576 792836
41 850242 162966
42 451243 337555
43 101009 681795
44 922062 811166
45 299776 787982
46 122113 179673
47 794214 631574
48 222053 369747
49 619382 450635
50 639033 438785
51 354859 846822
52 970481 164668
53 465749 741506
54 905805 342654
55 437070 925705
56 783725 98899
57 499730 54493
58 909132 158823
59 387525 400404
60 106068 342077
61 572949 865302
62 829978 387618
63 309930 408638
64 403280 974913
65 408493 90218
66 882789 87924
67 533481 897871
68 9111 751342
69 663235 396750
70 428422 942186
71 294270 521657
72 705097 957699
73 215032 256811
74 349694 406596
75 321644 813415
76 966466 644468
77 42141 548814
78 555995 266935
79 313340 72610
80 155557 714406
81 78270 509055
82 914231 494883
83 631435 262067
84 393801 542030
85 839460 652321
86 809129 980928
87 78759 292652
88 375610 928480
89 823160 281163
90 831622 42995
91 95297 330670
92 819356 694087
93 11947 373733
94 173693 38597
95 266436 747044
96 357541 121205
97 557290 776101
98 133057 313341
99 442897 412444
100 582089 286552
101 433650 68530
102 574974 278648
103 718117 635796
104 825112 348054
105 536866 182262
106 93241 274743
107 806173 408512
108 356865 957065
109 951765 138129
110 361826 318093
111 819169 981356
112 959941 552908
113 218670 740598
114 405954 800110
115 574535 739813
116 103368 475106
117 744296 649359
118 949753 820553
119 524497 410843
120 337222 54882
121 421968 35563
122 676770 948342
123 927874 376184
124 161264 4381
125 557431 392458
126 907386 642787
127 837909 842275
128 183183 958544
129 324233 925614
130 328895 897563
131 111299 414268
132 10831 481984
133 760293 57678
134 597972 857830
135 480637 980681
136 795801 947383
137 580698 969368
138 410706 176382
139 143446 117665
140 369724 260126
141 416365 480340
142 471215 676971
143 628514 689099
144 464274 262312
145 889066 892075
146 222581 666666
147 930205 356540
148 259081 474585
149 454865 707402
150 537636 751492
151 232737 43598
152 634657 297305
153 976093 427046
154 171571 160938
155 213760 494084
156 494269 61921
157 36547 436820
158 674982 444632
159 484063 654291
160 222903 285708
161 602812 890570
162 320194 729145
163 747943 752203
164 312725 283392
165 993274 983660
166 4810 982508
167 903905 875639
168 765856 354443
169 443792 34394
170 1988 183882
171 205036 809983
172 39408 603357
173 289262 332011
174 346472 201060
175 608597 506877
176 161859 171472
177 714127 553975
178 746682 250228
179 139692 759017
180 531448 621649
181 983254 137177
182 158949 29878
183 289048 684285
184 22512 433190
185 147558 342971
186 98160 283002
187 45693 716025
188 123849 431339
189 176442 766218
190 982462 497714
191 612510 553708
192 751944 371625
193 405 867633
194 823559 874026
195 586591 81570
196 331931 10601
197 886836 659017
198 85721 922033
199 764289 323382
200 479508 857922
201 155568 580254
202 218598 110882
203 894367 608151
204 419528 342502
205 553570 879049
206 426669 265666
207 172426 449877
208 289718 972652
209 250341 499931
210 944156 367014
211 919995 699129
212 953681 289635
213 187402 517905
214 64404 934811
215 821658 515697
216 11811 833939
217 212648 103413
218 71045 346844
219 381281 302066
220 81906 27752
221 617291 323627
222 929869 219576
223 161575 632801
224 56920 597200
225 471615 567816
226 857629 829478
227 501724 963810
228 846111 321629
229 367606 115184
230 39836 547523
231 226869 117461
232 260596 525817
233 261757 103041
234 335796 952850
235 288302 656916
236 915732 653140
237 28316 376340
238 509385 90517
239 197405 989871
240 443524 865772
241 150299 949219
242 894974 274135
243 288828 894349
244 573343 686830
245 841656 968003
246 11047 428431
247 13763 424989
248 112020 964151
249 295310 553529
250 710191 71057
251 435396 67049
252 153675 605842
253 417516 908409
254 934503 227588
255 674982 951761
256 748286 680775
257 273528 71832
258 536475 798438
259 103697 835606
260 413796 297605
261 807731 782266
262 242658 217244
263 221520 848682
264 499464 422474
265 958824 600975
266 156013 969816
267 314888 491763
268 117486 469524
269 675691 823141
270 737660 490389
271 790651 737737
272 273034 544050
273 160272 228780
274 185772 796519
275 203469 263337
276 464686 872836
277 594705 109215
278 915044 465579
279 752160 661912
280 488355 947992
281 232717 111362
282 489928 184592
283 161110 10549
284 407741 729477
285 911560 307694
286 612665 307178
287 632136 150458
288 832919 934894
289 187561 133442
290 302200 755940
291 96522 837552
292 934118 10831
293 368257 44651
294 479887 130296
295 330652 106937
296 61782 946214
297 911581 429966
298 877723 483472
299 105600 122575
300 711131 225378
301 41219 52329
302 494318 447528
303 166815 627134
304 938717 583873
305 740958 870392
306 985691 621864
307 331259 381418
308 886209 286503
309 199780 59962
310 306868 677637
311 904948 285165
312 18346 686182
313 266474 560336
314 812860 184608
315 983642 205784
316 996176 603688
317 392484 431807
318 770249 474657
319 506292 552700
320 124622 81753
321 844871 419925
322 823427 653015
323 201988 776616
324 927867 225399
325 163491 317387
326 670612 920992
327 138932 505346
328 229201 437530
329 659845 62510
330 677279 692158
331 120842 386017
332 459251 659204
333 25521 565766
334 798437 678244
335 179429 109592
336 358636 974380
337 896471 989481
338 7025 983956
339 146233 513000
340 456980 828944
341 900491 750349
342 507329 291484
343 84942 610159
344 144437 733280
345 406286 204483
346 676220 828047
347 373270 15029
348 723117 870490
349 523454 833946
350 645989 218032
351 630383 414867
352 768418 334547
353 416896 920262
354 413663 847447
355 420403 619042
356 293093 926564
357 656224 472796
358 15938 292795
359 12747 444221
360 936086 155031
361 42311 964490
362 32255 961396
363 479209 943768
364 205962 561924
365 572584 86762
366 570292 298785
367 92596 837938
368 535850 973926
369 94124 34532
370 275546 792147
371 597412 700215
372 797193 251254
373 162171 711729
374 795792 411874
375 535820 779349
376 664527 961530
377 261361 559227
378 647739 331598
379 322271 930479
380 798696 442970
381 826137 379130
382 571901 628256
383 21629 592877
384 129371 404970
385 310624 304208
386 497002 600872
387 908401 156737
388 490504 80781
389 703129 473027
390 313656 147611
391 621497 275482
392 763227 129614
393 260624 191162
394 726884 464339
395 816308 942972
396 844554 689154
397 723908 971337
398 295144 996539
399 791814 640456
400 760750 81389
401 8600 322764
402 98217 388209
403 157852 389044
404 198302 131747
405 298602 456577
406 604713 857931
407 114170 855723
408 598415 136983
409 655222 600563
410 333112 25090
411 801062 488915
412 644220 229235
413 295608 174238
414 502655 520191
415 998884 101459
416 882478 571381
417 174425 857079
418 542897 763565
419 161311 907504
420 531198 123641
421 535940 126320
422 131227 791218
423 141910 355639
424 44934 494672
425 675729 120905
426 493883 271623
427 641571 659291
428 198911 437218
429 148338 241137
430 845312 394287
431 227733 290798
432 600548 174960
433 920636 478393
434 726704 322952
435 713813 242775
436 92049 160549
437 924834 212206
438 531206 529439
439 847343 984929
440 30324 858390
441 25900 261517
442 674879 604597
443 873725 591679
444 970833 999465
445 936442 64503
446 36860 838359
447 193690 288423
448 31592 375391
449 201486 919020
450 260011 612470
451 508295 60004
452 464348 817338
453 95005 232366
454 596744 36973
455 785565 607231
456 466385 148873
457 304695 780808
458 357426 389374
459 97108 312125
460 143368 545245
461 276907 807684
462 62941 101343
463 734480 32044
464 696200 107495
465 117201 298840
466 932695 810370
467 199364 423092
468 392005 877027
469 956822 894070
470 247171 484351
471 494571 658707
472 856096 391197
473 787596 229176
474 775417 92347
475 553942 999547
476 679190 93990
477 801818 961170
478 679774 697925
479 860640 41255
480 425333 217977
481 275543 702673
482 789801 301213
483 112659 807677
484 292776 913497
485 993212 128249
486 613956 4760
487 758182 143820
488 866055 182917
489 5865 101770
490 421568 36555
491 171403 654945
492 682162 899224
493 23296 230022
494 20568 898150
495 310433 584328
496 584251 43324
497 900858 118921
498 870395 489811
499 900525 712276
500 525142 604679
501 223310 673646
502 670779 517387
503 828144 24245
504 411827 902594
505 937874 449752
506 677356 962489
507 730822 841005
508 633726 232219
509 801814 670880
510 430817 622848
511 907151 580500
512 388355 388532
513 904939 940309
514 333981 240794
515 315676 841810
516 771089 103271
517 163896 971815
518 359198 208913
519 924122 841156
520 265497 791077
521 428207 349688
522 467333 687585
523 677176 3750
524 654968 512326
525 213982 930086
526 155829 659730
527 396599 683332
528 833590 120038
529 509750 698963
530 158188 619230
531 100122 570671
532 637096 146796
533 21544 327668
534 495156 43237
535 163829 629975
536 577250 289488
537 456897 500731
538 467018 247421
539 183900 705023
540 554942 784900
541 430559 635017
542 82606 696445
543 741687 200418
544 466175 17099
545 950270 31530
546 713756 880885
547 677327 635521
548 213826 138719
549 892790 966601
550 220566 429755
551 819850 949945
552 957383 429081
553 499526 520811
554 577124 700153
555 941644 633172
556 653863 492650
557 748692 126657
558 905473 219236
559 893343 1574
560 932970 882825
561 434877 528555
562 822670 734073
563 810125 627305
564 332104 27816
565 1204 946207
566 670296 483746
567 763379 921770
568 131037 937908
569 886325 955948
570 790971 522451
571 307074 464600
572 84129 67445
