NAME : portgen-450-8994136
COMMENT : portgen N=450, seed=8994136
TYPE : TSP
DIMENSION : 450
EDGE_WEIGHT_TYPE : EUC_2D
NODE_COORD_SECTION
1 75044 420606
2 435938 888898
3 761927 485558
4 931830 206076
5 27179 527143
6 115634 28732
7 815414 535696
8 973568 323319
9 255606 456196
10 234980 763687
11 356704 567415
12 5688 830248
13 415397 243998
14 655327 23319
15 169641 610392
16 150306 344037
17 222067 97052
18 551625 459624
19 566450 597828
20 780213 158879
21 56778 542190
22 959983 141978
23 383763 809520
24 747359 751862
25 214250 305355
26 991904 907198
27 611886 551218
28 6524 731006
29 198539 338886
30 337272 302302
31 919107 334002
32 425863 868300
33 470364 573443
34 68748 673436
35 151933 164048
36 575960 503744
37 241946 929625
38 771783 449506
39 955529 454469
40 823724 684390
41 45458 316441
42 686046 867338
43 691284 816304
44 918174 353767
45 626687 978182
46 390875 893014
47 445894 616165
48 582919 553034
49 300243 30357
50 370194 934256
51 853991 292889
52 928137 529859
53 259896 675462
54 221151 744547
55 859933 190220
56 812831 844772
57 712198 359090
58 911427 26092
59 888107 809698
60 285380 917330
61 273199 38391
62 303242 217676
63 310056 283070
64 575606 712087
65 669729 96320
66 228354 210981
67 594535 633504
68 871558 200686
69 604242 326956
70 955911 665191
71 928196 108476
72 68386 709357
73 704982 352484
74 589771 228217
75 306108 299848
76 977427 588156
77 360628 273873
78 705902 643010
79 698353 294633
80 658300 59209
81 71220 894195
82 788636 194742
83 262023 704355
84 776385 2840
85 654108 558942
86 436321 659889
87 503589 985531
88 939902 685043
89 677762 29368
90 511774 667046
91 584717 280973
92 53787 610519
93 25100 334158
94 422344 399793
95 371480 167203
96 424301 601401
97 672848 396968
98 228870 268306
99 604886 82854
100 769455 19939
101 674721 560402
102 716443 639061
103 715130 696454
104 534369 750108
105 248772 371743
106 220665 298559
107 923152 491096
108 634908 469818
109 221347 391667
110 965871 993717
111 99468 693530
112 233385 634168
113 884220 875918
114 943446 864528
115 270400 243448
116 150673 927654
117 780596 140031
118 446381 286158
119 357820 562690
120 975610 555282
121 112811 30676
122 433922 377763
123 67735 730770
124 368015 38679
125 512747 352952
126 324859 740358
127 812453 526006
128 869265 747067
129 779806 576412
130 192680 428972
131 338634 971679
132 774497 693490
133 258932 189989
134 864637 545389
135 423361 904137
136 101802 182668
137 878920 612918
138 668857 359109
139 881076 707379
140 764902 137153
141 96111 367034
142 671848 841428
143 904814 178994
144 153156 87106
145 881098 256392
146 421521 812430
147 139328 71473
148 453480 930143
149 151756 821003
150 708905 708625
151 849694 660636
152 273776 375594
153 256841 957824
154 68510 971025
155 621192 690271
156 593911 692700
157 695313 936288
158 7451 526203
159 832351 703024
160 240009 328789
161 38232 43633
162 836483 714736
163 54443 441165
164 908891 503325
165 356077 711032
166 290599 910050
167 86186 74631
168 543242 403410
169 671721 735559
170 833976 378610
171 346643 450131
172 847096 552309
173 218159 377887
174 975946 424591
175 17030 12314
176 21251 648430
177 464926 997873
178 418025 939643
179 574450 199145
180 832352 853430
181 286103 332950
182 137049 242582
183 343628 143779
184 845604 143003
185 718128 629563
186 550257 407759
187 685994 227695
188 307537 389801
189 578706 838610
190 296710 114799
191 866715 709746
192 670973 502646
193 424929 957648
194 773000 843604
195 731002 399462
196 557806 528718
197 17431 204412
198 828353 938883
199 764137 619400
200 244772 828358
201 799181 137335
202 127881 902231
203 145599 311505
204 977457 962280
205 572943 460377
206 166643 730846
207 468142 432889
208 295624 757385
209 315518 932637
210 414229 404744
211 379642 226203
212 898231 889769
213 830382 412921
214 279878 783763
215 82095 996032
216 412344 616426
217 265667 836333
218 948156 135868
219 241603 238084
220 207022 667544
221 642129 840363
222 429374 326257
223 19820 331602
224 630486 127661
225 374029 415431
226 659005 980373
227 537305 248739
228 416014 182755
229 871668 291547
230 954075 9730
231 69901 739373
232 755257 905399
233 818247 326279
234 301471 141884
235 413068 964021
236 126898 187857
237 558607 998797
238 745739 399268
239 688898 649491
240 473755 647627
241 541253 988330
242 829688 72364
243 926131 672970
244 861168 360267
245 18085 621876
246 834397 99719
247 825015 243000
248 540645 454272
249 281755 430577
250 580518 620552
251 642704 980995
252 653906 726402
253 874178 670675
254 150685 464940
255 322608 743043
256 321587 511400
257 273462 332198
258 175333 970181
259 914357 512257
260 364753 363974
261 44523 870894
262 561365 792516
263 321317 145902
264 533951 832204
265 124618 75064
266 248582 223958
267 326882 730712
268 326039 29852
269 714868 497489
270 897031 955949
271 758612 348910
272 995513 654110
273 577352 963503
274 538353 32498
275 921683 394743
276 920321 449551
277 305958 505454
278 371969 418746
279 654112 923193
280 400362 844326
281 955807 653195
282 567909 366659
283 984430 972676
284 515887 619351
285 754845 211830
286 431828 881859
287 590574 970010
288 443653 594972
289 564935 55911
290 420547 902571
291 491789 610757
292 431841 280292
293 119257 595386
294 656049 960223
295 746282 353363
296 513964 95516
297 742643 685200
298 524121 876753
299 758336 25502
300 210457 982380
301 398567 482442
302 611950 19111
303 902953 309564
304 17709 25665
305 386197 776582
306 762696 693888
307 176911 46999
308 330361 860290
309 910552 882708
310 842538 107676
311 214339 490384
312 408893 772465
313 813263 949385
314 269908 571462
315 67057 134088
316 577263 539269
317 669713 643965
318 139874 797901
319 433845 384842
320 949930 258966
321 684834 773340
322 117685 638605
323 139023 23580
324 686623 970177
325 871937 574735
326 606845 186873
327 958445 76369
328 405117 859297
329 812728 967985
330 879237 105052
331 875718 632866
332 75735 127230
333 91747 989356
334 576203 538306
335 907975 306781
336 173666 940374
337 10771 267802
338 500831 27466
339 531939 332524
340 367348 953965
341 136657 301922
342 692225 962005
343 258370 944396
344 463534 542483
345 552217 150517
346 221698 895539
347 476867 643149
348 85300 744460
349 762568 849882
350 137774 111557
351 491640 354099
352 602829 917971
353 438077 304922
354 494648 996439
355 817998 460720
356 395763 270245
357 415767 728719
358 883353 980178
359 155999 432586
360 41929 347287
361 226788 726320
362 400531 796417
363 815140 819566
364 337545 92800
365 829724 195908
366 532817 535499
367 514525 906627
368 558202 866411
369 886155 963506
370 78651 278191
371 788396 30948
372 500553 204930
373 923729 495377
374 495007 680449
375 828008 265733
376 406915 669768
377 20157 941865
378 578739 956140
379 839574 696201
380 359768 571666
381 418767 531141
382 917787 539807
383 672324 364814
384 769692 210837
385 804989 387976
386 485170 475550
387 604577 776196
388 940372 557019
389 706162 458666
390 217677 858999
391 979992 641343
392 733032 258058
393 777141 1675
394 617712 974718
395 234302 193388
396 96719 675317
397 158516 690675
398 793020 312845
399 426370 724356
400 264558 366709
401 789215 36341
402 462771 969008
403 285740 765571
404 936736 762099
405 164724 577063
406 338428 864855
407 461898 166380
408 474946 743449
409 372625 227112
410 746786 359478
411 938444 45335
412 946279 438280
413 598760 448829
414 12778 635569
415 490455 174800
416 620283 944063
417 293942 640613
418 520571 115136
419 179445 566651
420 783112 33691
421 629050 390599
422 227931 874824
423 254944 51383
424 729038 720236
425 91915 344191
426 300067 790801
427 233901 89757
428 746425 845152
429 742399 822158
430 448437 170604
431 586126 370084
432 978986 131033
433 948013 947828
434 636924 587074
435 911436 423562
436 14411 652388
437 135197 402595
438 59411 147642
439 811434 856522
440 691854 753608
441 706430 190619
442 187131 319851
443 588674 250199
444 965076 162909
445 692600 572742
446 478212 592370
447 655215 359549
448 19279 976661
449 255402 825336
450 815413 107301
