NAME : portgen-566-8785773
COMMENT : portgen N=566, seed=8785773
TYPE : TSP
DIMENSION : 566
EDGE_WEIGHT_TYPE : EUC_2D
NODE_COORD_SECTION
1 46548 292620
2 408553 463370
3 348989 314470
4 408341 357922
5 833886 965756
6 337526 337396
7 168946 617107
8 277260 966213
9 989651 5410
10 686216 541072
11 714152 37217
12 68341 506375
13 993778 771708
14 295919 728744
15 56668 482530
16 602595 196213
17 751243 108798
18 534461 512804
19 633247 952544
20 299198 246719
21 922338 836790
22 190018 430494
23 385640 488107
24 129841 760788
25 953994 51909
26 974246 751334
27 329174 398026
28 152844 850335
29 541377 299755
30 928909 836185
31 681223 455797
32 58723 587166
33 43418 500736
34 147378 738451
35 231467 789153
36 836372 228862
37 51415 634307
38 566826 962818
39 708042 670315
40 353531 143442
41 230330 996163
42 799834 220483
43 801306 146798
44 137489 164076
45 65380 33724
46 365426 894795
47 721077 510045
48 410347 693475
49 785374 555710
50 863667 422821
51 780064 459525
52 407256 810551
53 821578 978082
54 951499 108691
55 596719 6045
56 712846 377301
57 234375 895185
58 470758 786427
59 734720 548678
60 176819 349942
61 715361 591667
62 874783 808645
63 9088 376846
64 821606 240863
65 812729 588744
66 11318 599351
67 73595 347485
68 430596 853029
69 761788 904649
70 749724 14878
71 412077 588810
72 987256 715437
73 318362 773758
74 20011 912431
75 500956 33500
76 871868 544511
77 742981 274923
78 411503 180713
79 385929 59771
80 379955 968548
81 216293 46850
82 358967 581840
83 593968 124036
84 390044 518938
85 576822 697000
86 766416 822288
87 47721 143318
88 478073 170850
89 848686 599860
90 397142 828375
91 990916 761835
92 860908 844181
93 372450 964468
94 240384 491754
95 753517 306560
96 462985 242850
97 327827 52723
98 248462 589788
99 541088 843938
100 237363 147512
101 925072 420150
102 515289 672581
103 42584 110033
104 683602 898800
105 902472 447034
106 940328 894174
107 306253 73394
108 505562 973443
109 719022 306243
110 333378 4179
111 582947 546105
112 281574 429309
113 771928 346265
114 306999 375140
115 100734 368040
116 487247 949886
117 697388 950107
118 888046 96741
119 455581 787513
120 338618 399007
121 245445 934141
122 158376 749337
123 723612 916880
124 961276 898517
125 280795 902196
126 282789 165948
127 743204 869323
128 660264 975185
129 722762 565182
130 784534 945842
131 654452 896089
132 560181 503464
133 201589 6186
134 735798 556915
135 349781 588682
136 12166 820504
137 25447 431182
138 721390 416999
139 802901 412250
140 769044 796742
141 623503 741816
142 590605 154892
143 713587 591158
144 389704 193924
145 748518 881860
146 360943 898665
147 437732 749935
148 386840 424941
149 908693 727194
150 27947 306613
151 113978 549025
152 129473 484052
153 278693 540972
154 575342 588312
155 155735 69106
156 585480 528837
157 816664 902674
158 584899 755786
159 458356 810246
160 116623 776647
161 97493 8604
162 528968 43168
163 474704 463141
164 691031 541395
165 152488 180418
166 841656 214589
167 256515 699938
168 211261 94665
169 925152 687930
170 569992 957801
171 132801 579458
172 77300 971870
173 784366 352338
174 369697 394563
175 275231 923699
176 733909 367298
177 574705 847529
178 464956 899388
179 292510 429534
180 272790 184027
181 615819 887412
182 18319 197933
183 936304 6022
184 451537 844793
185 118308 232560
186 386088 63793
187 535014 192924
188 42737 730194
189 433899 681438
190 578212 575315
191 170631 261496
192 268604 968460
193 564598 954244
194 196270 58581
195 763633 205239
196 643128 80358
197 569622 337432
198 571713 69008
199 44443 884376
200 929132 54171
201 918439 688258
202 816351 699915
203 753068 472413
204 98693 606244
205 282930 510712
206 703118 233929
207 665901 67551
208 540899 535460
209 317790 680886
210 626220 867296
211 961578 567160
212 915661 64136
213 314121 697829
214 247441 835098
215 439856 570324
216 631501 827654
217 398507 67500
218 872196 936701
219 595595 201052
220 427561 29137
221 636453 515383
222 432360 896337
223 243660 75967
224 164697 505485
225 23311 873883
226 821566 209345
227 444520 358807
228 422670 90784
229 289750 748851
230 827719 816366
231 876818 897640
232 178683 253793
233 874258 187734
234 801568 769563
235 823890 464932
236 370763 812304
237 657575 752337
238 45729 752233
239 122640 556853
240 641465 223336
241 408079 498590
242 7379 623489
243 693506 733860
244 648971 144714
245 193241 684462
246 135133 826031
247 377162 962629
248 658373 824149
249 857808 680023
250 850608 491427
251 953327 607843
252 864020 799975
253 465804 322976
254 201965 821030
255 665301 688810
256 441813 145036
257 555609 143257
258 681233 50786
259 520478 216054
260 595419 50108
261 329926 121545
262 918955 332463
263 511604 762919
264 948284 857600
265 286532 722752
266 550267 301609
267 891551 952654
268 781522 263042
269 942980 864122
270 942256 642719
271 213381 432917
272 549294 143133
273 354535 13587
274 907075 44698
275 451024 895454
276 875865 207
277 393490 127855
278 941159 651718
279 716291 911365
280 18452 202761
281 379996 337843
282 878774 22581
283 475429 8896
284 595741 412476
285 788721 667645
286 143710 475780
287 765029 699965
288 174243 329719
289 728055 791100
290 391303 859886
291 46627 36918
292 839147 83771
293 342756 212424
294 422835 868970
295 477225 772625
296 667301 530504
297 75400 274610
298 499008 737601
299 667887 849329
300 968889 24815
301 285532 115975
302 653394 591138
303 848826 838946
304 161060 309718
305 785099 728734
306 228883 847321
307 434139 245827
308 535460 849492
309 262442 604163
310 523572 737828
311 341008 746411
312 443586 763906
313 382113 27735
314 822385 173890
315 851139 335297
316 168658 418336
317 6000 662569
318 631003 199306
319 602778 593320
320 548311 493263
321 949982 818671
322 345397 739397
323 431616 920889
324 86917 311494
325 892496 471273
326 915215 493996
327 998190 633592
328 856157 867195
329 109975 990825
330 960135 649519
331 236167 567740
332 761407 291835
333 778752 410211
334 501924 694742
335 814210 614570
336 762574 950947
337 711666 52299
338 822612 847012
339 748220 809993
340 907748 514918
341 917760 831559
342 213755 201619
343 99129 600918
344 656928 714164
345 883816 220791
346 697382 908036
347 779109 933740
348 730688 999034
349 107005 293098
350 916784 584604
351 172668 276923
352 403745 377578
353 553513 83656
354 280241 796571
355 534462 255238
356 210267 395810
357 107009 739343
358 952137 328131
359 788630 827667
360 561147 779718
361 303206 208826
362 777957 229605
363 441901 485651
364 547202 334087
365 498785 738956
366 566770 951649
367 275530 652510
368 304651 521949
369 724550 474411
370 249481 770998
371 812287 829261
372 153017 104098
373 917585 488556
374 130078 549503
375 491838 245037
376 451832 772917
377 794312 177828
378 17833 221019
379 1392 751235
380 72927 31563
381 359105 805829
382 547090 763464
383 442951 381005
384 242792 2910
385 821758 463581
386 198052 239127
387 335828 316109
388 327886 530289
389 414513 600129
390 211772 220882
391 484258 795967
392 261160 467222
393 379850 760941
394 404559 512066
395 209559 923645
396 279156 721639
397 652653 785899
398 572945 573160
399 493432 836908
400 776212 387295
401 74042 529948
402 337731 270956
403 760779 655864
404 511756 327089
405 797977 256892
406 816460 489326
407 541676 149281
408 752406 637466
409 153175 761190
410 190518 869790
411 887573 405884
412 226698 434462
413 389539 668104
414 901395 64872
415 555330 672021
416 18532 87423
417 802151 954879
418 404422 994932
419 254291 111878
420 714815 742384
421 607765 643368
422 321548 339768
423 36072 873271
424 494941 218190
425 396360 904841
426 671764 428560
427 281577 104191
428 368763 986618
429 727796 382851
430 866534 765846
431 401573 399878
432 612274 55593
433 649126 173091
434 167777 201907
435 113209 879135
436 142524 934985
437 364830 285676
438 198026 459012
439 124307 122507
440 65699 402920
441 940307 518544
442 198337 789483
443 270447 618654
444 475149 746558
445 305753 231330
446 827154 52383
447 998669 835680
448 599859 672780
449 278538 35871
450 141742 577059
451 748964 372434
452 152491 993439
453 964534 153220
454 230222 492093
455 833743 750108
456 511469 981237
457 77098 635204
458 938692 349190
459 401208 776594
460 455733 976345
461 894553 131905
462 60165 536149
463 130170 770090
464 782493 371390
465 321141 44805
466 228789 632213
467 288763 315591
468 891451 959069
469 441445 563133
470 850791 921256
471 217445 698554
472 290825 329407
473 336776 695248
474 992217 462519
475 705509 829769
476 890286 907147
477 714730 96936
478 348270 116751
479 83671 836900
480 101988 5464
481 711774 667089
482 641302 912487
483 532662 812914
484 690412 747690
485 298427 243443
486 356973 938689
487 71084 625963
488 86059 987405
489 417175 963229
490 187879 13419
491 686418 945593
492 269401 315676
493 333030 561700
494 990910 376276
495 782928 78536
496 268656 693755
497 264706 607347
498 564283 278756
499 627470 664861
500 243348 349371
501 278072 28988
502 274640 692090
503 143350 944692
504 637746 399053
505 763905 786570
506 125840 707395
507 53971 23452
508 736807 18019
509 402382 33954
510 348203 253906
511 185444 25551
512 504341 949055
513 965371 327984
514 664049 378994
515 482613 141366
516 349659 18122
517 199323 401308
518 887579 979023
519 891622 245949
520 578869 315011
521 159317 956956
522 28072 529021
523 893091 243105
524 189413 315650
525 641976 236299
526 614707 248475
527 182247 101981
528 999711 259949
529 829664 873331
530 804511 164326
531 53070 391797
532 820183 448894
533 627253 168884
534 679322 524949
535 130360 493702
536 828605 86732
537 391978 111904
538 639199 936968
539 843303 402359
540 949344 705421
541 498320 790717
542 574483 318286
543 88295 957862
544 197938 750429
545 774055 718695
546 299701 366672
547 115588 85166
548 486405 72585
549 564977 916168
550 889822 956122
551 399802 787053
552 366306 936554
553 737978 823989
554 673992 863961
555 13686 41849
556 62010 79234
557 99276 85816
558 864625 686398
559 276208 735017
560 962488 554668
561 603906 763153
562 635127 174238
563 93899 41552
564 720425 455424
565 373925 815209
566 262976 979341
