NAME : portgen-586-1448327
COMMENT : portgen N=586, seed=1448327
TYPE : TSP
DIMENSION : 586
EDGE_WEIGHT_TYPE : EUC_2D
NODE_COORD_SECTION
1 39443 538121
2 80055 211781
3 380618 153473
4 572878 512623
5 615292 127096
6 279061 659259
7 526031 242106
8 233797 950366
9 708076 481097
10 650154 913110
11 549047 622484
12 986142 12801
13 463655 645807
14 320167 793537
15 250458 259097
16 956318 656810
17 474261 257085
18 513439 943809
19 988843 106856
20 196475 970329
21 969803 707357
22 937711 660432
23 327050 147880
24 666112 815394
25 171565 843165
26 603555 936474
27 976016 85775
28 224850 382633
29 63860 822969
30 698342 436809
31 164629 466021
32 316147 644963
33 157292 571703
34 721547 865598
35 915055 85917
36 284254 892681
37 309531 806989
38 309555 612573
39 646468 900367
40 787951 81022
41 581947 497197
42 95194 813648
43 94467 490296
44 340662 829298
45 99792 941735
46 222261 123244
47 191801 110558
48 686075 77121
49 397826 130722
50 350877 714477
51 501411 765745
52 27442 90543
53 261218 106357
54 841279 162367
55 991307 734553
56 41971 234561
57 723177 756606
58 214547 41385
59 274220 205589
60 958888 80171
61 173876 590825
62 514721 200578
63 584505 518509
64 865239 218988
65 545771 203197
66 771293 484101
67 909059 53398
68 39051 347385
69 774020 338587
70 599100 53082
71 216076 135073
72 870410 19621
73 767858 631436
74 608523 991222
75 526052 167565
76 211882 178838
77 584950 147679
78 943183 17310
79 856685 974044
80 51492 913832
81 332336 502691
82 563266 938225
83 518476 906897
84 364151 703556
85 988747 583111
86 432862 282997
87 679536 791322
88 868289 995038
89 5874 367041
90 257394 567195
91 661824 891195
92 167496 631938
93 870860 268602
94 920834 970834
95 534922 132153
96 983234 70464
97 349840 15989
98 620220 933079
99 455536 79087
100 151331 772820
101 625561 241481
102 733828 958857
103 505741 320687
104 11342 953011
105 276819 674581
106 96475 885850
107 439122 919338
108 930598 261872
109 152851 547277
110 318004 585396
111 451361 285063
112 552224 215927
113 957549 191380
114 549169 720678
115 285581 547602
116 983696 52862
117 90222 582813
118 470719 775973
119 452073 248157
120 701340 608988
121 115750 373557
122 652829 949525
123 680792 698170
124 518239 133912
125 58439 428839
126 383910 734858
127 793506 603729
128 789124 572699
129 151259 151014
130 488137 729768
131 868614 763185
132 251671 667830
133 558830 722918
134 233021 489596
135 238546 232427
136 743632 18938
137 488838 889165
138 201486 716502
139 491557 948494
140 426803 384850
141 40121 398154
142 232540 555813
143 678988 220510
144 801191 422391
145 23983 747801
146 542951 962476
147 9610 468913
148 865355 96811
149 884718 763664
150 748039 964289
151 206613 569745
152 707109 673588
153 388718 985756
154 502317 237693
155 924741 568613
156 771507 728867
157 127031 740336
158 186816 906137
159 753574 782757
160 802475 462018
161 838199 469356
162 741557 274257
163 25814 173887
164 311829 815249
165 500447 215729
166 214185 253863
167 23752 858189
168 613342 311253
169 271123 492203
170 368996 772850
171 466935 18433
172 619915 561964
173 909601 73594
174 220919 735352
175 443099 691467
176 784982 69469
177 263217 532309
178 750103 952749
179 545992 848919
180 60246 77464
181 714633 10113
182 868696 151891
183 101677 753074
184 108952 565067
185 830735 113221
186 685218 18222
187 339658 111007
188 677036 768730
189 206139 209247
190 524153 73064
191 627895 462909
192 755003 422982
193 501096 204071
194 385167 871861
195 756511 860268
196 202301 706056
197 661468 255775
198 87631 448713
199 678774 508908
200 884927 140870
201 867455 11671
202 211199 370034
203 63572 322072
204 314465 840234
205 31212 546032
206 567582 674130
207 92408 199977
208 875163 8577
209 348645 612921
210 64259 652963
211 74299 600043
212 680139 689865
213 245765 673547
214 807023 969624
215 47435 354963
216 454265 365904
217 178035 978121
218 505482 953764
219 370501 555025
220 547819 492519
221 855426 772245
222 807602 103548
223 785968 602257
224 25916 971603
225 10009 414084
226 641690 709150
227 461472 529963
228 686605 501550
229 833635 233077
230 864552 109807
231 951571 759439
232 292415 538692
233 690606 795337
234 866528 988860
235 414009 272905
236 982660 377042
237 602912 650174
238 11273 365149
239 138570 150175
240 3259 744214
241 839911 573945
242 105072 937627
243 403392 694825
244 73488 639342
245 287515 710145
246 87236 381641
247 141016 274913
248 509859 478383
249 169332 157427
250 92275 420818
251 463686 875741
252 968343 265794
253 574173 67745
254 604077 523845
255 126571 991779
256 428062 194292
257 945562 154407
258 22571 569929
259 618423 17502
260 28832 212222
261 626004 709101
262 896585 993191
263 809218 106918
264 408699 337118
265 76001 943527
266 761072 614725
267 23603 11480
268 316152 645618
269 628383 950665
270 915055 833463
271 76401 55986
272 610510 75293
273 84141 378134
274 485056 147824
275 465694 402941
276 69684 832214
277 81425 148747
278 659746 848961
279 852137 956862
280 949641 928554
281 439362 653412
282 608790 293108
283 915377 372075
284 583782 870269
285 70266 644436
286 84873 470598
287 551807 625891
288 142537 793789
289 627675 747837
290 333445 960257
291 254780 451836
292 387476 147447
293 504165 107659
294 5935 730495
295 96102 944077
296 61835 758113
297 880399 270618
298 748589 605803
299 504179 984618
300 932755 290351
301 750459 737218
302 814379 505437
303 148160 617848
304 444737 933977
305 644582 552086
306 843026 121641
307 860760 5563
308 866718 681248
309 773013 338171
310 544518 309574
311 867895 599164
312 937513 779914
313 893977 347654
314 656219 46370
315 477730 524688
316 349051 693697
317 103255 781358
318 117231 133138
319 591076 381913
320 280728 822916
321 334646 667763
322 185977 786528
323 76181 462671
324 820600 100484
325 376641 400935
326 949583 457809
327 506887 408066
328 941299 56761
329 633963 33020
330 388205 15021
331 26772 62824
332 653249 821665
333 217439 175262
334 935664 74231
335 929381 404047
336 860648 672528
337 961530 143582
338 359990 410086
339 92276 529446
340 838614 837216
341 713690 623198
342 658164 462708
343 497916 286227
344 40448 281589
345 563919 941968
346 197474 516844
347 452531 876681
348 962268 662118
349 706232 42395
350 426537 666095
351 370394 291153
352 261870 539424
353 687244 326385
354 799644 44178
355 910150 655072
356 16312 352373
357 469101 446237
358 817547 509928
359 610293 776567
360 859396 555321
361 469029 893269
362 647694 263286
363 33652 569494
364 410658 422105
365 456337 33605
366 610441 48097
367 619296 183541
368 820903 361317
369 154097 211927
370 645161 987988
371 675933 263881
372 422193 8597
373 472938 304205
374 869149 189244
375 843029 392773
376 251459 284127
377 586057 392931
378 55653 322297
379 671856 78328
380 718521 325927
381 172287 587717
382 399017 922161
383 979139 752431
384 930180 460503
385 973298 513342
386 640778 421048
387 933537 466622
388 303861 184902
389 307211 254763
390 207632 711354
391 897637 332329
392 703584 130410
393 861317 22723
394 649080 697135
395 204402 68472
396 431136 693593
397 238628 131818
398 347209 254885
399 330343 955570
400 704736 288035
401 996993 614386
402 981611 131674
403 495136 919130
404 580542 455647
405 531613 32930
406 673217 974721
407 873925 650049
408 894790 478694
409 349089 267198
410 574951 724253
411 422088 974610
412 755767 685263
413 516348 26392
414 439436 801863
415 971486 384731
416 604359 851564
417 723149 174702
418 38137 922916
419 458404 53535
420 235619 382623
421 673634 381881
422 122183 480148
423 646383 456526
424 937826 553365
425 615470 320817
426 815448 528480
427 984083 320004
428 683675 145429
429 891236 806909
430 93537 572219
431 460725 527007
432 220027 148990
433 359295 291335
434 852537 393776
435 3665 438264
436 540868 795724
437 651728 254133
438 908805 893608
439 990527 435762
440 1587 370919
441 135155 632527
442 708325 399267
443 924005 77352
444 631536 574159
445 815407 746801
446 70378 64627
447 49869 797355
448 841755 877910
449 730152 868049
450 571343 752775
451 465999 502063
452 551778 244550
453 185662 182921
454 820154 584815
455 395998 606323
456 513892 317077
457 991502 346735
458 501841 396097
459 477137 422672
460 307234 481385
461 561183 984488
462 822433 250889
463 972265 38804
464 243946 407178
465 68471 725884
466 73453 405711
467 39763 395264
468 857026 818078
469 641025 361590
470 897426 527908
471 600215 208863
472 266924 334021
473 185618 85890
474 242194 798980
475 825090 802950
476 633964 322974
477 799578 845458
478 679321 60287
479 462299 156514
480 387523 367584
481 541895 458563
482 687389 868090
483 6108 305028
484 50152 657480
485 161117 415951
486 153903 678157
487 597582 504284
488 847421 238209
489 184909 976974
490 571568 911977
491 576505 87432
492 19654 700887
493 183988 614890
494 718321 171672
495 389155 551997
496 767925 983544
497 200473 481475
498 374004 922057
499 611281 762640
500 486600 947409
501 900980 265219
502 227412 913112
503 226445 546531
504 303319 98691
505 661470 64431
506 341966 290627
507 767358 835525
508 599658 558351
509 258090 205914
510 494086 84050
511 693747 287512
512 170880 213708
513 514970 888683
514 450745 684469
515 277839 300889
516 934889 86217
517 315504 507136
518 570011 285877
519 320074 184128
520 101228 625636
521 356799 512406
522 677586 305105
523 858250 480413
524 812663 986765
525 966504 485321
526 471312 926812
527 484800 185710
528 12519 814762
529 949715 720275
530 343101 940567
531 226457 119190
532 997462 35833
533 707631 829559
534 613040 462252
535 977275 119244
536 745688 271325
537 239410 8764
538 612737 766935
539 802711 985170
540 201188 700207
541 938967 730469
542 341367 337272
543 74431 815699
544 88754 279670
545 799504 740452
546 672837 857821
547 206853 981983
548 879948 85474
549 272996 668821
550 692368 91315
551 677701 827493
552 785576 266297
553 546353 740843
554 585444 147528
555 111278 196820
556 726007 670044
557 920770 602649
558 267729 368635
559 912336 15479
560 155884 622157
561 556562 944218
562 769883 885959
563 441543 918194
564 485748 973113
565 462411 871893
566 181490 655183
567 873891 4368
568 974199 268922
569 809698 738717
570 69542 705796
571 903362 73275
572 123785 177347
573 183889 728618
574 87938 320894
575 540440 961753
576 599725 299883
577 206410 820474
578 909825 22517
579 953601 781208
580 292097 277430
581 931145 846726
582 77985 405482
583 293457 652732
584 546259 743423
585 418760 539111
586 280697 591442
