NAME : portgen-571-4606341
COMMENT : portgen N=571, seed=4606341
TYPE : TSP
DIMENSION : 571
EDGE_WEIGHT_TYPE : EUC_2D
NODE_COORD_SECTION
1 947747 342801
2 743492 161488
3 273928 84355
4 498470 280393
5 556430 234987
6 943804 522611
7 503805 288589
8 962406 820930
9 427452 344543
10 904080 731468
11 232582 609530
12 99863 973341
13 980485 31894
14 692682 749913
15 407149 274346
16 910945 432710
17 459566 302501
18 253453 42765
19 262096 956975
20 632311 607867
21 742123 315450
22 53462 28185
23 705364 696052
24 219627 23615
25 473909 608863
26 268469 698465
27 310530 907528
28 161206 515037
29 883234 440991
30 908035 231163
31 822258 541495
32 648082 948562
33 492863 628354
34 469149 475620
35 583224 266354
36 601303 403837
37 870633 295217
38 462999 534116
39 299000 192334
40 812134 465448
41 148660 251691
42 841877 175986
43 452087 369450
44 784627 511003
45 809637 625099
46 573615 786476
47 373750 365957
48 6564 338286
49 444816 758244
50 565186 171247
51 397051 27292
52 211481 8461
53 460203 16778
54 856588 134544
55 455441 791756
56 730409 372230
57 631353 282936
58 657547 35782
59 167744 282125
60 941997 154576
61 183537 710904
62 910433 411977
63 869303 574010
64 192355 862171
65 835014 446221
66 677528 164456
67 736893 20377
68 735038 776429
69 620337 558941
70 518438 416304
71 201705 502502
72 569005 655060
73 441561 862711
74 876042 961772
75 496654 432553
76 145931 582644
77 923230 118965
78 493718 232594
79 290399 191103
80 273423 683773
81 396440 297646
82 616105 39136
83 590050 227907
84 803224 976292
85 841374 794835
86 159739 205972
87 785470 509444
88 8645 600892
89 787674 791467
90 918259 636708
91 283611 1251
92 588748 151240
93 49780 379882
94 548351 697756
95 430327 507130
96 973204 644045
97 717566 723602
98 256565 995733
99 717031 59561
100 646415 840669
101 75037 84574
102 43513 859945
103 148942 144679
104 993896 771989
105 69184 113835
106 684243 592643
107 760776 766292
108 710569 752395
109 580080 892502
110 782571 594317
111 510875 743663
112 329877 705
113 719798 75164
114 162459 925524
115 360501 863966
116 606995 15684
117 722283 804423
118 952464 690968
119 240474 822455
120 440671 297385
121 799802 655848
122 915184 836009
123 996255 229541
124 314168 716861
125 3804 181400
126 833274 791506
127 699060 782449
128 233673 59353
129 362291 239089
130 907481 457974
131 904204 171441
132 331317 771799
133 314033 28394
134 677458 924766
135 770037 481027
136 438226 863218
137 888697 601170
138 761042 719368
139 44602 547428
140 767031 660445
141 712872 923369
142 18043 902526
143 959761 435554
144 684366 950483
145 490390 924070
146 13509 315707
147 52417 959644
148 859158 936583
149 767151 314014
150 74967 276886
151 184938 766740
152 949829 343359
153 468527 909904
154 773462 796533
155 822687 798118
156 374986 411808
157 748699 983410
158 444464 588497
159 119023 371673
160 912640 377449
161 261243 363444
162 849799 493151
163 296088 671486
164 913388 545338
165 132642 851137
166 945905 248069
167 724740 968912
168 285458 301064
169 174670 34633
170 458062 371264
171 316530 312693
172 37843 112940
173 662827 650065
174 465908 559265
175 663555 187671
176 23195 221812
177 181371 223829
178 330980 936869
179 41999 980917
180 57900 167463
181 735234 738829
182 338471 451423
183 481588 62293
184 373964 635759
185 320583 794399
186 122588 559757
187 708117 724968
188 354254 39430
189 182073 625969
190 162171 359219
191 629487 932471
192 487437 965179
193 115903 207075
194 909597 273316
195 487324 223165
196 927099 538911
197 714049 663662
198 248675 756772
199 604575 312874
200 758685 623396
201 467992 839938
202 397094 304336
203 558184 90724
204 734375 216191
205 107926 123904
206 27271 768682
207 493592 834734
208 240363 196322
209 24780 674808
210 202748 724815
211 457717 61090
212 877073 697186
213 326406 282650
214 162663 403781
215 166784 263530
216 305055 965881
217 518043 38266
218 331948 860804
219 438878 652703
220 724816 919580
221 182295 234789
222 70568 762509
223 765447 866009
224 661837 16862
225 337256 966024
226 594109 200793
227 146090 495154
228 318341 502111
229 321894 358827
230 972388 697379
231 651845 81671
232 491375 188345
233 941609 792481
234 698113 731083
235 69286 374353
236 534485 7918
237 337552 236723
238 130705 256924
239 914999 381918
240 378845 824295
241 960755 803835
242 431393 469404
243 611685 223383
244 474506 329698
245 96657 539466
246 162690 707794
247 583416 350462
248 385095 174377
249 897237 833845
250 631803 508523
251 951009 279918
252 638016 512960
253 5269 790274
254 769399 676686
255 883469 94958
256 27604 992196
257 262170 432921
258 534688 944050
259 498255 140912
260 803249 767232
261 895244 864268
262 99279 560763
263 423343 254566
264 369901 824591
265 231453 340431
266 487524 238313
267 498449 283887
268 796690 968558
269 541665 998471
270 934715 667634
271 725127 333593
272 526448 329425
273 644221 298422
274 608515 22653
275 927118 130529
276 804475 72646
277 602392 291372
278 20999 712696
279 781469 354129
280 716269 36711
281 248608 770928
282 741970 215835
283 369830 694011
284 465748 932744
285 788700 236266
286 335535 475602
287 213794 672720
288 962756 822598
289 261876 807906
290 539764 710647
291 473097 15771
292 108321 194742
293 91822 716596
294 496342 282613
295 914056 102679
296 502810 608920
297 209771 698449
298 332099 249525
299 119799 853727
300 366669 821623
301 36546 800608
302 482888 216471
303 657432 788704
304 964324 407649
305 199549 304402
306 216353 498855
307 440073 613590
308 533901 639688
309 561156 43521
310 883736 120305
311 574212 612020
312 566075 967076
313 199719 534926
314 992713 997322
315 15288 174052
316 858273 854226
317 608357 235361
318 494293 974241
319 575698 494730
320 660841 452134
321 155439 452821
322 398877 793751
323 528467 890789
324 42844 242694
325 498729 797172
326 256812 122476
327 838439 192616
328 963349 182320
329 192251 247527
330 722177 683190
331 213005 469593
332 746808 747415
333 148962 763532
334 99977 646321
335 85123 643111
336 596843 318461
337 544792 86563
338 863493 451735
339 773581 373458
340 3727 17399
341 342675 745185
342 275144 332097
343 961046 388679
344 107417 860942
345 86398 730761
346 874263 929377
347 409607 17729
348 855290 836977
349 908029 312314
350 930258 76731
351 117207 669385
352 238967 481330
353 454497 511626
354 847331 506341
355 231570 574669
356 74902 331309
357 161128 991416
358 808927 283628
359 59986 729079
360 892124 311985
361 855503 787663
362 716062 8391
363 525903 927458
364 79494 63461
365 632065 351866
366 604403 267240
367 141888 429057
368 942496 11365
369 584057 283728
370 523170 677418
371 328693 378338
372 968817 774413
373 875257 86599
374 213314 401216
375 491825 927832
376 757483 844567
377 680248 578391
378 472328 849967
379 527496 809910
380 538833 443131
381 927569 563603
382 983170 554152
383 245976 696563
384 362491 386715
385 116159 722327
386 70314 658769
387 237253 964291
388 554501 10936
389 107415 137670
390 536063 675935
391 399961 269583
392 524627 188933
393 424297 40800
394 284069 587736
395 183080 245932
396 648874 197341
397 167569 800843
398 607104 669923
399 141085 4525
400 219911 864321
401 979184 75643
402 865153 815889
403 527871 487899
404 319939 491314
405 154094 431528
406 565898 939760
407 626829 292901
408 794257 730227
409 396034 182327
410 947047 576052
411 555478 357965
412 166803 251837
413 743143 994670
414 793616 421363
415 436420 66602
416 690996 616101
417 983576 104535
418 110037 460201
419 642754 231726
420 394676 694070
421 644765 101741
422 640688 607028
423 690454 290908
424 30537 915731
425 57699 612433
426 876307 719722
427 568105 153309
428 173324 363082
429 92066 760618
430 705852 67670
431 845145 88212
432 96638 460024
433 786762 464156
434 299071 19800
435 602447 503349
436 699690 480303
437 124627 334614
438 699744 835756
439 789860 13494
440 78512 380060
441 902604 32998
442 715510 368749
443 221456 602783
444 519463 523552
445 317772 645880
446 161129 622953
447 629279 891326
448 994380 164462
449 977114 306074
450 907284 854697
451 501047 17043
452 837218 677638
453 709829 843309
454 4211 199355
455 931853 570541
456 843619 568513
457 442845 59972
458 906540 222192
459 458933 205311
460 465644 622299
461 487042 992996
462 112516 747749
463 2302 682646
464 643084 446988
465 624784 856435
466 831545 590505
467 81641 507971
468 536441 334090
469 590152 655538
470 462209 999263
471 143850 314151
472 57908 695473
473 158837 168132
474 510436 881530
475 889023 311733
476 521378 530125
477 681289 50848
478 23152 910542
479 935401 329246
480 141197 375739
481 253156 348672
482 737146 932589
483 426691 529468
484 510605 747372
485 901134 738407
486 711756 577403
487 316288 153910
488 100921 956917
489 311707 61668
490 724596 91760
491 747245 313837
492 305791 249045
493 603278 482872
494 853359 149052
495 81280 6973
496 823485 842780
497 754404 723801
498 287507 566447
499 997863 903997
500 594551 201920
501 856425 448768
502 156933 797263
503 564488 207540
504 224334 432243
505 447570 540280
506 57182 786349
507 247966 134224
508 552253 410376
509 594268 13344
510 645081 860244
511 531604 606607
512 152820 699213
513 881981 262988
514 420469 519024
515 589422 893380
516 732583 879463
517 614097 184316
518 34577 960895
519 65871 171567
520 696791 192901
521 888604 840014
522 503970 221036
523 475368 216878
524 689959 55190
525 841819 24519
526 145977 478838
527 314575 701171
528 469337 976962
529 834670 972616
530 762686 603592
531 141669 52766
532 735451 254668
533 651675 217168
534 282379 26929
535 658855 335375
536 720417 539077
537 171524 620562
538 714266 52766
539 292032 451649
540 229875 905019
541 428317 447853
542 756338 985830
543 751710 679816
544 144011 359429
545 532640 817409
546 678515 38941
547 512711 361415
548 472484 349526
549 668490 883407
550 506769 422602
551 924845 238310
552 825315 936800
553 596201 698123
554 722500 328745
555 949460 789521
556 832951 475240
557 439975 945277
558 925076 102728
559 540055 374036
560 782183 302149
561 548677 398972
562 520160 236253
563 410529 482106
564 713762 234723
565 24361 16142
566 330265 963286
567 502188 440354
568 72068 953077
569 7877 811060
570 60753 648982
571 139761 769975
