NAME : portgen-458-763020
COMMENT : portgen N=458, seed=763020
TYPE : TSP
DIMENSION : 458
EDGE_WEIGHT_TYPE : EUC_2D
NODE_COORD_SECTION
1 786353 774084
2 265611 414596
3 148532 83040
4 287466 355973
5 404865 504095
6 904202 648998
7 982741 251672
8 665311 333481
9 28827 76455
10 432621 732772
11 250413 768275
12 604854 457839
13 663702 819559
14 838326 101936
15 507161 663676
16 392606 999868
17 216397 461237
18 49067 200071
19 646301 970448
20 658347 719451
21 531371 407640
22 972039 559677
23 716891 200417
24 535588 861630
25 989508 306365
26 631769 913214
27 321491 893870
28 598078 786485
29 557686 804374
30 365529 948460
31 436739 317018
32 697625 685413
33 972724 496562
34 676959 423064
35 534781 464894
36 797892 167196
37 86946 126256
38 101003 337199
39 446783 710984
40 859761 877217
41 261872 33951
42 736406 558701
43 226937 75587
44 302242 530984
45 488512 552505
46 523112 223236
47 435666 193453
48 921558 364174
49 320694 845782
50 458673 379691
51 753633 824604
52 1869 112291
53 44492 597817
54 176807 762790
55 666933 522490
56 484243 26702
57 315861 813024
58 425347 213502
59 881351 504172
60 763854 608549
61 175867 831176
62 964390 155089
63 711260 973288
64 165327 974654
65 81763 503185
66 160392 683993
67 44050 337270
68 392974 235169
69 718090 923382
70 133353 13434
71 194235 798069
72 767129 879963
73 376637 691936
74 258846 280576
75 482192 948270
76 198847 346039
77 764019 955488
78 219299 69640
79 780553 664598
80 719317 809322
81 879727 253425
82 629436 653498
83 328255 686173
84 259572 435898
85 436387 733411
86 954656 600774
87 21980 815584
88 409702 829827
89 67157 8902
90 935790 641620
91 192734 500728
92 255337 272441
93 623458 906966
94 54556 390551
95 9015 706801
96 975596 282192
97 486995 399941
98 58777 593460
99 776089 951545
100 470261 546809
101 624778 249943
102 344786 840572
103 755535 698119
104 90702 491577
105 332029 312332
106 15083 390001
107 655583 12515
108 833725 597535
109 766430 229495
110 594720 734794
111 910083 308027
112 965637 889577
113 108633 704712
114 255988 181407
115 60048 711583
116 739125 575579
117 676872 623458
118 626536 802732
119 845145 242821
120 438715 25923
121 140536 825061
122 795831 274221
123 796717 667569
124 316555 597417
125 291308 354064
126 337471 594681
127 891497 758677
128 807684 49199
129 573071 721327
130 214035 952803
131 852974 847880
132 52862 306106
133 171796 190022
134 594170 381362
135 215798 166156
136 280979 169012
137 938186 240655
138 397322 315401
139 416530 206959
140 81892 59433
141 131641 534660
142 967372 107245
143 858609 891244
144 522716 370766
145 451662 436514
146 208561 463782
147 27023 272558
148 744943 971523
149 886874 555175
150 876898 481316
151 251038 109595
152 515525 231874
153 222423 802810
154 627309 784251
155 900068 916439
156 526482 202305
157 269665 777520
158 744241 389191
159 820857 780303
160 561162 200272
161 303147 38995
162 504463 734481
163 915117 171383
164 653487 706311
165 18232 594511
166 688091 632278
167 306890 165452
168 532951 929336
169 264995 189851
170 363004 469418
171 70387 742413
172 809603 251389
173 133367 169566
174 959319 292541
175 357441 573559
176 318036 180562
177 536942 282387
178 793224 618759
179 802705 350072
180 698923 293086
181 537815 437457
182 421247 430650
183 846052 784069
184 392701 18275
185 644153 574674
186 429871 528315
187 422862 987603
188 882235 122584
189 502053 222076
190 941257 296357
191 368678 303415
192 7388 725146
193 56695 250634
194 211031 876239
195 319400 748882
196 536634 246719
197 545698 788329
198 39546 542072
199 319551 821999
200 369154 10783
201 667512 737243
202 351284 61083
203 204880 14621
204 173174 811795
205 225691 542589
206 407728 926465
207 30671 950041
208 756451 291096
209 891758 632918
210 391103 303980
211 464517 570701
212 649121 633369
213 907162 692627
214 177030 361778
215 782722 867614
216 949409 690257
217 996384 398667
218 888629 442213
219 272743 57347
220 968695 765598
221 358875 578113
222 485136 15420
223 284364 965932
224 597597 912329
225 881167 346919
226 365041 957772
227 39277 501540
228 61373 977254
229 740858 952617
230 172454 762667
231 741878 115827
232 843100 460092
233 183714 829615
234 441329 15251
235 665677 790518
236 693499 979429
237 751751 44184
238 938938 506745
239 531424 147581
240 571996 929907
241 951768 224413
242 189324 20054
243 125735 833582
244 847157 536291
245 214953 59013
246 883 257491
247 391670 178176
248 72099 379446
249 826362 440951
250 76481 777618
251 434508 450015
252 340332 951259
253 395150 140627
254 768447 19222
255 375804 227790
256 130097 204567
257 737663 113440
258 761783 484386
259 724157 664923
260 387993 804267
261 3253 377
262 938770 888058
263 356010 243483
264 639097 800491
265 649034 798311
266 738298 512201
267 771777 344206
268 799809 747201
269 486750 75884
270 258270 641349
271 109425 182233
272 148298 410685
273 55760 506
274 318721 503611
275 822166 828615
276 740349 25870
277 791917 278169
278 39320 922306
279 678238 996126
280 151449 647948
281 653877 692562
282 760952 734454
283 118365 947864
284 56268 326978
285 57679 761277
286 165665 220545
287 842757 559377
288 63918 977382
289 208460 660600
290 848738 433703
291 565245 642971
292 649041 1085
293 144434 45735
294 751249 37322
295 225841 851945
296 690933 159772
297 18205 496992
298 475683 888879
299 339475 588921
300 346767 78377
301 792045 658120
302 654873 388463
303 263370 97378
304 376829 790831
305 133735 993584
306 171057 640916
307 770285 299503
308 957014 494105
309 674357 263959
310 258771 229485
311 608388 467347
312 980210 979301
313 969231 507545
314 565672 454294
315 296006 966540
316 600553 417629
317 526865 855154
318 262645 924329
319 872685 349537
320 44070 650329
321 371378 487289
322 778551 996355
323 243557 223586
324 179561 38903
325 527761 968138
326 323207 885181
327 292914 380226
328 477824 374416
329 131254 799718
330 125817 339041
331 224692 27291
332 746760 483405
333 622205 683768
334 862364 773929
335 55946 733428
336 314543 635454
337 736198 290632
338 906277 723206
339 174432 599984
340 501477 594815
341 376290 765953
342 328476 956965
343 741848 573261
344 670869 43459
345 232948 578876
346 61964 98756
347 293591 310642
348 335785 735924
349 751090 487918
350 90078 520351
351 49153 579577
352 537425 932945
353 591847 557254
354 556705 335949
355 638378 904563
356 703547 87794
357 566770 546941
358 277077 125935
359 733700 436117
360 147620 886281
361 932677 374446
362 683851 535594
363 684274 734966
364 98028 803252
365 698785 349023
366 166501 838483
367 961605 596914
368 891267 288495
369 199182 781535
370 679887 615912
371 839560 234751
372 895839 346667
373 646199 687517
374 414905 757996
375 626367 600818
376 637895 947837
377 789132 741054
378 353850 210670
379 617971 940511
380 41677 303351
381 358071 775170
382 656061 22466
383 65002 468796
384 191955 220103
385 900741 589560
386 711030 975703
387 809750 546801
388 248385 984839
389 585314 942796
390 181744 473604
391 116994 157517
392 761575 395433
393 990952 391330
394 182422 939138
395 531912 422471
396 96540 979079
397 880793 90327
398 904881 863857
399 425001 349038
400 98281 661359
401 102203 472108
402 576251 152763
403 483823 480378
404 186262 393698
405 750102 962519
406 28248 678833
407 408598 619206
408 206810 378991
409 894376 565733
410 117584 201145
411 43795 842917
412 121821 239382
413 487357 238921
414 399452 656986
415 62977 768007
416 798577 191615
417 192694 219225
418 445356 438161
419 748918 142369
420 188622 611960
421 496953 616688
422 821554 330767
423 378676 253623
424 857258 641411
425 602970 665960
426 464404 768014
427 286060 330274
428 862782 910587
429 279414 357026
430 707407 45662
431 731459 43893
432 205075 138141
433 465565 411560
434 857279 77831
435 240529 953187
436 521733 252965
437 962763 451624
438 736740 275780
439 556856 791547
440 376599 576769
441 959507 42425
442 949579 17315
443 36547 754683
444 986539 54552
445 753660 33795
446 580882 671087
447 901839 235435
448 90227 243988
449 653924 369929
450 594027 102895
451 696767 65711
452 264811 26200
453 706453 421979
454 818434 268744
455 293726 108098
456 924048 224861
457 603366 673611
458 464779 60372
