NAME : portgen-480-9315574
COMMENT : portgen N=480, seed=9315574
TYPE : TSP
DIMENSION : 480
EDGE_WEIGHT_TYPE : EUC_2D
NODE_COORD_SECTION
1 96558 896865
2 162792 874277
3 297641 843582
4 504532 268054
5 127911 986025
6 615777 6210
7 428607 934421
8 615998 382774
9 415252 143752
10 439679 232360
11 93138 379493
12 550904 67925
13 298920 987128
14 929894 622448
15 798222 807373
16 577848 650035
17 186806 159704
18 401485 300896
19 452607 53550
20 350595 195761
21 84376 191478
22 18832 437255
23 999201 961169
24 217719 511986
25 459 303071
26 643718 365583
27 116613 66079
28 692074 446523
29 710059 3088
30 472792 996744
31 390975 450982
32 917459 932149
33 901649 424299
34 987378 991351
35 935219 654828
36 165055 903265
37 143292 136608
38 588641 727554
39 262879 484825
40 375851 852396
41 277069 926805
42 149656 801477
43 416398 126866
44 732575 254656
45 258055 977186
46 313517 461255
47 118330 695766
48 30706 181110
49 48186 882224
50 848613 271647
51 698290 732893
52 136135 148063
53 26002 716912
54 215927 315136
55 649681 565208
56 713947 455403
57 745033 495606
58 683227 929720
59 332651 221692
60 901443 720538
61 376112 105153
62 142737 663572
63 956538 432161
64 767130 995229
65 110605 871728
66 511627 947742
67 835144 810643
68 138448 821665
69 181772 654050
70 118250 486678
71 794214 510882
72 353213 537516
73 601073 208363
74 318517 454758
75 739228 598544
76 413980 52957
77 771618 976884
78 760019 750547
79 897749 325491
80 9614 204336
81 535140 561876
82 196886 163002
83 770993 203065
84 102190 207516
85 894532 474863
86 611202 877893
87 482464 302898
88 306557 323155
89 333535 165853
90 903553 205990
91 534411 441638
92 985615 906269
93 336588 949750
94 750856 672141
95 39650 935383
96 719475 974255
97 759517 643386
98 875475 916321
99 28418 50314
100 230959 277917
101 874828 152664
102 551204 533238
103 64133 972342
104 67341 865349
105 640296 810268
106 999690 225607
107 285841 74230
108 484861 560884
109 802359 553499
110 287527 854671
111 174646 51875
112 976557 616615
113 600034 458537
114 326688 949226
115 238765 334215
116 255813 468185
117 525556 93284
118 206299 308804
119 155796 911384
120 421407 775703
121 147391 197357
122 384614 184978
123 760737 667599
124 997698 142902
125 43352 416937
126 589633 79192
127 811549 896743
128 22103 406643
129 627108 457920
130 326938 755329
131 816546 155956
132 443941 864593
133 662877 802333
134 840993 100862
135 313493 817261
136 563185 659456
137 510147 870589
138 265038 95454
139 240326 79813
140 594511 193391
141 831429 868768
142 622287 483436
143 517669 99856
144 24243 660963
145 430407 403965
146 467810 54933
147 597891 604146
148 212518 487934
149 687209 514025
150 919940 665282
151 427273 917885
152 548391 849960
153 585508 720864
154 456904 328113
155 379074 922247
156 382399 966144
157 27513 922972
158 287518 761612
159 558065 839795
160 652075 174943
161 115123 326968
162 180922 648210
163 389987 645299
164 111065 660186
165 285081 544173
166 638550 912213
167 700738 672264
168 810992 865284
169 841255 699315
170 195917 756056
171 541791 184448
172 8888 255463
173 288841 140842
174 874011 949680
175 214158 567218
176 376868 27023
177 228944 375767
178 26731 515060
179 217147 876127
180 38968 720223
181 879609 757588
182 132195 623017
183 380455 197951
184 957256 772049
185 634130 146675
186 887601 608384
187 625636 84856
188 798074 88100
189 98023 805155
190 621478 874927
191 428152 234938
192 621217 564858
193 664564 880961
194 780017 77720
195 291808 613041
196 908028 69206
197 65185 49242
198 868455 933407
199 558811 924031
200 457389 200741
201 42818 68856
202 328201 339231
203 139065 141930
204 405806 664086
205 711202 145770
206 735042 139426
207 584318 425927
208 812194 810402
209 692403 82953
210 754562 447047
211 639139 33225
212 314659 433388
213 103857 818745
214 280182 286404
215 945791 656143
216 682294 433937
217 93952 475708
218 139884 288725
219 650619 195289
220 752663 854161
221 188558 697064
222 323157 844760
223 973901 874802
224 754546 631796
225 945385 49710
226 653225 272407
227 978239 801246
228 518447 608880
229 974903 852493
230 199347 850339
231 491311 210516
232 911422 857041
233 957212 37977
234 816268 739557
235 452025 937392
236 55856 60607
237 137567 704852
238 793822 366732
239 54985 513413
240 914941 494976
241 843841 427689
242 87057 95451
243 164832 471778
244 522514 236910
245 518496 101906
246 472457 911061
247 743264 815271
248 798305 127950
249 559496 618305
250 50938 607169
251 819817 241133
252 716855 450408
253 205868 225535
254 185349 882787
255 636413 46669
256 86365 737993
257 333996 97440
258 377882 580249
259 467251 96151
260 58736 829261
261 478480 197963
262 688619 844856
263 117574 814722
264 343752 687159
265 498983 568286
266 181382 172197
267 876999 868271
268 408610 105847
269 93692 989617
270 717569 584582
271 4526 426363
272 178173 689235
273 623426 274493
274 222441 898407
275 697696 983582
276 784198 872337
277 119322 482651
278 425786 647620
279 364134 848583
280 41798 100021
281 131843 195731
282 165218 51831
283 42143 660002
284 559819 644760
285 474013 103388
286 357807 568844
287 398455 75153
288 45062 606142
289 78640 205968
290 419069 469954
291 450587 495168
292 645361 398962
293 436443 985650
294 6978 825167
295 826128 748607
296 546027 448931
297 515603 614180
298 226774 435681
299 27907 103020
300 644172 17283
301 195852 16473
302 479337 227741
303 532995 289030
304 226976 720360
305 46207 440135
306 640641 538966
307 22455 293190
308 553993 682911
309 680128 551037
310 825056 606461
311 632095 456799
312 587 456730
313 907535 341334
314 89506 170713
315 542158 756032
316 379166 358280
317 159760 978934
318 829313 911621
319 472713 352170
320 844968 753532
321 305522 455941
322 111 219666
323 116512 89228
324 448344 58873
325 706645 885440
326 346175 857194
327 560861 888140
328 638117 837572
329 856712 500403
330 398428 621373
331 816317 874806
332 875391 292675
333 134612 184699
334 538855 802788
335 176677 464765
336 234567 621254
337 844392 939616
338 260286 774900
339 895938 112447
340 818613 69963
341 484621 589102
342 772285 920785
343 939714 504360
344 482889 867085
345 844321 644613
346 372766 669924
347 175493 380203
348 518965 684268
349 611548 60495
350 959380 341611
351 193290 335897
352 240260 636681
353 400819 757073
354 84909 640076
355 948425 133757
356 354683 989627
357 656082 753814
358 248607 146392
359 699312 495187
360 773710 450344
361 573151 478360
362 843407 835065
363 271475 898670
364 380994 207710
365 538797 503212
366 689991 255861
367 164021 684856
368 715280 494993
369 933019 18470
370 672177 793322
371 805047 987701
372 93375 393976
373 71462 894406
374 826516 340427
375 108728 620295
376 303273 403837
377 521697 456167
378 651620 937428
379 171875 555404
380 921401 905825
381 824053 66438
382 967898 155103
383 328709 366981
384 896252 262106
385 682352 354201
386 319876 358885
387 386459 153414
388 147070 169313
389 956662 387240
390 183445 334046
391 726794 825590
392 286309 632971
393 679159 623553
394 287963 8917
395 356146 348298
396 598740 670913
397 336118 317976
398 473445 446161
399 601241 939960
400 246905 902149
401 937744 439276
402 156982 774681
403 893500 477683
404 117528 888726
405 777008 28067
406 649465 162958
407 199258 573103
408 307084 153139
409 730320 649921
410 681657 882548
411 765740 956292
412 15200 780202
413 416456 880599
414 201903 611778
415 259914 669387
416 51784 67935
417 610231 155378
418 684581 563835
419 626332 713205
420 325887 526019
421 893232 638041
422 327259 473598
423 582558 642448
424 655712 555915
425 901519 592846
426 244258 989463
427 680045 577518
428 850365 869808
429 829044 1604
430 90099 329665
431 851351 404322
432 562839 250988
433 134834 11424
434 835699 725660
435 990545 664636
436 497426 174404
437 748402 88811
438 638289 776276
439 276246 437682
440 929837 546648
441 51554 200299
442 521678 930249
443 818036 647461
444 505096 359243
445 20543 673157
446 728136 900671
447 722660 661251
448 28593 718827
449 889638 238447
450 835308 806281
451 366201 218030
452 626077 354871
453 541291 43959
454 467785 749796
455 759482 202903
456 364711 469801
457 981060 416942
458 601528 950679
459 681662 901588
460 222395 416006
461 121785 597251
462 890351 184263
463 298434 279396
464 548326 393530
465 547520 594329
466 308491 526449
467 678200 726933
468 181936 581753
469 219238 104735
470 328720 867356
471 965799 603508
472 136848 604536
473 551372 130884
474 10320 538396
475 362816 749196
476 170500 496108
477 690927 240978
478 497790 839751
479 539829 899144
480 172935 959537
