NAME : portgen-435-4285786
COMMENT : portgen N=435, seed=4285786
TYPE : TSP
DIMENSION : 435
EDGE_WEIGHT_TYPE : EUC_2D
NODE_COORD_SECTION
1 856154 732007
2 663913 117018
3 185125 377315
4 4852 731975
5 646335 149764
6 974163 965151
7 154143 716580
8 433205 215122
9 641586 959292
10 345574 638124
11 63497 400176
12 910515 653513
13 186097 697786
14 123958 792923
15 653972 637895
16 160873 389084
17 774386 121659
18 352903 541717
19 482360 22726
20 506978 520489
21 347775 826281
22 756196 22543
23 627949 477465
24 469391 945676
25 576609 936923
26 226444 113899
27 961222 830371
28 966424 467070
29 957621 542253
30 764115 643408
31 894954 982126
32 224997 125845
33 801988 147881
34 208954 131599
35 88630 955740
36 745730 695910
37 382683 408650
38 411680 949597
39 438954 80143
40 687089 719026
41 740164 581704
42 28808 10564
43 742940 178747
44 164087 648540
45 319670 205021
46 332762 350760
47 934095 551238
48 774758 651864
49 443598 347546
50 610863 678352
51 38511 389248
52 258586 857582
53 196758 644740
54 85091 950657
55 87431 787677
56 302983 309080
57 222583 559093
58 310645 544194
59 48030 673758
60 351087 150123
61 704283 861408
62 520736 410278
63 917228 356482
64 437324 525100
65 211892 766939
66 864505 488296
67 992711 899412
68 416043 431084
69 359120 469715
70 699918 198746
71 130716 490328
72 297452 169547
73 500738 471353
74 830024 523816
75 634009 418275
76 214540 918497
77 135653 843923
78 813846 550215
79 396536 359174
80 441539 765673
81 285619 615376
82 250739 888685
83 656960 812654
84 11627 53035
85 58354 839292
86 714169 524213
87 39749 932812
88 935583 785785
89 725755 676812
90 596431 367013
91 959946 78149
92 83561 446218
93 481320 249129
94 237556 104026
95 242452 603388
96 419456 306085
97 411360 860626
98 484576 606502
99 450578 364640
100 233964 714952
101 745598 153212
102 927384 266995
103 458329 136390
104 834935 689435
105 362603 564717
106 312658 292510
107 116722 838150
108 346217 979534
109 204016 390113
110 404108 50457
111 362076 646987
112 819071 343402
113 93694 560957
114 596828 772754
115 474482 799192
116 950849 36319
117 314208 31714
118 54354 667435
119 961427 245411
120 100001 501785
121 45113 847443
122 699917 191994
123 241312 772469
124 487013 67958
125 766931 923619
126 9674 677824
127 890157 434771
128 764102 709278
129 839003 895670
130 212640 790893
131 174963 589524
132 589434 860818
133 519604 465215
134 592593 924727
135 596837 573747
136 492521 136058
137 623181 480489
138 40783 684251
139 756829 384299
140 579299 384415
141 721953 701158
142 560113 683588
143 624229 361325
144 446885 453390
145 512109 589139
146 74842 36700
147 648573 526254
148 9264 909055
149 224261 219428
150 151211 557060
151 15640 102713
152 488658 382516
153 201665 308515
154 117711 206568
155 810542 402777
156 262392 385613
157 383561 623501
158 716051 138262
159 940951 63179
160 851554 610549
161 240953 373164
162 773515 39776
163 558106 389807
164 647399 240665
165 278823 732267
166 566540 550260
167 573757 176522
168 122022 336340
169 317597 936612
170 967537 485966
171 420374 383705
172 601836 901560
173 348186 701677
174 263184 608796
175 968147 619456
176 261655 983596
177 940604 418944
178 990520 465379
179 528956 312135
180 260493 865325
181 990918 181099
182 239031 324576
183 982403 878687
184 783777 482000
185 275314 14373
186 875078 332154
187 95032 232097
188 348894 257356
189 432560 354571
190 49256 92726
191 860851 335264
192 980172 413498
193 741348 385441
194 311229 249181
195 194119 243335
196 552562 835596
197 661297 953163
198 610888 88219
199 288673 369738
200 552665 90829
201 269117 908612
202 559540 875420
203 758604 926390
204 3424 527105
205 677595 605079
206 154150 279774
207 118015 17157
208 312762 155322
209 519801 285867
210 713687 894183
211 590013 414039
212 929335 184485
213 745256 966465
214 772614 219611
215 473493 422504
216 253932 905454
217 676976 444176
218 938576 581076
219 217249 963014
220 100736 586026
221 865639 25362
222 535493 299936
223 653322 138523
224 906261 476811
225 207907 644422
226 315604 69061
227 896244 130161
228 836897 363662
229 231636 115363
230 936844 177527
231 709141 40409
232 426369 91568
233 739440 128788
234 744281 818079
235 363835 174238
236 249061 42990
237 77960 69265
238 578579 520952
239 517794 799173
240 347588 381594
241 734829 657251
242 282767 295965
243 713363 213522
244 479085 585407
245 704736 809788
246 836795 399169
247 599179 926498
248 336964 822648
249 947401 466228
250 721356 132369
251 620729 107087
252 129223 826312
253 909593 658353
254 786293 600279
255 416798 623374
256 884576 646228
257 410626 127055
258 340732 309971
259 441230 499870
260 754603 916791
261 181386 278053
262 96722 231465
263 553508 141974
264 913767 251647
265 159671 920226
266 734658 917514
267 382375 724213
268 497017 88601
269 246625 155711
270 955233 403392
271 772291 979214
272 830803 787945
273 628401 558741
274 302447 367713
275 372990 194990
276 908881 695754
277 306556 801130
278 397710 703214
279 724711 405009
280 329295 820992
281 411728 630581
282 645045 13406
283 851082 905361
284 815424 622681
285 498654 781990
286 7523 73517
287 126880 559613
288 7910 485632
289 971497 295591
290 833754 850293
291 417262 508758
292 922351 338679
293 508498 104076
294 272469 368969
295 873130 591655
296 273176 623943
297 657057 173242
298 395868 698774
299 852334 271190
300 780034 142769
301 587244 6855
302 533958 522696
303 777728 400123
304 773402 967876
305 292632 293634
306 430745 355742
307 531878 737640
308 547815 787784
309 973524 471802
310 617537 152308
311 53027 544234
312 842646 355884
313 194746 667
314 539558 604183
315 781884 607787
316 712229 3620
317 2959 540120
318 419547 61519
319 976879 184711
320 790863 720713
321 130552 800666
322 751431 720822
323 538628 728942
324 781297 301173
325 978495 395200
326 159216 248150
327 489306 172247
328 430539 583623
329 3896 993838
330 103149 716209
331 423243 588690
332 177013 571918
333 163081 630078
334 604311 811055
335 199011 818873
336 6487 672351
337 493306 222337
338 993091 804876
339 54927 670398
340 925344 611123
341 996771 545720
342 501034 65674
343 184544 123539
344 826606 431040
345 377038 789469
346 457207 165824
347 985699 971989
348 714226 458201
349 307360 529093
350 727730 733751
351 674014 110898
352 375828 367372
353 398429 613496
354 747116 423631
355 987703 307000
356 757016 572856
357 616799 313679
358 259002 257418
359 602990 205023
360 857692 704880
361 322718 75218
362 83324 465260
363 144859 895589
364 296522 125933
365 823908 379595
366 57760 631295
367 682695 618344
368 854106 423914
369 928920 187354
370 806672 927125
371 520548 621583
372 573347 672158
373 466751 381989
374 82499 520439
375 827130 818637
376 161678 181426
377 705185 348135
378 675990 42718
379 428202 757484
380 513266 974514
381 684575 559761
382 616959 60577
383 786451 135433
384 999508 944641
385 846928 877012
386 174919 82551
387 377892 39054
388 543201 141292
389 370032 735189
390 789269 102140
391 467386 539038
392 612667 849393
393 695020 497999
394 14336 622117
395 831892 718673
396 424406 984279
397 340426 929659
398 752206 437997
399 243690 534292
400 128956 325458
401 11956 347310
402 731169 724990
403 351251 622640
404 568758 855791
405 653115 177991
406 28381 806085
407 925592 794593
408 550108 700296
409 219334 687299
410 308371 348454
411 891742 465215
412 815684 521469
413 865056 827608
414 351382 652902
415 687803 920560
416 572533 514240
417 82074 611278
418 73758 661301
419 613445 818074
420 299285 994723
421 278664 327037
422 313745 483437
423 826930 959190
424 168594 818956
425 64603 924597
426 86615 590788
427 846489 208395
428 752925 497716
429 265236 119890
430 651232 689949
431 9195 750684
432 556506 658391
433 899326 701344
434 492339 442154
435 967662 590918
