NAME : portgen-443-3550258
COMMENT : portgen N=443, seed=3550258
TYPE : TSP
DIMENSION : 443
EDGE_WEIGHT_TYPE : EUC_2D
NODE_COORD_SECTION
1 302305 372785
2 764755 856165
3 734131 430223
4 229415 451315
5 876478 965577
6 810675 319804
7 194405 223852
8 524404 836487
9 19433 452694
10 486566 425655
11 133160 125411
12 53535 451502
13 7420 807563
14 574062 600884
15 934851 784916
16 256042 173180
17 604032 186068
18 666203 327563
19 474443 21174
20 23433 299028
21 188607 563557
22 20990 239155
23 243027 223822
24 751818 527570
25 825002 202130
26 24484 771180
27 391280 726892
28 22736 129124
29 768752 578686
30 189962 406567
31 955780 208241
32 427882 577450
33 776969 247117
34 298813 955250
35 980824 300582
36 84669 491862
37 627692 284436
38 401171 361980
39 734131 326643
40 428766 878295
41 38810 995376
42 410922 528284
43 829136 47801
44 745298 26582
45 409098 419086
46 28749 519193
47 40349 722850
48 214358 696744
49 935865 736554
50 837983 881047
51 489691 425174
52 98804 946706
53 163320 29108
54 360257 862996
55 897755 974935
56 383826 742170
57 169587 770875
58 377817 436586
59 167891 705031
60 363091 80224
61 311251 562259
62 117266 99776
63 810891 659495
64 393057 680985
65 121116 372063
66 1722 871135
67 428887 453830
68 494468 296639
69 825788 640046
70 150466 392549
71 879909 40266
72 663490 328873
73 107835 466490
74 401926 940572
75 911959 554863
76 303686 254880
77 615438 465920
78 879325 618555
79 996286 644973
80 452237 866680
81 203319 720210
82 712529 505205
83 95025 343559
84 78680 840713
85 663040 911327
86 34660 227318
87 793071 808228
88 776538 56371
89 946821 651345
90 220451 192335
91 663208 748084
92 228747 254436
93 168744 281511
94 158605 923681
95 358805 150909
96 217959 985075
97 977006 239139
98 357889 652591
99 247194 855261
100 552335 51464
101 519668 750581
102 720121 719624
103 891654 555602
104 26132 361002
105 297176 597813
106 459950 72604
107 286167 301328
108 648720 218243
109 743204 473390
110 147316 442433
111 96364 223418
112 288377 611575
113 391658 284079
114 507197 73447
115 916574 220935
116 30238 585819
117 354169 622638
118 732385 590603
119 461916 927418
120 605715 950500
121 538307 685215
122 776365 916372
123 54544 994541
124 696697 365430
125 847480 73810
126 145394 173747
127 938687 331400
128 21225 933849
129 396411 97483
130 987239 301051
131 93686 98713
132 755286 346675
133 59506 774734
134 296239 369795
135 246784 654179
136 521546 377773
137 625909 73505
138 297039 922617
139 284731 956977
140 590350 457808
141 887667 409714
142 86208 615522
143 127249 931524
144 830533 7493
145 563131 957650
146 294364 92120
147 680634 951536
148 428954 160534
149 59306 702860
150 619332 131927
151 709809 739720
152 775080 389672
153 186142 735680
154 87539 323164
155 204150 89701
156 103316 388917
157 534351 29588
158 6686 1565
159 418078 803749
160 917721 898972
161 715428 593379
162 750463 114856
163 944369 781825
164 602692 236237
165 887362 561359
166 835077 961566
167 752826 500648
168 354492 498750
169 875362 56619
170 608836 125684
171 513445 26783
172 89772 664159
173 242222 700985
174 341657 565777
175 7166 647128
176 557841 823069
177 815497 57973
178 296849 748243
179 986893 274431
180 35179 687392
181 860317 30920
182 714328 78466
183 576255 76533
184 299144 870191
185 787366 305701
186 659907 852301
187 796582 270592
188 341131 892358
189 777881 692489
190 818007 196126
191 794932 328261
192 201057 199969
193 701041 804157
194 247238 674360
195 924392 277959
196 199605 5171
197 269253 303134
198 465776 661144
199 230200 819180
200 323028 349863
201 923103 649168
202 747770 811040
203 852196 229580
204 622012 615527
205 356931 492691
206 501005 312533
207 350038 757220
208 487787 855146
209 761667 411193
210 612689 915111
211 846332 479964
212 547163 437502
213 382597 10739
214 104530 985542
215 418395 111551
216 270346 162354
217 335558 325315
218 695121 482399
219 978222 443836
220 712182 845895
221 42490 836044
222 61670 9281
223 431626 719640
224 458007 831750
225 920536 455037
226 556614 244657
227 400784 211477
228 79517 760749
229 313609 422455
230 115919 369797
231 251357 178175
232 903345 511035
233 450201 664960
234 250862 340757
235 325594 768146
236 397138 929916
237 490657 157652
238 358497 601674
239 79180 335685
240 357985 621848
241 697129 682075
242 869623 48598
243 860193 92170
244 259008 824522
245 875113 30160
246 231537 637464
247 118241 944035
248 448757 112573
249 345387 904018
250 650784 829951
251 640460 122322
252 473765 298688
253 757907 874538
254 375034 352185
255 351284 987346
256 501740 489087
257 547341 85758
258 138259 613892
259 59934 959310
260 62278 337627
261 319573 346843
262 689972 495643
263 127686 274816
264 456150 191968
265 399744 483958
266 226640 726994
267 984401 370638
268 120107 208042
269 134733 783864
270 910338 246300
271 32236 299698
272 762244 537485
273 710587 884693
274 947492 622598
275 816349 173941
276 656422 153418
277 504274 166826
278 603311 913466
279 137921 103127
280 178580 549864
281 739805 591170
282 441846 104984
283 955110 202041
284 726842 9855
285 375171 253566
286 666400 437336
287 142960 888337
288 681204 166154
289 842568 523146
290 892332 214219
291 136894 353023
292 13388 849879
293 744152 635469
294 285147 879416
295 415527 918066
296 481199 124878
297 408693 656772
298 579899 594899
299 156737 873906
300 856281 544432
301 42125 424345
302 730265 602129
303 37046 303399
304 140030 654394
305 422673 967841
306 628318 258504
307 687599 260513
308 68665 614927
309 182477 785074
310 525084 360210
311 45303 852936
312 153574 830738
313 211440 242055
314 707070 540831
315 851290 377805
316 26124 188174
317 100473 924490
318 585901 878390
319 665423 752874
320 781214 129225
321 452992 500073
322 354332 55316
323 872762 628263
324 971303 577954
325 445331 337844
326 887829 615906
327 22615 478475
328 518307 853951
329 323872 805775
330 16228 158655
331 637975 387155
332 873180 293447
333 514849 128245
334 904172 632283
335 387751 440401
336 643623 604522
337 339742 187240
338 472381 429397
339 830320 675099
340 312431 357489
341 918182 901295
342 524603 692635
343 739830 638969
344 314993 807025
345 409641 457656
346 974218 33140
347 365123 340813
348 485602 848469
349 160331 167091
350 582935 443364
351 797943 296204
352 265522 87842
353 419661 986534
354 91302 329980
355 738645 879338
356 538957 516846
357 396133 558571
358 184437 604835
359 22032 532367
360 807845 666379
361 967913 737080
362 49347 944386
363 642458 347419
364 338999 251899
365 767578 485846
366 338095 500339
367 936454 433093
368 818532 401336
369 505161 966031
370 508198 134995
371 616936 782626
372 999180 743261
373 489742 237138
374 983793 420736
375 698355 138183
376 509469 908431
377 399513 97089
378 105269 297603
379 359750 832429
380 269309 18325
381 481372 125270
382 821782 603650
383 262401 756330
384 517665 652872
385 68829 947298
386 621042 601296
387 834012 669662
388 156910 59482
389 337566 952258
390 839117 344854
391 987668 506570
392 982590 749253
393 4473 212824
394 678557 332803
395 170691 62201
396 883670 852289
397 897202 560899
398 513952 15640
399 948614 329518
400 586351 430260
401 899571 31534
402 581619 353500
403 150514 2899
404 925841 650259
405 92615 892444
406 619046 26946
407 661738 207107
408 134654 629083
409 228068 260883
410 89697 246761
411 807715 188147
412 66521 638569
413 47727 589507
414 19677 480511
415 519147 154011
416 133641 687307
417 859642 946672
418 725808 960722
419 844831 775482
420 614599 375389
421 984756 417674
422 243106 923930
423 254486 695523
424 785768 258632
425 513171 924445
426 995963 468103
427 810370 432339
428 296619 212264
429 171892 634946
430 627691 189791
431 158067 150358
432 35660 717225
433 907688 201371
434 783839 737808
435 952621 439130
436 843315 969435
437 747711 165251
438 250797 339612
439 377776 634181
440 341950 835463
441 417615 384730
442 852820 329356
443 995943 983282
