NAME : portgen-528-5219112
COMMENT : portgen N=528, seed=5219112
TYPE : TSP
DIMENSION : 528
EDGE_WEIGHT_TYPE : EUC_2D
NODE_COORD_SECTION
1 296238 904784
2 887782 332607
3 557992 775618
4 368866 694581
5 590143 982872
6 831096 638751
7 995693 118544
8 111621 579645
9 937418 716399
10 180275 889351
11 900220 935865
12 253263 563220
13 278235 22567
14 555095 484289
15 459293 87581
16 779363 561469
17 767162 371296
18 369946 889027
19 132055 135736
20 813620 911747
21 629744 655496
22 357480 38372
23 324441 548771
24 574455 814329
25 649257 356838
26 795522 127883
27 560190 254269
28 314235 734768
29 137622 516485
30 962660 668964
31 643562 233130
32 880960 678396
33 353128 175599
34 281270 957321
35 794102 562850
36 5190 123088
37 67142 823436
38 93829 772337
39 375675 998994
40 248984 543466
41 884945 38609
42 521628 790328
43 444018 546232
44 680508 88765
45 18168 194346
46 607757 174734
47 341633 250770
48 906557 506655
49 588354 534044
50 944542 552104
51 173095 575461
52 565344 105790
53 471892 756912
54 606255 769861
55 810250 768003
56 54259 48856
57 498317 768314
58 61207 468828
59 891496 630190
60 771838 846472
61 587245 747226
62 12778 241998
63 389754 429728
64 557744 961351
65 351544 336916
66 166082 605814
67 188743 480981
68 489206 836089
69 540292 753314
70 729121 975190
71 654735 50318
72 316926 171695
73 607100 860530
74 161955 99635
75 861015 476828
76 948910 627002
77 182499 607626
78 386022 567280
79 386717 84362
80 616584 635803
81 216620 852941
82 40739 835060
83 113267 3941
84 731929 326621
85 161213 200676
86 306872 791861
87 769175 295010
88 897562 960242
89 564726 405152
90 855976 822473
91 43011 473382
92 344767 715740
93 120296 313141
94 565075 353683
95 367714 485265
96 104160 213670
97 592100 528445
98 668317 862874
99 281143 21916
100 274133 646858
101 295803 756803
102 243659 38541
103 433816 475527
104 282235 466759
105 487329 72881
106 2205 33034
107 716647 131318
108 531642 2949
109 260840 512294
110 166743 250392
111 722798 710012
112 52488 514355
113 904872 550069
114 548201 730633
115 861193 422034
116 678007 97967
117 917822 783094
118 820268 9977
119 756735 213448
120 184098 117346
121 52300 52780
122 186940 117321
123 762466 394147
124 161182 77745
125 623572 118247
126 314672 550509
127 160722 852098
128 968850 197836
129 838980 460564
130 218273 423839
131 718792 68786
132 282660 369982
133 20580 949424
134 846093 599325
135 368852 137495
136 841767 183094
137 888721 48495
138 935720 172288
139 549290 200390
140 545504 707036
141 711089 87637
142 512360 437354
143 703241 609220
144 815306 547840
145 762514 870843
146 163883 157409
147 844596 46602
148 275579 869206
149 164059 138444
150 181601 590177
151 844856 960791
152 532240 916536
153 407158 227034
154 38149 723367
155 148856 359629
156 382529 291140
157 698050 347429
158 259955 561383
159 224190 236058
160 94403 151374
161 785365 707648
162 417724 778674
163 292638 880975
164 650853 972184
165 641337 708685
166 134139 825923
167 51533 185875
168 324506 419949
169 389587 164930
170 177399 141858
171 385030 579248
172 453436 611140
173 85477 456235
174 739684 65921
175 753964 394603
176 218352 191874
177 497107 472915
178 456038 18933
179 909258 346365
180 592030 987208
181 837447 873219
182 545967 6998
183 974598 803281
184 837703 86909
185 261952 803720
186 821699 158268
187 482094 699799
188 933021 593491
189 210541 944809
190 322636 273704
191 971717 304487
192 380154 654128
193 871238 260919
194 279955 44534
195 211276 521224
196 582245 302677
197 902977 373679
198 320158 226761
199 97154 753636
200 678118 491986
201 245693 794874
202 743285 480259
203 422886 913864
204 811720 842978
205 601676 195118
206 738978 864723
207 135089 70805
208 404962 534769
209 970241 172288
210 686839 747836
211 706127 84066
212 408791 769965
213 558026 26824
214 414983 1835
215 276913 19156
216 781771 367562
217 343132 127518
218 534726 106993
219 169398 309349
220 249165 336468
221 290678 107666
222 357695 463439
223 815097 498179
224 893886 133012
225 815653 293333
226 811778 95318
227 476723 658962
228 710215 878131
229 451741 615766
230 945532 315892
231 744466 502371
232 593813 265208
233 904440 631312
234 507028 671650
235 255707 906783
236 640883 837229
237 356635 393505
238 936058 610808
239 607343 749828
240 59749 679894
241 575083 799216
242 56302 961020
243 274690 279400
244 773749 77924
245 223078 903414
246 599965 497748
247 53641 342382
248 695585 453449
249 751030 964189
250 527380 204289
251 890836 144057
252 73262 135758
253 718250 12561
254 39016 515703
255 384271 430815
256 104382 373817
257 392688 42118
258 715927 246718
259 448729 251430
260 569622 450990
261 880281 542838
262 144269 51418
263 15947 496825
264 763966 220877
265 675254 923497
266 571792 91639
267 365557 628934
268 575512 201265
269 406528 14184
270 245092 27971
271 830670 522318
272 508301 772087
273 23133 57126
274 353478 2223
275 326435 198759
276 689482 530153
277 288934 603883
278 632497 799196
279 778500 444328
280 560245 516985
281 606033 24831
282 270610 356300
283 600145 582063
284 865516 620601
285 18984 658801
286 893239 446506
287 924995 370863
288 761508 350127
289 253904 540386
290 418920 216750
291 718324 319638
292 660631 158269
293 317464 546960
294 821029 9256
295 28789 993448
296 335749 785926
297 995199 586291
298 134732 384163
299 597323 137438
300 10578 673005
301 803221 813092
302 583302 109684
303 480435 369843
304 869522 130664
305 286419 85537
306 978166 769243
307 415538 566796
308 181235 820106
309 29631 684319
310 221567 215981
311 984740 728077
312 610022 345978
313 855579 80146
314 863204 815310
315 890427 391664
316 480605 123239
317 253967 333383
318 238584 949081
319 904099 93834
320 977033 497357
321 517328 136710
322 787689 812808
323 8708 607671
324 175903 649221
325 730711 54585
326 520959 782012
327 247010 618914
328 192400 679982
329 559125 249918
330 871100 531353
331 465743 775687
332 153630 789061
333 568208 841456
334 981554 602730
335 558088 573564
336 644203 380410
337 953607 166982
338 695021 202727
339 481067 991108
340 153577 175597
341 521021 613285
342 944210 359074
343 925920 704917
344 969608 464905
345 765174 397128
346 967526 301369
347 535746 403469
348 853153 136917
349 183103 620706
350 117786 805981
351 126604 184794
352 495643 555114
353 533563 907673
354 837802 887936
355 692993 487483
356 710373 94220
357 484743 473972
358 563827 164374
359 239941 750161
360 935907 431291
361 658352 360848
362 484943 752106
363 446960 459408
364 884767 398492
365 633418 787347
366 364925 593131
367 298115 666094
368 465224 426801
369 128542 470238
370 795246 761546
371 464975 219447
372 528997 333883
373 738775 606678
374 816426 783639
375 956509 393745
376 252149 784610
377 987287 330439
378 441056 533472
379 886679 829549
380 89890 106762
381 779131 367563
382 92689 931447
383 22507 490925
384 565222 150859
385 735196 957149
386 347948 456301
387 793651 542162
388 179141 873741
389 373560 154504
390 311050 913487
391 572729 55218
392 308602 526655
393 8216 997361
394 500441 366668
395 643586 974298
396 861578 977682
397 735041 838097
398 413597 8673
399 425796 986834
400 154741 865033
401 233117 661921
402 472589 43022
403 821015 196931
404 476008 460631
405 322222 443694
406 33031 520010
407 185962 115592
408 245184 801448
409 632522 254591
410 517849 13834
411 65129 578388
412 996117 870163
413 724031 686026
414 983712 750628
415 721147 982210
416 397732 912928
417 832282 867356
418 880455 52718
419 869255 193010
420 281471 206768
421 364839 245849
422 848819 629752
423 909169 283190
424 981564 864878
425 114066 727571
426 24960 675167
427 265687 172531
428 467300 320189
429 829639 605232
430 162566 768296
431 327675 282998
432 179160 115453
433 78854 787181
434 671191 556210
435 206422 961994
436 819883 767643
437 140525 790277
438 988873 389961
439 312700 823586
440 402862 403841
441 856387 378480
442 588062 952850
443 654534 114734
444 733768 716828
445 788501 93274
446 381527 313045
447 986587 319477
448 386884 597195
449 105324 58541
450 640879 519208
451 970489 157978
452 462015 710224
453 871184 646480
454 87105 312837
455 517996 352566
456 586421 112811
457 816731 69292
458 386769 14629
459 296411 859683
460 728569 481659
461 681857 612650
462 915331 687214
463 991504 661905
464 305627 430301
465 919093 342392
466 302856 999862
467 305589 50295
468 817420 743575
469 561748 518769
470 566080 639905
471 818322 874084
472 988258 306842
473 411417 768876
474 397714 299372
475 327972 724979
476 291567 675023
477 139447 298487
478 216351 970626
479 852388 411719
480 892804 127608
481 84731 568335
482 746756 878091
483 534243 712336
484 124552 509888
485 657874 617893
486 616915 997038
487 531710 3589
488 190091 6834
489 473203 616844
490 470862 20877
491 809516 893907
492 537496 791485
493 257660 734520
494 253106 427497
495 516052 105083
496 619023 51860
497 860894 948187
498 22989 821284
499 342374 984669
500 116751 404583
501 295672 780870
502 828510 307095
503 915463 397660
504 137526 347961
505 40826 481831
506 717520 424891
507 895667 787720
508 508584 32871
509 707440 798569
510 855102 712959
511 369962 139883
512 393137 253291
513 322220 836045
514 168527 224615
515 88126 792431
516 869307 125242
517 576017 989031
518 303356 384625
519 998240 749776
520 282900 224788
521 27080 454536
522 572395 803092
523 735121 479140
524 658722 607603
525 625966 186944
526 652756 117758
527 896542 324320
528 535275 170430
