NAME : portgen-543-5978974
COMMENT : portgen N=543, seed=5978974
TYPE : TSP
DIMENSION : 543
EDGE_WEIGHT_TYPE : EUC_2D
NODE_COORD_SECTION
1 934687 795422
2 129853 524483
3 618410 954935
4 568354 463317
5 64370 924270
6 889539 686981
7 8353 650136
8 787497 683143
9 467332 956038
10 271946 874463
11 390978 773100
12 934349 360885
13 373100 478066
14 647413 750871
15 965588 179471
16 225019 82639
17 685859 741735
18 124051 632065
19 881339 148088
20 170123 456223
21 646768 911804
22 781678 910073
23 154755 177448
24 279011 661981
25 941882 987948
26 745636 115587
27 500430 753087
28 307003 852047
29 109563 388118
30 400432 986344
31 73595 420266
32 293194 608146
33 277502 977735
34 905303 98280
35 495380 610048
36 404132 805350
37 14156 283998
38 128826 275390
39 272669 181262
40 53881 521052
41 368503 259294
42 350439 979243
43 105876 804753
44 789445 77713
45 464233 146316
46 726762 783059
47 652707 560074
48 52091 841418
49 897648 497680
50 781247 879365
51 904778 97748
52 608100 420829
53 619444 486342
54 765147 521186
55 647210 502250
56 62602 31849
57 923885 254115
58 259582 290535
59 767559 733119
60 556054 436083
61 80086 407623
62 317032 616015
63 705269 306384
64 197250 593326
65 664553 642484
66 510243 751482
67 534052 551631
68 458450 336654
69 335409 96324
70 719661 815340
71 37193 56325
72 521658 28149
73 66229 319138
74 466027 36691
75 854805 745707
76 644167 304322
77 833126 138763
78 369121 153296
79 563695 56469
80 962379 282790
81 150932 668823
82 801525 831870
83 465056 6276
84 510190 895736
85 187885 940443
86 824508 730867
87 878314 810346
88 791916 775764
89 574496 178269
90 246893 551973
91 742688 140781
92 630946 381763
93 491551 841419
94 949957 702182
95 86574 452173
96 826463 439672
97 908438 779217
98 990832 306325
99 178011 711311
100 236233 290465
101 744642 287757
102 789797 302831
103 3019 503386
104 673375 451363
105 647211 527702
106 203338 861513
107 969895 510206
108 456327 711259
109 760385 22307
110 841037 158731
111 828265 798879
112 659503 897420
113 195801 536750
114 941070 575483
115 807327 288529
116 102388 123133
117 531057 719191
118 348635 881174
119 170886 120740
120 925436 780291
121 81034 927649
122 861144 927843
123 623907 27584
124 780169 11017
125 583416 454081
126 365255 602528
127 903984 947703
128 188077 621508
129 756700 70605
130 954196 121845
131 332500 552635
132 525927 866920
133 446667 275688
134 369 42052
135 886299 428742
136 931090 749367
137 438891 386956
138 793475 225737
139 894894 711799
140 709342 574292
141 780049 870464
142 621286 685482
143 956028 549752
144 597206 664137
145 272523 72946
146 880805 128833
147 234441 496693
148 849201 331666
149 488758 474188
150 134367 398169
151 132689 68369
152 301675 9123
153 674031 494790
154 981241 218501
155 991674 638325
156 24302 92563
157 798081 881249
158 241039 203666
159 318194 29234
160 17718 115001
161 786930 526181
162 907684 488129
163 296053 862720
164 447692 429767
165 712924 298684
166 244496 676392
167 720125 71017
168 549989 687486
169 72382 740036
170 444442 752362
171 231557 567971
172 646418 157522
173 286016 354623
174 221149 746311
175 200639 986481
176 883974 58991
177 761263 835683
178 153673 456296
179 348244 230657
180 459134 986545
181 422408 241204
182 774059 239312
183 406767 456330
184 446145 640559
185 595233 886416
186 982517 571882
187 828594 31237
188 231026 727939
189 764917 72001
190 334455 839756
191 514475 217034
192 970633 726379
193 876276 3291
194 902333 480812
195 664250 93658
196 241341 431823
197 144803 558026
198 769844 659675
199 739377 615181
200 926496 558077
201 589706 149148
202 411856 360883
203 472006 666939
204 88357 34884
205 959406 150381
206 553963 867432
207 566407 365475
208 745203 990584
209 96401 216033
210 469467 747091
211 716953 830963
212 714063 37156
213 296710 833369
214 160026 467710
215 559230 564086
216 639581 730033
217 112594 184074
218 285792 647042
219 650627 605158
220 981175 885692
221 906890 686300
222 11344 917158
223 376705 410377
224 717760 107647
225 261316 936475
226 499648 271666
227 55950 362409
228 918495 859672
229 36553 227782
230 75090 824963
231 16312 483199
232 53708 73714
233 243491 867663
234 856087 649248
235 988769 334826
236 272823 988753
237 954716 532992
238 247443 445286
239 775013 351653
240 118660 437037
241 796815 932244
242 392620 734267
243 547774 156381
244 676325 38879
245 940582 418129
246 790955 1379
247 616388 646349
248 612868 918136
249 731583 478352
250 669715 931419
251 635364 366106
252 988987 824278
253 139659 567404
254 879046 321682
255 814634 762114
256 183346 997673
257 287199 656961
258 34008 14932
259 866810 407358
260 460846 325354
261 136079 377734
262 979532 57350
263 699461 906716
264 999766 130438
265 393332 680038
266 566239 453330
267 537019 356546
268 253690 799141
269 645045 735658
270 700259 532841
271 289570 268966
272 578033 615228
273 282049 413220
274 21846 559037
275 946888 706151
276 918370 601145
277 85020 989676
278 365179 182034
279 829087 632441
280 570587 340518
281 922359 143387
282 621423 281792
283 472543 914380
284 419640 671970
285 374911 620787
286 993086 307773
287 460470 754694
288 406983 534934
289 292714 989856
290 692171 517427
291 77629 367325
292 559850 52814
293 757679 422851
294 831906 255227
295 884002 339310
296 379501 973074
297 360747 79471
298 539755 981797
299 808496 823338
300 208245 747115
301 120505 31990
302 866866 429460
303 628522 551045
304 41294 32206
305 231997 942327
306 350127 573860
307 748438 231277
308 961016 949284
309 782640 541951
310 742037 490745
311 105884 596301
312 463724 627795
313 500282 961096
314 440906 31009
315 126172 855938
316 493639 260508
317 757858 749843
318 167299 503769
319 618886 328573
320 91797 808395
321 640211 289954
322 513190 393257
323 233426 783199
324 509350 732952
325 579189 578658
326 540891 777486
327 697166 352307
328 253476 859997
329 274131 117023
330 262160 124753
331 932158 712721
332 940408 423601
333 302116 60172
334 60670 355180
335 997851 177816
336 439934 49687
337 962762 163378
338 949853 328398
339 899135 111417
340 374319 640284
341 686965 323883
342 768849 1418
343 923779 780917
344 320099 334257
345 447727 107127
346 443098 263706
347 330721 913980
348 368461 590523
349 327192 349811
350 443403 905028
351 884064 397932
352 358632 938905
353 891693 217008
354 8637 695747
355 428527 472558
356 539898 939873
357 669295 155033
358 681654 668452
359 381999 26428
360 55140 711592
361 732980 710858
362 911777 92822
363 293752 42001
364 691055 23857
365 271684 732845
366 319760 203387
367 682890 901760
368 100385 747091
369 654587 613815
370 319764 255327
371 398917 293671
372 279116 736135
373 374147 732240
374 351929 237898
375 620228 326459
376 899468 303335
377 78127 710558
378 585267 680677
379 715042 456872
380 838519 144602
381 562421 394821
382 375983 173200
383 73641 246227
384 660757 933160
385 780886 949413
386 316523 144100
387 406199 728680
388 812123 429644
389 632731 201218
390 507555 613075
391 326959 234182
392 185337 127082
393 170424 924939
394 827404 509689
395 828119 854158
396 86334 721426
397 832929 370350
398 938803 254816
399 887471 550435
400 924011 944502
401 99509 150710
402 730343 7153
403 999500 665285
404 117997 951044
405 540134 660327
406 853272 205352
407 628752 984361
408 58267 840994
409 561892 5632
410 234396 818824
411 358756 110321
412 9149 836383
413 849904 165813
414 413757 399046
415 729180 146837
416 311647 681686
417 661084 847227
418 759802 121607
419 605430 200976
420 68814 329429
421 363047 821771
422 275293 9295
423 495402 976012
424 712277 996545
425 520446 772990
426 841058 488425
427 821254 777173
428 632855 417823
429 489626 883115
430 247351 877892
431 59855 917020
432 882229 210705
433 297280 31501
434 930058 619457
435 488958 82255
436 128717 565346
437 485186 461405
438 977765 870330
439 289066 231975
440 203528 432081
441 676186 530642
442 151694 851288
443 86981 394626
444 799456 450379
445 549947 728300
446 191548 985972
447 712017 986559
448 200711 797700
449 336584 813888
450 31529 625071
451 686945 480301
452 793016 88365
453 96803 310416
454 336730 969966
455 690192 238229
456 618366 39247
457 333167 519050
458 686344 73883
459 205003 895670
460 9993 499580
461 694916 116170
462 587928 863887
463 395309 648416
464 772330 396821
465 364601 667349
466 533600 319100
467 541783 965299
468 813714 636939
469 197474 632644
470 164943 13098
471 189623 903786
472 440385 50367
473 33384 75377
474 398043 848130
475 591249 552295
476 25370 939763
477 449286 364180
478 91471 367845
479 938518 827717
480 274650 459864
481 112942 704086
482 805023 677093
483 48606 714579
484 598861 282800
485 485666 610966
486 675839 356872
487 304420 457698
488 474209 755152
489 666884 223748
490 772415 27464
491 709897 944612
492 122170 904737
493 554407 829513
494 514076 864689
495 916693 99134
496 38077 914673
497 146977 553976
498 337258 832750
499 599365 982686
500 576157 278231
501 408493 174295
502 75715 563785
503 842397 80757
504 817592 544548
505 809773 261958
506 853768 73828
507 911023 175515
508 421786 198268
509 557108 251046
510 339835 215855
511 115214 616175
512 706643 207434
513 202473 501543
514 281157 740634
515 615301 393452
516 937559 122335
517 413975 510457
518 173695 636068
519 33589 946655
520 482951 356138
521 272404 263030
522 524854 700838
523 983920 421902
524 208030 939542
525 351502 835714
526 551593 858730
527 367385 182705
528 340671 286157
529 760320 565257
530 390090 206328
531 47168 870937
532 61597 453634
533 989553 590738
534 548974 210185
535 191594 999883
536 990238 617566
537 899543 504120
538 664261 256483
539 248790 523938
540 866763 916316
541 741223 715899
542 350544 408972
543 346283 66622
