NAME : portgen-572-1904514
COMMENT : portgen N=572, seed=1904514
TYPE : TSP
DIMENSION : 572
EDGE_WEIGHT_TYPE : EUC_2D
NODE_COORD_SECTION
1 278336 724036
2 626470 348489
3 482301 654761
4 279815 220930
5 725235 45970
6 59687 835107
7 807806 517628
8 838359 566479
9 811580 918608
10 385727 838337
11 567024 677276
12 314854 639346
13 387673 172962
14 518294 135195
15 63390 13247
16 344642 299509
17 140344 571208
18 326631 995512
19 610001 433513
20 151797 891326
21 511219 697382
22 25611 276254
23 601863 717770
24 669921 885541
25 648191 867012
26 55527 172082
27 712450 540776
28 453363 978827
29 583692 55261
30 21858 486789
31 44759 846302
32 69132 833909
33 534751 362304
34 809495 531552
35 915764 120588
36 896558 926038
37 270416 518714
38 782809 394942
39 964826 774077
40 185982 408846
41 589269 463033
42 113337 576601
43 968488 498340
44 230376 306435
45 36457 964326
46 186016 78449
47 517748 31209
48 994767 585180
49 426966 506896
50 493445 206920
51 752944 895843
52 699559 239344
53 277742 592494
54 58744 135849
55 572288 955023
56 748450 277257
57 18804 57531
58 300773 966310
59 328554 37922
60 839141 949571
61 935338 302599
62 38106 708844
63 367643 715
64 226479 31071
65 240972 190314
66 336197 828976
67 201789 230958
68 660395 312012
69 444229 55805
70 275828 2178
71 169786 192453
72 467293 86885
73 28988 883416
74 40342 808903
75 663565 994052
76 358700 395894
77 265923 303130
78 870723 923967
79 694053 468600
80 578948 965730
81 148265 2938
82 860021 570110
83 785237 555996
84 809963 931918
85 28542 417356
86 925967 519650
87 374357 845088
88 590871 539444
89 36676 734976
90 838120 443675
91 306661 757879
92 452122 275242
93 42049 333258
94 968955 631679
95 445720 104399
96 502048 512310
97 27262 858471
98 76210 650135
99 818096 622205
100 496014 489544
101 846740 305366
102 970783 219889
103 687391 600820
104 943771 990681
105 261081 537464
106 955012 62374
107 22879 474549
108 463681 635954
109 975675 1550
110 493899 135101
111 737899 187758
112 435903 538998
113 570616 620600
114 548866 154467
115 157697 990050
116 595672 45994
117 473895 300656
118 488663 244286
119 734999 977573
120 811560 406094
121 357582 967405
122 137779 310619
123 366499 314289
124 76407 488264
125 287854 455610
126 101269 663629
127 464507 505964
128 893871 800745
129 831471 670127
130 731226 443104
131 865820 966197
132 179121 854986
133 179882 987606
134 924594 712260
135 108050 149391
136 559547 487411
137 713695 38288
138 33832 74269
139 723250 929939
140 645126 769870
141 789129 878739
142 423241 714592
143 124229 629474
144 866873 618908
145 120773 501057
146 319691 22739
147 869523 662168
148 846546 870171
149 253710 99490
150 276786 292229
151 591039 146467
152 843137 517984
153 666480 222529
154 240388 749915
155 381734 264396
156 933872 212562
157 549353 230168
158 123412 843081
159 96674 516952
160 8439 309710
161 733896 825104
162 435474 815820
163 558352 413079
164 644273 195711
165 371808 811303
166 833881 973335
167 548204 380729
168 835998 576567
169 329386 193072
170 591179 281147
171 532800 349921
172 610469 811063
173 767161 494587
174 587264 53702
175 103815 433467
176 225897 57999
177 727682 465482
178 458348 617703
179 598263 462408
180 681985 89913
181 893142 47316
182 158735 100586
183 731596 583951
184 602093 738290
185 463007 628825
186 255816 42971
187 413136 574972
188 83813 675897
189 97421 969991
190 357471 940648
191 814816 181865
192 513725 281894
193 918161 786564
194 814600 447617
195 649133 252047
196 974474 591096
197 730064 962354
198 25330 489828
199 936784 35496
200 727249 91263
201 397166 617273
202 696231 163167
203 618650 44032
204 544273 445787
205 547321 671783
206 803103 150645
207 813275 429938
208 115439 302045
209 317252 196381
210 75255 241768
211 647166 566596
212 11040 371744
213 231659 638543
214 346740 249969
215 956322 39780
216 131623 651633
217 422669 685688
218 137545 664170
219 368590 83786
220 166455 616115
221 469312 618219
222 372361 407364
223 604880 407877
224 580056 358320
225 730694 386787
226 143087 686815
227 79174 687469
228 959640 745532
229 194603 10543
230 25621 954480
231 675442 460487
232 279332 931206
233 202470 184884
234 778283 405910
235 825058 707561
236 721989 958931
237 465686 688468
238 98680 960351
239 487422 323570
240 412103 486127
241 443940 336197
242 224347 1841
243 364337 671136
244 372301 491463
245 483217 952660
246 885886 962679
247 258728 458894
248 894126 510381
249 152533 683893
250 308684 644528
251 920455 256485
252 946216 244567
253 942847 806890
254 462467 77332
255 323131 288503
256 373230 703139
257 527325 72961
258 68593 712762
259 201758 820437
260 37079 692089
261 32351 94390
262 97225 180529
263 787106 465503
264 12715 221118
265 745621 291789
266 497883 410089
267 439 123600
268 112896 740800
269 808871 151386
270 933248 651575
271 469377 551863
272 454384 791127
273 920309 791496
274 865453 78198
275 671788 428622
276 497666 931414
277 938271 16894
278 146645 510365
279 256046 822615
280 131671 202046
281 998018 311081
282 144084 671556
283 819125 821366
284 248755 736198
285 152652 277097
286 847308 123560
287 148649 608456
288 194423 100936
289 156118 80331
290 33884 276741
291 209456 190099
292 89446 543575
293 293771 186802
294 266005 328882
295 304475 291529
296 492045 72673
297 998734 656151
298 804266 345817
299 403214 845927
300 596703 819372
301 635377 785122
302 44314 395047
303 219166 307566
304 841968 394696
305 723123 959842
306 244359 927164
307 518140 840142
308 710000 925345
309 312347 487932
310 867290 473308
311 418152 402827
312 139494 333279
313 641719 62186
314 79246 753602
315 389290 886856
316 258968 761422
317 357208 74041
318 32381 282292
319 671958 249304
320 833574 368425
321 874454 778072
322 461592 831167
323 873376 89217
324 933178 665454
325 14431 742079
326 266571 649611
327 456636 709847
328 560404 873955
329 427914 970272
330 362665 936873
331 635608 592663
332 561121 354697
333 85387 466286
334 465571 686973
335 966765 620782
336 992166 646892
337 473501 125210
338 206736 768541
339 946190 429647
340 772875 767764
341 634271 108973
342 390937 452416
343 251248 666304
344 200300 2510
345 988653 566095
346 816720 984985
347 282539 212792
348 376258 227562
349 304571 336381
350 624430 104835
351 143026 503531
352 892578 246666
353 107808 157597
354 258673 4220
355 458598 894099
356 673655 425404
357 981618 796569
358 120152 650623
359 310124 348329
360 978438 857825
361 161715 129189
362 62543 861929
363 477755 488635
364 754313 226834
365 17402 49139
366 509867 941970
367 971049 878775
368 94109 208867
369 127355 594367
370 332263 600625
371 356179 851970
372 24071 130827
373 404380 687531
374 922441 420609
375 735036 887623
376 473248 77736
377 318979 575290
378 594967 201056
379 532482 13803
380 152557 898940
381 30242 664306
382 671956 857973
383 537919 821684
384 401332 850791
385 392189 432621
386 728181 889515
387 613293 90815
388 384577 83978
389 810209 487253
390 266961 276699
391 956153 740510
392 74277 118461
393 18897 845561
394 270013 113075
395 340856 272424
396 807535 276564
397 202178 899642
398 872443 466664
399 238676 933256
400 746250 320401
401 877321 435188
402 153647 458336
403 931469 732737
404 3458 200517
405 556392 749406
406 931042 419406
407 672947 880133
408 91405 753678
409 462127 772314
410 985529 71255
411 583008 468076
412 104540 71787
413 555300 292993
414 735867 154956
415 159346 651840
416 80519 609692
417 930860 517555
418 345657 536747
419 67563 194144
420 27056 265219
421 383433 497699
422 127546 269600
423 689416 339458
424 172023 130390
425 344342 579450
426 730796 83719
427 773910 94409
428 239881 267629
429 504327 636092
430 112679 394722
431 665173 809314
432 173461 291172
433 365973 433342
434 291859 403346
435 190716 751946
436 581654 331737
437 427972 406079
438 340458 499288
439 694166 10131
440 831905 287670
441 788666 99775
442 42277 764623
443 986666 271205
444 436230 639687
445 151582 912314
446 244887 664217
447 3427 275109
448 683564 51696
449 69727 721467
450 929141 190128
451 645292 161892
452 298485 56671
453 790783 631020
454 41442 9286
455 107743 968676
456 831398 864639
457 484509 200365
458 149834 956
459 805887 898352
460 607608 314276
461 363615 570392
462 474204 588
463 106654 419762
464 33251 371300
465 615295 709438
466 457845 684880
467 902388 863228
468 456271 924026
469 615266 841911
470 614789 985710
471 465317 537878
472 32079 837305
473 548699 674495
474 190013 2838
475 168454 263801
476 18444 698426
477 106171 219703
478 732282 960411
479 259504 435256
480 600399 866757
481 15754 199531
482 394496 122032
483 503359 293520
484 832560 647204
485 651666 475338
486 810942 803049
487 729897 343806
488 295832 665188
489 464220 254500
490 268305 146243
491 160258 597995
492 770901 748537
493 693683 258314
494 290384 780355
495 359869 162751
496 91466 968061
497 190245 139451
498 174767 662268
499 807980 688273
500 541473 883510
501 210275 935512
502 734532 22211
503 103543 420448
504 927525 357634
505 526019 473968
506 670027 479148
507 75386 437648
508 775291 47693
509 9285 255044
510 947264 841090
511 485540 144286
512 105731 768155
513 265063 875430
514 68516 707685
515 240263 875383
516 737662 106586
517 728481 794337
518 476215 681110
519 522609 333252
520 973246 645990
521 249028 35339
522 833091 518778
523 677210 947179
524 862330 422089
525 874388 299337
526 593751 100294
527 448010 666089
528 145848 103689
529 207031 940195
530 545996 422432
531 897839 594273
532 384387 880029
533 224939 634688
534 646056 556607
535 760437 828111
536 185362 587195
537 380656 647927
538 247339 385245
539 696276 439641
540 622307 161374
541 668399 128321
542 161689 817830
543 977544 143389
544 722198 848451
545 569397 841527
546 35053 966001
547 572814 145134
548 460627 661832
549 654682 185163
550 271439 291965
551 250902 422688
552 799782 713013
553 630937 465430
554 938604 630179
555 688545 2458
556 381490 358579
557 370798 704468
558 387378 931838
559 21458 239252
560 419401 563107
561 980006 460892
562 285168 468472
563 577209 762674
564 787413 667643
565 16990 781908
566 446640 66097
567 751095 619849
568 779883 309820
569 757522 457220
570 430451 45706
571 121931 482946
572 429050 6289
