NAME : portgen-574-3184155
COMMENT : portgen N=574, seed=3184155
TYPE : TSP
DIMENSION : 574
EDGE_WEIGHT_TYPE : EUC_2D
NODE_COORD_SECTION
1 667056 312129
2 245667 265207
3 659051 221440
4 210167 59596
5 625352 7852
6 724020 817801
7 346159 447676
8 687868 599048
9 882589 453220
10 348484 679467
11 445868 301305
12 337499 773541
13 17234 441597
14 689719 737700
15 400371 318271
16 850939 848127
17 56621 182244
18 737128 747793
19 119141 788991
20 859493 670319
21 63527 5194
22 428574 228643
23 229115 261007
24 439607 963602
25 633205 540979
26 93788 472316
27 152913 741999
28 269085 818928
29 255508 63422
30 528079 911258
31 102298 421175
32 200103 955032
33 944325 718826
34 389226 117516
35 218561 426861
36 159441 918987
37 820014 807504
38 585679 973552
39 148392 595499
40 504455 198305
41 186088 626296
42 209620 489113
43 215972 429763
44 648024 101588
45 237919 18301
46 358567 1625
47 570430 432631
48 510878 144539
49 185179 621070
50 642964 255562
51 112615 844107
52 459146 434899
53 354891 467491
54 262695 663800
55 526026 839321
56 170904 153920
57 825502 509777
58 552690 100672
59 850745 767471
60 444154 799785
61 533646 768155
62 474551 962998
63 314245 315333
64 459841 385114
65 452613 118188
66 710857 484591
67 69473 665134
68 27401 32167
69 800794 699843
70 936423 115299
71 579018 880553
72 657434 438134
73 484655 590411
74 527073 607432
75 118386 195544
76 684698 800065
77 168456 524776
78 544705 628023
79 774634 794012
80 407498 322723
81 666697 562851
82 727377 410726
83 260303 290351
84 496486 387368
85 25121 962278
86 573598 243313
87 649084 248609
88 115086 733581
89 599699 949775
90 418292 686222
91 540699 665829
92 977616 129890
93 451490 148005
94 757214 658746
95 404830 737049
96 535681 413425
97 674721 974144
98 541701 335705
99 231468 408824
100 323047 751074
101 990712 577298
102 189139 432164
103 654844 18869
104 822448 38566
105 73285 396700
106 870808 115887
107 389181 670448
108 787041 253271
109 888130 753232
110 869025 924598
111 58883 87662
112 64321 274047
113 971566 996300
114 54173 216920
115 593765 96217
116 911132 561132
117 876490 21592
118 815413 424811
119 276647 307167
120 342848 198219
121 259874 3982
122 789720 480231
123 678166 448019
124 349104 400674
125 2578 545400
126 281531 14547
127 815059 226829
128 839942 429579
129 700807 167547
130 616750 230032
131 742221 515280
132 695718 875065
133 136825 866826
134 326167 908949
135 992281 339022
136 904167 487456
137 750654 323625
138 643067 44335
139 272603 837491
140 434105 541986
141 295493 886626
142 600170 363732
143 353995 395851
144 865414 1424
145 884766 948587
146 98644 367697
147 314886 3825
148 294051 772418
149 253327 466095
150 837164 633831
151 175416 511612
152 966569 460591
153 249906 394904
154 414376 451327
155 872833 444090
156 564164 699382
157 282780 668162
158 131388 374524
159 200394 691892
160 581014 364407
161 613498 860071
162 71785 358450
163 163606 392555
164 520887 290063
165 73718 248162
166 629958 821276
167 964658 990014
168 977822 596110
169 603845 932008
170 232343 979471
171 195457 173522
172 420410 520359
173 335089 238572
174 295912 956435
175 840219 901495
176 251531 963264
177 392376 589002
178 3872 354140
179 546954 976554
180 482768 653795
181 791058 482368
182 218983 893361
183 248633 390642
184 278972 762421
185 333072 892815
186 78611 243958
187 851673 679519
188 112875 650233
189 467695 482782
190 354578 809466
191 845601 544332
192 807294 419922
193 457103 147590
194 602292 71296
195 741381 587180
196 317138 841424
197 598935 339528
198 900860 951498
199 321848 740891
200 407483 684856
201 770877 813129
202 601857 30752
203 55894 707198
204 155969 972454
205 131898 856281
206 751847 475657
207 235172 895588
208 336657 949634
209 883433 879455
210 992501 297134
211 68793 538081
212 354937 648216
213 121938 265481
214 642101 820921
215 623624 405677
216 494263 495241
217 350884 498296
218 57619 369943
219 309160 911705
220 83265 507469
221 264156 722837
222 78795 444247
223 518386 779057
224 486487 950718
225 217589 635379
226 309397 500927
227 117266 1806
228 190592 275636
229 462245 103561
230 973133 685950
231 398037 244263
232 889188 624429
233 592125 29009
234 396862 790924
235 377202 557599
236 463147 932714
237 661865 357122
238 987736 567866
239 420815 353131
240 457623 846301
241 803235 538540
242 847787 937674
243 7639 249999
244 606052 726455
245 906171 28609
246 973081 518235
247 534503 525665
248 44321 331441
249 60972 721673
250 456510 950519
251 358242 133356
252 493094 371287
253 832143 770857
254 653139 179591
255 994167 940593
256 669583 735790
257 197389 944523
258 712869 879802
259 709760 363523
260 580107 260683
261 968037 675189
262 334414 426682
263 199357 329791
264 439620 290577
265 524978 216879
266 914726 241223
267 358964 517030
268 176718 67445
269 341150 903263
270 224805 127837
271 540239 242529
272 146347 645487
273 60571 297891
274 183821 107821
275 326307 714530
276 891821 770394
277 196694 239631
278 35793 117018
279 774392 976063
280 194569 764697
281 429707 749875
282 954786 866329
283 400353 427054
284 589442 551902
285 883952 414978
286 695980 601939
287 37215 865576
288 368862 197643
289 478495 94782
290 390888 82338
291 555399 463556
292 96007 760281
293 787172 164850
294 286437 492634
295 116676 749663
296 478003 789247
297 19311 809827
298 431856 938299
299 205313 280771
300 276625 862928
301 819395 89038
302 716932 243969
303 159131 428264
304 674386 436412
305 452458 870942
306 830581 281757
307 859386 444906
308 286693 640459
309 730564 144959
310 434473 462054
311 221740 308671
312 275277 21023
313 595582 606942
314 885007 793245
315 706445 940597
316 523256 42082
317 642323 519946
318 251756 273641
319 604169 651101
320 473587 146713
321 434286 141477
322 58161 654622
323 527922 169332
324 513970 998288
325 214244 824914
326 53292 412067
327 574325 336027
328 339672 777313
329 446714 196986
330 992212 885489
331 824095 23285
332 962825 305745
333 436656 689103
334 223596 204764
335 916983 117361
336 126488 732275
337 930714 609558
338 408761 809672
339 734345 939249
340 681350 818269
341 160227 688021
342 801033 820955
343 116502 499970
344 79256 336578
345 83289 562652
346 50044 399405
347 734117 356225
348 20224 702010
349 210763 448602
350 245860 718249
351 434987 574721
352 316937 395975
353 664687 365271
354 611034 753370
355 219525 839702
356 698056 110136
357 113696 429559
358 835445 424689
359 289167 606599
360 285520 734646
361 478340 774993
362 958903 198733
363 682374 551766
364 415338 534738
365 944871 43490
366 198638 980974
367 719723 841648
368 120212 50090
369 574324 371473
370 985510 691812
371 210802 472656
372 51057 348643
373 84312 275050
374 440501 535383
375 673851 468458
376 286671 676025
377 503731 202370
378 519611 454012
379 854997 475288
380 275763 614596
381 790946 239560
382 767859 527713
383 628899 225399
384 59079 765053
385 345246 560394
386 984187 753784
387 932748 817062
388 447974 802314
389 271262 756532
390 679122 228362
391 696768 940049
392 258975 330274
393 252544 959077
394 213114 192010
395 212748 894813
396 991011 809271
397 26226 425116
398 707624 457018
399 539908 233994
400 900668 281998
401 3788 683968
402 856261 445489
403 771689 346622
404 417050 173456
405 949826 560534
406 240897 662987
407 262540 380949
408 623584 981675
409 213333 342743
410 820088 171881
411 685491 825084
412 864384 63248
413 556605 300218
414 897522 487259
415 45373 101352
416 385264 97806
417 806706 118587
418 987465 33781
419 677509 878025
420 706689 270868
421 745743 870371
422 371921 40867
423 209321 165927
424 944886 962978
425 868510 407405
426 559496 52648
427 188621 799316
428 896733 905982
429 877262 737673
430 458023 737907
431 669112 539024
432 466766 678957
433 814790 370525
434 291065 221672
435 171627 457657
436 36788 250355
437 474233 412683
438 612385 632842
439 636463 65067
440 166515 650623
441 422956 159848
442 29235 307465
443 432239 846240
444 631039 127749
445 303797 616939
446 742715 455837
447 706397 249032
448 234080 495387
449 396137 959238
450 428482 576479
451 529463 879818
452 796462 217886
453 984448 399647
454 23412 881155
455 367077 50493
456 274942 749512
457 433876 841084
458 995191 213275
459 832626 217734
460 444876 319403
461 974388 331827
462 793189 595148
463 928194 156969
464 453893 256346
465 428234 212737
466 609430 755307
467 697990 116022
468 375680 673444
469 725972 188150
470 312273 218964
471 13613 413304
472 682872 984393
473 642551 410887
474 662647 111248
475 320837 77110
476 41494 139790
477 531003 215744
478 967049 774155
479 181827 680440
480 842205 311004
481 673675 835261
482 568881 148113
483 36879 861638
484 66639 449483
485 198533 584304
486 550628 721378
487 896896 367766
488 277909 834597
489 800824 577445
490 628099 154038
491 975142 773452
492 414141 117230
493 539062 774168
494 186425 549877
495 79142 514042
496 606804 276489
497 989617 727969
498 668335 292235
499 516407 315106
500 706484 807953
501 610063 85201
502 483149 166799
503 101968 268041
504 725649 413772
505 676681 192880
506 587729 631950
507 601297 328162
508 704199 397186
509 845644 840912
510 479777 744644
511 345230 751533
512 742998 390579
513 974240 465426
514 238229 730097
515 265798 9867
516 108947 387052
517 900763 435218
518 566308 343191
519 172154 85978
520 413031 141876
521 928523 345513
522 70100 334497
523 168812 855271
524 533490 599037
525 753728 202909
526 54006 786310
527 49308 696616
528 699006 223010
529 184438 47930
530 600490 758776
531 95886 639671
532 740 534805
533 264357 242216
534 561850 266800
535 159350 848927
536 863695 246607
537 87183 276868
538 690638 558920
539 702224 46381
540 691573 751230
541 280988 190298
542 129606 507021
543 913980 469275
544 386311 365958
545 170861 324092
546 781341 905354
547 926627 564103
548 278180 681915
549 258330 793231
550 643859 609892
551 153047 487108
552 907463 2498
553 921920 863707
554 656703 542286
555 782635 229730
556 836699 818479
557 877069 276398
558 977434 190531
559 713043 436637
560 256624 582442
561 983885 768618
562 622941 549458
563 695880 376587
564 339143 84684
565 354947 826931
566 902216 159937
567 263746 461842
568 914530 462508
569 313229 853207
570 529586 723449
571 756232 949674
572 109333 588418
573 340206 12723
574 282413 377169
