NAME : portgen-467-9610549
COMMENT : portgen N=467, seed=9610549
TYPE : TSP
DIMENSION : 467
EDGE_WEIGHT_TYPE : EUC_2D
NODE_COORD_SECTION
1 847966 180807
2 979295 991831
3 88627 10213
4 136343 823418
5 130314 507039
6 574941 130953
7 966164 293059
8 689467 992774
9 623222 166663
10 287429 784477
11 879 239296
12 391331 761928
13 771614 121033
14 506049 427765
15 645591 358456
16 3259 918502
17 670267 816530
18 353722 589120
19 262663 721330
20 164090 411901
21 851866 686487
22 951077 137273
23 47556 272902
24 442722 691520
25 43513 727711
26 485949 320138
27 426707 686314
28 779457 929464
29 510539 162764
30 638108 499507
31 747549 415012
32 659327 718413
33 655172 888454
34 179875 828891
35 245503 416564
36 550051 931702
37 123149 559718
38 298528 680741
39 812589 705017
40 982471 842150
41 610493 343284
42 789656 146083
43 610906 588246
44 259174 951853
45 161357 465268
46 409245 433772
47 475827 747526
48 861849 920164
49 563337 391359
50 838744 366815
51 460313 737704
52 709048 201362
53 117217 142664
54 530482 280623
55 75407 191210
56 670289 558685
57 1407 172840
58 90262 313776
59 939185 911801
60 856564 735008
61 325116 788515
62 990146 878687
63 956251 812346
64 222653 921786
65 442500 155864
66 150259 531965
67 629610 791260
68 171861 51807
69 341877 616816
70 55820 297129
71 649060 347372
72 95289 426348
73 140152 620729
74 443626 597139
75 791274 49502
76 697510 641551
77 948859 682880
78 216556 928347
79 108094 917788
80 29501 65410
81 800787 913665
82 224802 778277
83 542150 322916
84 463396 575058
85 32687 469533
86 870150 342046
87 120526 807061
88 37498 683565
89 839655 307265
90 662131 27903
91 704252 304865
92 892284 377089
93 355077 236593
94 307162 851332
95 249110 848944
96 588411 766818
97 584128 586287
98 426979 307013
99 226846 288228
100 388850 456587
101 781073 136360
102 935007 763371
103 345250 392644
104 749266 571769
105 327803 979962
106 621185 256762
107 668677 180557
108 476998 33968
109 329537 638515
110 351297 235136
111 96070 175168
112 186208 576100
113 688459 733789
114 407039 357154
115 461810 644853
116 934298 267886
117 979462 682169
118 406717 447490
119 636187 711726
120 900091 321108
121 907056 668647
122 500034 13973
123 752873 413243
124 580609 8027
125 897828 693190
126 899974 869691
127 826417 743996
128 522288 513187
129 156898 252837
130 356654 897760
131 756456 37539
132 671678 6695
133 72906 952538
134 756727 654704
135 427684 63755
136 453359 321509
137 740686 658107
138 335161 226379
139 348750 442211
140 53811 175272
141 576890 154201
142 500 564050
143 888396 896758
144 596207 972766
145 609263 454179
146 690762 981483
147 284041 836335
148 867749 585547
149 927960 841926
150 678811 526493
151 64492 138397
152 954216 722555
153 116299 745773
154 869190 262367
155 855599 625530
156 916979 184131
157 643574 902474
158 206997 774973
159 753497 835343
160 138946 487358
161 24577 914800
162 975892 901191
163 999263 314961
164 367292 18130
165 541808 589388
166 357189 86383
167 586612 428281
168 258293 392759
169 510626 98026
170 357052 113423
171 143260 760864
172 833820 121904
173 429601 775962
174 5590 382850
175 837072 552788
176 218254 909829
177 300118 89423
178 169303 978109
179 551785 525934
180 464262 723539
181 235147 771164
182 905314 742176
183 482269 156114
184 350310 521670
185 472873 431035
186 769382 370647
187 998271 586158
188 269104 114748
189 614682 886469
190 731887 21153
191 763175 841358
192 553867 818268
193 354240 586025
194 181068 844435
195 946011 102178
196 42448 988956
197 625153 926016
198 344040 772613
199 762593 247662
200 852799 314853
201 161279 119121
202 650962 815918
203 789612 376896
204 355961 481849
205 735182 583278
206 797040 707349
207 579923 362084
208 681091 246191
209 146010 979298
210 398135 709656
211 393521 102648
212 668870 158019
213 269755 650261
214 719684 182352
215 796545 892208
216 758786 132833
217 151286 148609
218 224112 55825
219 261435 191783
220 137177 108049
221 440014 201770
222 446300 236355
223 708656 939799
224 320085 467133
225 656260 693779
226 52928 580240
227 451117 960591
228 556066 28446
229 967835 502353
230 591805 733786
231 115460 164178
232 344672 627133
233 143263 595270
234 261049 343567
235 653428 741291
236 926105 678877
237 323037 704356
238 656727 813280
239 651531 708279
240 601952 241309
241 682425 217330
242 590546 62758
243 776747 594607
244 788161 524153
245 5345 628842
246 794776 917867
247 538354 395885
248 181944 761137
249 878733 741944
250 579627 895375
251 288268 611806
252 865180 414951
253 11353 835597
254 989694 388358
255 183843 961459
256 240285 443682
257 497007 962963
258 939010 197593
259 625823 948786
260 445189 382126
261 716537 519104
262 763939 758052
263 453023 314299
264 813696 908085
265 693002 821129
266 823586 263172
267 524435 640493
268 1024 238743
269 720323 627583
270 123748 579154
271 968784 839374
272 78963 623219
273 912304 275671
274 153927 780302
275 942862 867644
276 947440 970647
277 48941 758498
278 71789 25095
279 87370 224687
280 413927 772609
281 115274 362110
282 264610 604689
283 992674 400911
284 364718 873788
285 50658 663338
286 43665 845520
287 5924 577544
288 434685 745889
289 470163 5441
290 686262 427927
291 226928 589009
292 494158 920392
293 705855 461475
294 998562 919745
295 647819 600113
296 874025 846534
297 576924 460409
298 535488 123263
299 833449 501419
300 188533 166415
301 805508 148486
302 94039 514934
303 640716 358430
304 476488 128549
305 52643 610313
306 26533 167625
307 576867 813813
308 898584 268740
309 785186 804201
310 69201 869411
311 567461 863298
312 685255 884243
313 857830 895179
314 751481 490989
315 936828 76254
316 269401 341614
317 952798 75949
318 401393 59303
319 12141 680344
320 21807 437115
321 676289 194361
322 850544 778407
323 32651 10726
324 161279 692681
325 602578 640308
326 371781 342459
327 564590 112278
328 897013 463894
329 195687 18090
330 113541 581412
331 346289 796143
332 106741 615527
333 934024 832172
334 317080 798460
335 781162 887858
336 107460 92504
337 201622 428892
338 497629 225001
339 298708 572976
340 987229 393936
341 699492 733390
342 377448 355416
343 729965 473257
344 234872 337270
345 141925 569221
346 742222 213681
347 899182 133949
348 329654 583784
349 992738 421651
350 280778 807649
351 712018 588302
352 705451 208641
353 940816 638391
354 965011 209174
355 382312 423756
356 229021 858416
357 876165 544320
358 839189 132607
359 896961 972791
360 285873 350239
361 839434 895429
362 517681 973512
363 175840 519158
364 387052 992980
365 488076 859238
366 259990 89533
367 190664 563473
368 164915 841075
369 857225 833128
370 516226 597357
371 576295 262081
372 51396 791685
373 729787 846793
374 695999 925669
375 958109 810495
376 196731 999757
377 933574 421540
378 547658 622485
379 397638 141978
380 43726 99740
381 781165 131882
382 692948 784955
383 847460 966939
384 807019 84479
385 814533 992396
386 436608 971292
387 14682 475377
388 153507 839676
389 961854 96141
390 425853 553355
391 121519 245074
392 949254 388336
393 78072 128108
394 396585 405708
395 716012 197975
396 34055 772746
397 18595 523830
398 160749 605003
399 247399 576019
400 638178 890110
401 884938 599857
402 499815 404754
403 688976 951657
404 50503 545238
405 343467 419550
406 225899 991929
407 425966 845750
408 65684 8419
409 113287 169117
410 624206 242456
411 719540 231000
412 446301 924422
413 107457 836750
414 471476 609927
415 786401 201849
416 789173 416616
417 752674 6303
418 327455 129590
419 819107 103504
420 322651 69653
421 14820 227467
422 781502 473555
423 478435 803055
424 326445 94173
425 416372 323998
426 133527 637471
427 789617 436328
428 100937 468321
429 847182 493512
430 77299 559385
431 132549 946998
432 222586 273813
433 404729 998432
434 210426 952411
435 367315 262628
436 681973 19114
437 752745 300207
438 108929 82068
439 441382 9972
440 823484 639136
441 989567 977963
442 532628 227015
443 69300 842174
444 194030 478861
445 601573 329022
446 919163 866696
447 736189 60022
448 387680 995706
449 474721 481294
450 364625 396366
451 361672 316472
452 270688 777236
453 334430 155563
454 104843 562601
455 367028 258762
456 274291 368321
457 891939 748277
458 640222 265853
459 210809 162563
460 886133 409022
461 523711 729131
462 587785 970948
463 900956 365501
464 748425 975508
465 965777 953366
466 977225 878780
467 642944 564721
