NAME : portgen-488-82937
COMMENT : portgen N=488, seed=82937
TYPE : TSP
DIMENSION : 488
EDGE_WEIGHT_TYPE : EUC_2D
NODE_COORD_SECTION
1 911415 162020
2 535385 240641
3 226367 473244
4 700964 998686
5 859089 81541
6 427809 516631
7 522893 949536
8 99670 555614
9 912008 562229
10 272515 233880
11 571063 101636
12 178326 395345
13 380893 79075
14 62394 122155
15 68632 965439
16 381670 632426
17 820839 564116
18 501113 113558
19 363712 912383
20 160917 900292
21 167790 103916
22 563007 495222
23 207114 842220
24 743603 427385
25 274793 619912
26 436360 258960
27 946593 939297
28 92223 278988
29 341180 971269
30 739528 112808
31 109532 788580
32 837769 958797
33 913750 323893
34 953623 27670
35 742421 257450
36 812011 484622
37 287436 652603
38 797519 312102
39 155042 239028
40 303121 101904
41 737894 91125
42 382627 955823
43 855906 593090
44 794657 862042
45 650365 177220
46 159934 336041
47 169962 903466
48 88280 683168
49 816479 910404
50 697703 895012
51 687177 504574
52 124264 172888
53 882017 345235
54 876333 990770
55 83391 499133
56 484331 479138
57 320903 562307
58 952874 773491
59 618618 934303
60 870516 230581
61 507413 43219
62 329967 847409
63 570272 307436
64 360357 114548
65 770585 452284
66 435769 164272
67 155637 803987
68 617573 258756
69 770221 820319
70 2949 82415
71 974471 860354
72 991525 419784
73 669806 116714
74 6073 322553
75 333194 780843
76 322811 701931
77 139818 245419
78 459242 522905
79 348937 320276
80 555315 623261
81 575014 56013
82 987820 975
83 524661 623977
84 487612 901119
85 892500 836159
86 767417 296065
87 601109 89672
88 907770 805482
89 903400 84548
90 388166 47367
91 958499 40081
92 559232 147324
93 877270 379756
94 176451 154661
95 279326 993595
96 771144 869102
97 927819 166789
98 314998 678406
99 259244 901853
100 512013 864324
101 213314 921525
102 934386 285826
103 822343 282730
104 142698 992494
105 368149 79486
106 346454 194275
107 40950 561719
108 852117 705911
109 128194 821031
110 685977 846255
111 364732 585759
112 389105 28176
113 622845 845891
114 361679 315282
115 267328 625040
116 662783 910906
117 716399 308680
118 700913 764224
119 999130 997513
120 295207 171358
121 251561 355420
122 468683 433071
123 628863 185384
124 479996 899642
125 543944 469106
126 316727 943962
127 634524 886973
128 201540 302407
129 205126 625705
130 584913 58119
131 283599 145185
132 697287 196790
133 827924 991034
134 725591 607878
135 932856 666732
136 225915 228551
137 277086 216870
138 529527 420769
139 951235 502132
140 826635 320437
141 640764 735973
142 730368 209209
143 341441 517598
144 213619 519608
145 480755 709879
146 38632 391252
147 64656 628475
148 945443 23010
149 78333 251813
150 903543 208093
151 234149 977864
152 73007 223507
153 828342 580754
154 213593 425314
155 545531 683942
156 88788 685518
157 144949 875034
158 19487 892347
159 80528 68811
160 251347 804914
161 912700 473778
162 704334 724762
163 432582 248050
164 155543 53578
165 388528 948773
166 207175 525920
167 956600 142692
168 231648 955246
169 591023 855334
170 189722 449094
171 437070 144807
172 268260 675841
173 797178 564853
174 686917 339893
175 195892 697392
176 867466 24755
177 863284 954770
178 917 708229
179 21263 930314
180 991858 873095
181 989731 358259
182 235592 96437
183 246872 943981
184 417257 469108
185 77855 454633
186 205429 740634
187 872919 553955
188 937447 887944
189 610494 749564
190 723845 724352
191 226787 225228
192 61719 515432
193 959042 848916
194 290327 860163
195 895820 287667
196 537988 121914
197 777478 735089
198 243664 696435
199 271888 714305
200 738393 909234
201 954359 937353
202 616048 471539
203 470604 642237
204 963035 347851
205 995728 152001
206 417902 161099
207 34493 704191
208 335107 867816
209 580781 500503
210 852773 550436
211 672093 702952
212 730715 168621
213 500273 268076
214 124585 401379
215 83350 295210
216 924909 262642
217 753835 571844
218 306450 65687
219 190735 357528
220 180325 91225
221 268134 789823
222 7390 345384
223 615574 835036
224 391199 608857
225 234815 975587
226 571849 870508
227 630955 443182
228 984325 691717
229 183517 44204
230 165089 404917
231 451502 605507
232 167526 904503
233 883866 628078
234 153709 689109
235 88616 500071
236 476616 971923
237 265687 877185
238 978586 801584
239 71996 287532
240 184296 808556
241 84559 80381
242 236290 678432
243 843708 319401
244 95116 849332
245 687977 678372
246 911978 501625
247 268911 680253
248 614609 296211
249 524135 130204
250 366797 813990
251 763039 103667
252 424560 426259
253 891028 491468
254 634218 952522
255 599474 664923
256 596601 334185
257 356226 486716
258 492938 949876
259 336595 487273
260 289893 587655
261 103942 23504
262 322311 274626
263 737032 372949
264 547362 839428
265 986157 487118
266 167365 119474
267 688057 519373
268 211955 750374
269 724154 749573
270 185493 893831
271 982805 607842
272 559438 100322
273 574429 888473
274 179313 994284
275 943220 241659
276 748848 684707
277 144047 879679
278 646624 643564
279 415610 905187
280 214304 140654
281 767313 884644
282 767028 705643
283 682117 988758
284 774746 255904
285 912286 604465
286 770563 342311
287 544052 48234
288 838807 419235
289 879457 442632
290 628002 93467
291 957338 642174
292 625124 845503
293 719804 282721
294 352445 982413
295 837255 223196
296 975627 468249
297 837286 581028
298 123267 640494
299 63790 511204
300 261515 155194
301 9016 736681
302 366282 849753
303 284320 106673
304 59582 298544
305 159874 363903
306 291118 433196
307 67932 991107
308 165026 299063
309 47357 185999
310 582375 41622
311 924967 263542
312 994389 757092
313 595449 33881
314 976029 694299
315 763913 732133
316 359652 580913
317 282757 264099
318 802348 524142
319 574242 634017
320 680476 420740
321 235363 166445
322 400037 795632
323 298228 712084
324 473860 80194
325 985579 89386
326 664465 369491
327 747290 529381
328 795542 428103
329 453923 102182
330 47404 760178
331 532430 425565
332 618067 739134
333 128539 124672
334 33159 272299
335 692878 452942
336 825203 967163
337 200420 492989
338 377157 555476
339 516251 465008
340 961549 167345
341 579958 873846
342 646895 3734
343 199703 934086
344 962845 543623
345 135559 677675
346 490983 301943
347 941138 227534
348 595536 268199
349 966025 907047
350 418475 742752
351 195833 8851
352 118644 818233
353 509427 790618
354 722596 743556
355 329677 861455
356 465258 910299
357 966623 369728
358 269195 230486
359 484426 390533
360 143597 860339
361 158647 126111
362 853823 950126
363 257109 816351
364 848518 382187
365 983562 586539
366 832880 772695
367 135330 100094
368 702087 669658
369 907223 277166
370 734539 969217
371 449659 572311
372 400026 275219
373 519028 364871
374 448120 991012
375 970424 779185
376 419681 583837
377 923485 831935
378 909871 423137
379 873521 18550
380 116145 839768
381 883395 445429
382 9017 360460
383 411795 892946
384 510273 691403
385 850700 904323
386 782366 493414
387 420108 364411
388 440658 574809
389 202625 21887
390 40254 833971
391 942830 829967
392 266041 143793
393 703144 387451
394 763678 774869
395 688298 809141
396 159385 215819
397 426466 830215
398 186850 956245
399 152202 35614
400 834561 944218
401 162246 426232
402 950757 136453
403 836354 589713
404 317796 779692
405 128791 522420
406 659459 98651
407 330251 307004
408 680383 667575
409 18962 178801
410 173609 455550
411 740744 474658
412 856842 906482
413 742077 356134
414 542656 283655
415 528057 850944
416 257013 422933
417 893096 517834
418 174511 844179
419 499716 959037
420 463410 35568
421 368488 584876
422 601260 232748
423 68396 684727
424 358976 519984
425 88138 830716
426 413588 868547
427 507557 983616
428 687204 739313
429 533136 432922
430 961941 992175
431 89997 358759
432 316282 93223
433 153931 74583
434 497391 97502
435 238607 995655
436 308598 498978
437 90663 342893
438 41961 872197
439 967100 873225
440 219277 2763
441 822998 109733
442 321713 535881
443 760946 898254
444 106650 799873
445 363903 99928
446 346787 402213
447 720429 467754
448 726970 869509
449 494213 258366
450 190787 196199
451 717626 485751
452 300707 85374
453 7718 303854
454 546833 971675
455 222670 788950
456 632662 733263
457 69019 862013
458 645387 687784
459 638329 848528
460 366252 284421
461 580369 239024
462 906715 42408
463 278029 822847
464 198271 5288
465 335175 738106
466 325363 995424
467 650555 430327
468 370101 89735
469 40714 459699
470 890493 73162
471 259924 258122
472 433620 79481
473 519558 107763
474 495498 678020
475 189725 904122
476 671238 488925
477 923191 452681
478 870836 722202
479 835196 870379
480 715273 917983
481 263140 87134
482 81181 149508
483 529025 374539
484 299642 989537
485 342455 537624
486 192285 960308
487 658803 462130
488 613183 91444
