NAME : portgen-455-4424518
COMMENT : portgen N=455, seed=4424518
TYPE : TSP
DIMENSION : 455
EDGE_WEIGHT_TYPE : EUC_2D
NODE_COORD_SECTION
1 682680 422580
2 593436 221510
3 384213 365280
4 628319 543094
5 676277 127631
6 921680 298216
7 856292 544466
8 714695 480586
9 266945 748975
10 646304 478522
11 113724 585864
12 933446 762422
13 461045 944023
14 947143 220210
15 520921 277277
16 357626 699768
17 385677 6482
18 755764 994629
19 885393 800827
20 603844 522239
21 229919 578971
22 58619 290559
23 799158 129443
24 869493 507276
25 925605 388385
26 329878 888203
27 482889 175239
28 965477 982912
29 36903 586953
30 465746 389584
31 479886 827492
32 939250 154038
33 897711 342709
34 239596 565733
35 745307 585252
36 611093 759669
37 823370 257918
38 148644 225520
39 102974 758206
40 796944 478133
41 907120 360190
42 754464 131337
43 797390 530133
44 760517 231639
45 108771 413055
46 755033 319660
47 55519 18591
48 911146 470250
49 755601 800700
50 141914 573637
51 26469 111287
52 710331 447471
53 481265 969687
54 133739 351552
55 377849 435344
56 222394 805263
57 478182 52690
58 634550 160225
59 771972 920658
60 242891 427460
61 587108 438895
62 423818 171669
63 558782 499806
64 49337 375898
65 776653 178956
66 91781 751421
67 380357 361600
68 255739 101856
69 882008 701773
70 496786 637165
71 758161 839859
72 988747 681310
73 825947 316137
74 895842 883850
75 459809 411340
76 420912 379702
77 24047 962958
78 481856 275048
79 730929 348730
80 191731 379408
81 87679 431965
82 854766 740683
83 677182 382534
84 816515 796871
85 226743 318412
86 264383 888122
87 460848 831551
88 6547 207405
89 414847 460860
90 689813 283733
91 768876 700607
92 184167 397244
93 91276 659815
94 896654 639673
95 684417 873204
96 285341 85136
97 475030 178373
98 372781 870038
99 379010 157196
100 674762 618541
101 901289 434982
102 194037 176075
103 642463 720305
104 195535 626803
105 871681 822040
106 378393 91256
107 664313 318526
108 94067 2542
109 956935 676393
110 367902 807144
111 3523 659318
112 122108 608202
113 417122 829401
114 694085 284772
115 189087 286241
116 11870 788044
117 589178 867772
118 905340 677620
119 36293 865640
120 303176 88733
121 702880 220261
122 271770 877273
123 869681 626022
124 963027 866827
125 761250 543380
126 175953 94237
127 968108 388520
128 606670 113245
129 845803 326264
130 270735 964843
131 684011 329895
132 323626 782947
133 119160 158132
134 819485 787039
135 448845 468045
136 39515 90107
137 915142 824521
138 631190 909285
139 691209 733588
140 1531 303877
141 983597 367820
142 14037 224244
143 602229 681975
144 464418 806230
145 748611 747207
146 858134 249254
147 416794 835131
148 49218 612772
149 305118 447248
150 246082 960395
151 934812 229439
152 865296 457372
153 559783 808133
154 80200 743864
155 786290 924695
156 648826 39573
157 577653 523527
158 106709 434757
159 913100 488495
160 733729 506388
161 853013 372236
162 540956 488450
163 533233 810075
164 224811 457769
165 264738 823057
166 829085 947345
167 947297 76835
168 655050 944024
169 790166 490509
170 117535 167472
171 768874 975923
172 72501 242222
173 894194 485898
174 708297 928343
175 301897 239143
176 387960 847349
177 182509 423025
178 131309 987467
179 282142 788460
180 802321 615758
181 17966 589690
182 626329 618818
183 155820 672903
184 967071 335430
185 629332 620811
186 726459 984756
187 186597 494586
188 118427 5664
189 189726 117930
190 357140 545766
191 527933 436350
192 655447 648980
193 805090 239394
194 321015 328479
195 921014 982147
196 976952 454735
197 861176 496724
198 441012 784117
199 789325 577915
200 123795 888530
201 296171 590366
202 571203 756131
203 711209 951610
204 191901 533529
205 617935 891915
206 666451 953662
207 867445 820174
208 638805 563230
209 728514 129605
210 177805 371702
211 883577 389156
212 211635 740802
213 324639 136093
214 413553 430465
215 783376 166817
216 813762 656196
217 499995 465225
218 879314 574270
219 568905 835273
220 10174 241859
221 510880 191409
222 150673 549312
223 98569 587796
224 243100 120374
225 172084 304919
226 370564 358860
227 794538 956978
228 74768 639974
229 90371 105977
230 876817 136938
231 382705 356628
232 523355 376075
233 381034 475042
234 802989 318133
235 721604 51009
236 320130 608139
237 957521 872886
238 1138 524717
239 594617 254656
240 666034 684664
241 45721 307576
242 553648 646437
243 784112 457134
244 132841 123920
245 84190 404271
246 771281 250771
247 113668 959164
248 921729 902740
249 233888 277787
250 548173 573852
251 993179 988443
252 454340 487419
253 259197 62987
254 805211 148101
255 172865 617633
256 507133 966450
257 21786 472545
258 365657 131933
259 242959 564190
260 454345 478293
261 241154 525202
262 769960 147751
263 57830 331686
264 153799 470101
265 613688 938151
266 719505 446516
267 81790 48400
268 177531 79271
269 285789 81102
270 280779 652178
271 214174 568650
272 669574 605897
273 163117 246078
274 480811 965916
275 901334 590043
276 748941 763786
277 664098 610022
278 854347 546662
279 906652 405940
280 309887 179926
281 777197 724108
282 867321 520687
283 403458 938482
284 296876 415889
285 309428 119578
286 651122 277042
287 662856 864302
288 729351 477368
289 861103 159938
290 293404 511167
291 425033 747859
292 160214 433762
293 160953 995396
294 579195 561103
295 644941 239049
296 782394 869900
297 771674 161200
298 1056 937132
299 905794 805272
300 876545 685748
301 384975 320873
302 672512 390166
303 165010 1082
304 603572 230335
305 449068 858950
306 967467 345549
307 760998 70838
308 397531 907296
309 952434 706120
310 519630 466326
311 32687 491603
312 539343 623679
313 734603 330248
314 604530 272689
315 699292 728269
316 873796 630767
317 710869 434454
318 543700 79484
319 986860 89375
320 36230 253656
321 42962 873074
322 41473 178614
323 206361 290790
324 330557 147995
325 426597 670808
326 332602 633104
327 105980 148276
328 811952 754207
329 610004 238057
330 846466 85525
331 14222 514196
332 194105 195412
333 815987 94393
334 304075 582383
335 864476 106740
336 576739 804438
337 279523 848822
338 133724 399582
339 385623 391067
340 811726 980396
341 720244 366472
342 426223 613766
343 714046 359600
344 436662 515456
345 618466 449307
346 775408 404476
347 224899 929490
348 676916 238524
349 593551 192651
350 44890 806778
351 905167 939489
352 336269 446200
353 950563 966129
354 206881 492214
355 434229 452352
356 317544 94547
357 619591 397159
358 310117 609745
359 289296 264614
360 518495 577463
361 500841 111424
362 537493 57697
363 201573 637250
364 468169 833322
365 898258 167594
366 192701 893409
367 956838 359373
368 662852 625696
369 746881 29064
370 303648 104301
371 70303 172047
372 996960 41003
373 948465 663984
374 866983 167201
375 727916 39666
376 770354 760228
377 294393 877295
378 614077 11757
379 982651 976895
380 783348 324866
381 219248 177817
382 188565 329928
383 382049 145496
384 97586 578588
385 448693 646132
386 742762 122095
387 536698 478829
388 807108 740613
389 817031 660197
390 443619 189815
391 654599 491274
392 49974 573391
393 948346 14883
394 704844 626910
395 977324 517355
396 528110 168293
397 580370 657516
398 361539 948208
399 635349 518131
400 233894 207851
401 846953 206785
402 723582 538101
403 385067 279080
404 710253 721001
405 928948 599194
406 306913 355741
407 999570 265992
408 796756 50954
409 597447 531049
410 968388 433841
411 510146 579455
412 344693 240842
413 799179 535976
414 398513 998596
415 93762 528027
416 30360 96029
417 731249 844425
418 882902 298857
419 491703 783982
420 776634 897391
421 417436 173794
422 658521 543483
423 7209 948655
424 823599 339527
425 858336 825562
426 549695 636753
427 424368 705866
428 177491 750924
429 475536 879156
430 655198 86209
431 787376 926270
432 944366 31556
433 181757 133118
434 697219 456086
435 258782 848101
436 227355 257919
437 672712 142826
438 884146 873393
439 155086 638827
440 63350 48255
441 60440 519356
442 343397 7553
443 740650 104089
444 151662 699692
445 662667 749783
446 601638 35616
447 525200 928533
448 670036 159516
449 501082 515694
450 659337 133816
451 793568 184772
452 276177 810081
453 765122 30338
454 293355 416815
455 965215 73402
