NAME : portgen-431-7703559
COMMENT : portgen N=431, seed=7703559
TYPE : TSP
DIMENSION : 431
EDGE_WEIGHT_TYPE : EUC_2D
NODE_COORD_SECTION
1 439872 989102
2 727726 525082
3 434085 34207
4 542966 17135
5 799989 620374
6 967072 514521
7 881863 948829
8 413664 277060
9 33234 348537
10 562417 391875
11 847600 821780
12 667336 155161
13 364803 293524
14 231255 310466
15 568316 437910
16 756342 149558
17 881943 886381
18 276283 319248
19 905770 239139
20 244595 64175
21 657116 988556
22 710269 977302
23 632124 81711
24 823335 825131
25 258554 756310
26 95592 430193
27 117441 526974
28 544105 290313
29 107158 841344
30 248799 114836
31 128436 303826
32 772539 735814
33 963258 978515
34 804251 904561
35 316704 331953
36 453725 208102
37 89983 806107
38 296282 417406
39 704338 140361
40 611056 74489
41 186365 389911
42 61667 453479
43 309473 452516
44 377018 146129
45 923123 297768
46 514997 1208
47 922434 912642
48 610450 449013
49 898573 904162
50 681019 214717
51 377373 682973
52 214075 184064
53 569944 705681
54 368526 663961
55 217500 91588
56 913294 961028
57 918220 951030
58 599839 127228
59 381391 859897
60 125363 514244
61 79941 900088
62 223541 101986
63 954579 770751
64 994027 905918
65 236162 590601
66 48880 40376
67 922860 519467
68 161194 225336
69 471690 110636
70 853640 182245
71 71124 517121
72 20765 408878
73 217826 614908
74 777666 820447
75 958062 839698
76 454986 992654
77 668000 90418
78 165837 336996
79 760112 694607
80 22870 344607
81 233991 257889
82 810321 35255
83 20464 396173
84 940262 509341
85 733203 984931
86 349561 560944
87 901834 285665
88 59258 87287
89 232088 133123
90 936149 617583
91 10639 299419
92 883047 891554
93 356609 790991
94 230055 887605
95 499003 765020
96 285073 962348
97 377433 868709
98 832684 510180
99 615287 735100
100 349620 130539
101 382819 644543
102 884298 340479
103 829059 155566
104 109606 776445
105 733808 374846
106 106941 872507
107 195604 257849
108 59533 271643
109 880456 941611
110 202571 510284
111 780886 205162
112 159720 602664
113 602111 705017
114 676645 561355
115 456605 903691
116 977680 455643
117 399314 561303
118 510641 138131
119 103815 625198
120 832020 84966
121 910535 288443
122 685033 988718
123 984134 79911
124 802627 774768
125 266597 127666
126 833534 53931
127 278495 445929
128 152858 927176
129 245228 322994
130 829837 690927
131 51751 484408
132 944424 648842
133 464310 818498
134 187473 206885
135 273715 979621
136 469015 105687
137 675013 74905
138 676750 726954
139 926666 713791
140 449805 674935
141 459789 353651
142 731517 765677
143 851939 493271
144 511218 750472
145 96992 692142
146 950657 896929
147 351482 852398
148 615950 804848
149 613429 610128
150 311968 257179
151 153245 88836
152 324963 591662
153 667876 479883
154 322413 512817
155 593989 659587
156 415958 494755
157 226002 137694
158 740270 154822
159 132925 92026
160 32891 659462
161 205069 577345
162 894917 16535
163 826376 380179
164 780723 83351
165 407028 196867
166 404540 413849
167 119801 790218
168 258976 965033
169 127649 593822
170 25407 697117
171 360346 419191
172 717580 437530
173 487073 373312
174 2011 334947
175 26021 235771
176 24124 530078
177 203099 115101
178 852639 739395
179 969034 534744
180 332686 702843
181 352234 728590
182 487409 896871
183 299240 996766
184 777175 788471
185 650621 366957
186 152810 797978
187 66004 797120
188 635338 674990
189 374246 779816
190 163896 86981
191 411145 245979
192 750664 704185
193 844633 675950
194 926439 222929
195 490977 262210
196 187858 339177
197 943201 658449
198 544307 562367
199 353187 920460
200 802191 812082
201 999066 222195
202 171051 939040
203 824625 778144
204 779413 498913
205 270467 176689
206 812956 746104
207 43767 70475
208 514984 13056
209 785388 828960
210 352564 736872
211 643578 856715
212 986280 838538
213 367891 930614
214 626926 126963
215 972494 857193
216 895577 875332
217 509348 987207
218 274024 665040
219 202211 680188
220 189200 831576
221 890561 97479
222 870365 754104
223 618631 331143
224 352897 104663
225 290558 613692
226 935441 226224
227 947965 944998
228 916505 123734
229 712846 183844
230 665016 159584
231 575933 99224
232 309713 438891
233 286128 715477
234 875739 289662
235 451844 183841
236 660159 680725
237 538401 738871
238 801431 417354
239 908749 41281
240 922033 244157
241 217768 443082
242 461947 812909
243 281260 796353
244 565618 70456
245 701079 558547
246 789301 912549
247 228344 5358
248 171416 209835
249 559077 131493
250 952672 201277
251 422393 311615
252 182630 46401
253 395924 492359
254 764277 135055
255 663737 120152
256 558115 642389
257 482765 106469
258 370283 663383
259 870879 304354
260 267475 76292
261 156399 744245
262 336989 250566
263 761448 348544
264 498094 492000
265 342946 309072
266 653077 773694
267 377544 801880
268 686041 575378
269 960317 355477
270 442626 617876
271 925473 261263
272 802981 624786
273 402147 45056
274 575559 977777
275 243909 822871
276 711740 67077
277 788546 643600
278 548200 648698
279 934071 380749
280 360359 820546
281 532042 408799
282 692428 45861
283 194679 296851
284 839407 857978
285 704321 325226
286 87824 893102
287 60444 444603
288 364551 89322
289 955698 693389
290 702366 112750
291 414473 117345
292 131640 522400
293 777030 244277
294 81265 331682
295 607201 389190
296 735970 102338
297 651156 117399
298 530051 32370
299 200818 358378
300 260235 312825
301 89358 882170
302 275410 131159
303 408398 594395
304 935436 266146
305 866569 303922
306 567432 602388
307 773547 971169
308 84576 429703
309 757642 575028
310 515809 162308
311 96032 481029
312 597743 391496
313 235868 205654
314 617691 929285
315 36204 770155
316 153885 689551
317 826819 398444
318 545317 812084
319 343797 160471
320 437824 347326
321 486634 506237
322 815873 444893
323 293157 254941
324 504595 259660
325 881531 324397
326 414679 271533
327 322174 490079
328 158940 399806
329 55350 876966
330 585842 596313
331 250598 774965
332 828322 519242
333 817287 61195
334 786515 328654
335 678012 829635
336 925108 497982
337 693497 191412
338 747629 824499
339 158855 107663
340 232555 836062
341 150303 740724
342 343443 439890
343 519557 378919
344 861229 307576
345 581156 484122
346 25569 15142
347 482458 608189
348 422218 988652
349 812739 624460
350 697264 468657
351 96085 396931
352 27104 45468
353 174093 673954
354 928090 882283
355 970522 780020
356 538576 747774
357 295810 101719
358 570744 235455
359 292507 220133
360 97024 828635
361 248455 162054
362 631390 209354
363 733549 528177
364 470878 648028
365 17318 73674
366 896409 276571
367 137141 452535
368 297485 402529
369 444914 241723
370 869146 284101
371 86412 641096
372 210552 752521
373 235666 863514
374 383752 273103
375 874640 894041
376 517773 164710
377 607141 623590
378 572248 819514
379 259789 574568
380 747983 771563
381 229040 686367
382 13137 686420
383 693608 897480
384 537221 543289
385 866053 707230
386 851703 19403
387 345493 202982
388 310861 83745
389 554912 7800
390 637106 914034
391 268387 896309
392 900045 245755
393 844633 210042
394 263434 450721
395 758926 400004
396 865307 901625
397 375669 161915
398 432397 67008
399 295603 7569
400 441659 151921
401 308601 375952
402 635997 960605
403 625654 621463
404 264665 361386
405 778956 362206
406 556080 809068
407 815642 347978
408 906255 327415
409 310697 851221
410 254022 626599
411 601877 529652
412 101629 714132
413 398628 475751
414 383406 384887
415 577328 689397
416 819079 193526
417 228843 274900
418 357954 459319
419 80667 552066
420 339499 517218
421 899344 412212
422 196698 132327
423 798127 335655
424 799995 661537
425 763287 956646
426 683602 910715
427 430240 752261
428 332841 115075
429 147108 361097
430 602650 166334
431 540796 712598
