NAME : portgen-403-1772910
COMMENT : portgen N=403, seed=1772910
TYPE : TSP
DIMENSION : 403
EDGE_WEIGHT_TYPE : EUC_2D
NODE_COORD_SECTION
1 119396 749249
2 782764 141850
3 206857 935445
4 608457 59478
5 580750 850029
6 872556 931143
7 293018 700880
8 128896 531590
9 278295 913552
10 693216 629130
11 139739 657171
12 700332 372379
13 597832 544514
14 583265 885904
15 154401 261141
16 145629 63779
17 578539 485415
18 489664 110113
19 964117 708710
20 24704 282624
21 294760 357295
22 43198 769868
23 872372 186826
24 880290 953176
25 267650 274140
26 755696 36039
27 728527 628470
28 417154 55617
29 170710 297349
30 652185 96744
31 971328 899746
32 34774 298126
33 555269 515260
34 887945 523149
35 828508 942069
36 651300 325118
37 645902 419076
38 873434 103700
39 928643 71861
40 955225 542215
41 373804 285915
42 233718 57657
43 289813 245883
44 29005 280412
45 930146 974403
46 222168 440968
47 880202 82635
48 631324 969641
49 711393 624122
50 896434 768671
51 258183 808428
52 997951 725435
53 900336 469780
54 802320 670870
55 338657 171271
56 26611 890297
57 367203 677781
58 874576 530359
59 19543 952139
60 666802 585627
61 803867 263823
62 626714 59836
63 683886 842871
64 327167 920467
65 518739 403653
66 301379 257772
67 733204 783954
68 515603 483506
69 918711 555936
70 183080 759453
71 226339 76866
72 613610 344518
73 170536 958344
74 814253 820366
75 398748 788452
76 642474 790926
77 105382 492780
78 467292 410
79 75224 213997
80 209831 416830
81 551068 246383
82 487789 579203
83 944931 949745
84 276687 22685
85 507245 916231
86 716106 199177
87 553390 878349
88 943152 12940
89 158440 133934
90 592544 683475
91 767647 113169
92 710635 101909
93 852585 54995
94 769982 154000
95 839022 565858
96 206818 896026
97 48691 266849
98 43346 27162
99 523475 735260
100 401365 157595
101 799904 680319
102 227821 715272
103 20805 529304
104 80291 3473
105 640195 412296
106 230428 921223
107 374974 643973
108 210011 655041
109 197692 220940
110 535857 917768
111 426269 541426
112 621319 349649
113 116326 35787
114 971355 838118
115 857544 413848
116 932649 154967
117 493738 180247
118 453047 846423
119 738195 66661
120 891897 197543
121 857303 549042
122 618143 921253
123 139588 665392
124 274707 699041
125 150522 7559
126 55806 685357
127 877716 987517
128 224946 644937
129 186580 47574
130 262224 174381
131 791109 13629
132 111576 442652
133 554993 681385
134 303080 453720
135 504385 544619
136 380334 498650
137 70417 528297
138 861962 740911
139 663709 633801
140 124703 471389
141 849206 923780
142 575893 683162
143 622738 919019
144 43390 51085
145 625253 771662
146 543343 284474
147 562276 347277
148 817208 358652
149 478625 89845
150 59291 398676
151 1682 640905
152 574338 679133
153 158352 132026
154 109464 194554
155 364778 305926
156 601546 135494
157 422321 490562
158 631038 506635
159 451353 764298
160 625443 196341
161 202760 213234
162 394429 105708
163 542937 739429
164 924312 391283
165 369945 729935
166 631447 469155
167 269023 818777
168 869843 713712
169 501459 85331
170 52124 116103
171 467666 279092
172 425641 428911
173 568901 330108
174 890045 456568
175 804340 77779
176 434340 87341
177 719899 329355
178 767228 532526
179 371882 755560
180 809290 444640
181 630566 24132
182 142430 248674
183 838259 322453
184 709852 993409
185 921660 300930
186 616589 994784
187 959958 547664
188 762001 115419
189 493335 65073
190 338479 10410
191 367546 168751
192 581993 925305
193 99369 607314
194 326725 20348
195 980517 547389
196 3859 508049
197 163670 751193
198 499513 472881
199 319134 877977
200 666910 453482
201 836772 824971
202 118088 793929
203 710232 265589
204 505347 794593
205 229986 159913
206 205801 351534
207 775043 261900
208 440780 122517
209 860462 391236
210 749161 365377
211 3319 831875
212 326498 468178
213 464157 791618
214 876696 166029
215 837431 496412
216 610072 698741
217 835086 178565
218 804609 16012
219 393708 320093
220 484524 976852
221 746852 935489
222 271187 615140
223 544069 171983
224 181551 695492
225 287036 707895
226 596185 153105
227 40545 170498
228 843410 138031
229 989885 939522
230 989320 694220
231 871880 185254
232 310069 253134
233 413061 270312
234 80347 159902
235 717831 268797
236 940965 164969
237 104199 41265
238 769192 850214
239 791330 156000
240 624767 326125
241 801733 937173
242 176708 143211
243 624531 424817
244 388672 581951
245 765504 534297
246 935665 233805
247 602261 215727
248 35886 581882
249 831289 229921
250 845948 693854
251 380653 25551
252 70724 960911
253 906162 659011
254 976396 897333
255 545967 418592
256 749359 407933
257 174018 455022
258 758554 638075
259 582992 94341
260 217248 831178
261 439022 850425
262 313954 23976
263 888144 915414
264 94245 143288
265 135102 110180
266 873818 893996
267 610032 206175
268 576766 393799
269 763155 721685
270 384657 986455
271 841825 294330
272 364703 934326
273 95274 85239
274 919850 578285
275 327583 120471
276 487637 688001
277 94818 735767
278 820035 486656
279 415518 864549
280 384144 512362
281 895855 254710
282 512676 559511
283 576766 455028
284 43229 239692
285 359748 673314
286 718224 4707
287 766758 96777
288 343541 751021
289 755607 578187
290 203940 401487
291 499896 229696
292 759143 622740
293 214325 619108
294 381319 50520
295 629408 121737
296 350570 523463
297 361937 711342
298 268231 837118
299 527572 267926
300 590784 344253
301 329632 341663
302 374344 926096
303 620574 257940
304 928857 472078
305 521442 200927
306 105337 364997
307 235140 262407
308 161792 372392
309 892772 801334
310 291280 739648
311 927456 775303
312 648907 15495
313 343682 376561
314 630362 840662
315 476202 85600
316 822163 283528
317 56745 3013
318 296149 134898
319 994555 496735
320 460947 841932
321 726336 579984
322 759240 889760
323 194280 575266
324 874556 346442
325 367659 891669
326 206756 686909
327 791723 505184
328 522089 46104
329 284918 371331
330 629946 485676
331 263385 432122
332 11130 679509
333 474591 525352
334 605757 345380
335 68127 586526
336 497835 546330
337 433674 399610
338 532892 240547
339 983580 143723
340 493405 297578
341 91643 259030
342 210715 990525
343 822215 390041
344 272397 377236
345 528421 770797
346 529140 649174
347 428607 874421
348 344097 180005
349 146310 359629
350 356867 953733
351 591686 730833
352 853036 70081
353 800026 947725
354 476194 801197
355 682969 132048
356 773706 907681
357 842909 859149
358 956535 614210
359 3514 136709
360 335412 294585
361 379042 246128
362 988513 114394
363 994840 767002
364 693294 363593
365 599583 585167
366 764352 182382
367 460753 361357
368 523871 183961
369 416121 351566
370 33990 208004
371 386526 135687
372 41823 233836
373 391755 283012
374 660661 314213
375 879580 577094
376 486711 782716
377 760045 771700
378 189380 409303
379 270079 491678
380 546209 616065
381 531604 124627
382 767207 474964
383 745521 638018
384 865858 609073
385 467393 673523
386 953548 689301
387 257129 758317
388 807874 596325
389 486082 216812
390 925014 585536
391 496923 201615
392 817383 983518
393 53563 639725
394 415175 985789
395 615835 885852
396 318103 807047
397 884172 360467
398 254456 697225
399 878558 283506
400 425961 795429
401 796929 443849
402 389198 294044
403 80171 285096
