NAME : portgen-412-9242357
COMMENT : portgen N=412, seed=9242357
TYPE : TSP
DIMENSION : 412
EDGE_WEIGHT_TYPE : EUC_2D
NODE_COORD_SECTION
1 919845 454288
2 460028 70680
3 970970 380244
4 424901 376402
5 960457 364067
6 914992 472188
7 769658 14040
8 92414 156615
9 756112 464455
10 549239 662229
11 847913 365260
12 270530 197910
13 269309 802126
14 616605 245861
15 88779 736715
16 873089 96173
17 398055 432070
18 826561 138764
19 263747 387949
20 997084 158602
21 824342 299711
22 63137 647658
23 872905 255536
24 403060 583854
25 685316 797537
26 322126 67244
27 797999 33965
28 624658 823672
29 56232 27958
30 244118 832206
31 116497 36952
32 379317 801854
33 539724 615281
34 409051 121999
35 141135 836877
36 753555 172257
37 779138 751701
38 340102 780669
39 567260 236564
40 573251 445637
41 745894 588646
42 1742 256573
43 620217 836136
44 716855 596201
45 892346 211280
46 729712 141747
47 246813 160207
48 405047 652085
49 520572 311435
50 307556 92235
51 688275 166496
52 10602 239679
53 51643 733479
54 65501 541426
55 413747 788521
56 106816 460030
57 135612 32838
58 102493 974749
59 790138 219110
60 396807 887639
61 94708 97615
62 814443 48900
63 148601 587059
64 161654 539459
65 700057 606623
66 715167 25834
67 822816 784729
68 338820 285863
69 453034 968904
70 154079 645468
71 45998 497744
72 199394 4707
73 116572 632097
74 327304 197913
75 11605 817988
76 490430 981113
77 611377 700933
78 377067 662441
79 343679 225872
80 900858 765780
81 280444 96597
82 387346 768279
83 742523 609071
84 260636 130905
85 916265 470395
86 647444 592225
87 207505 578819
88 397208 113595
89 486237 113510
90 671832 486160
91 243379 935781
92 638600 934277
93 326178 618570
94 638487 54537
95 42206 729748
96 25227 322129
97 52638 683683
98 998023 453773
99 290239 620575
100 607498 2976
101 145859 213794
102 526080 525445
103 574608 554648
104 342512 677100
105 374754 758496
106 23954 289142
107 183666 171109
108 740552 958315
109 43958 703662
110 770255 288750
111 318832 640060
112 523406 913288
113 324535 433650
114 66144 682060
115 4210 842560
116 771082 809137
117 738755 913335
118 462206 954237
119 752115 467490
120 193724 367862
121 574612 934824
122 284281 753455
123 410916 385166
124 798722 139350
125 359148 564372
126 387628 608179
127 616364 764938
128 231894 336722
129 475038 612745
130 63239 620370
131 802533 875021
132 483375 6892
133 183884 89129
134 4860 430210
135 760192 355386
136 159592 904608
137 344514 205882
138 901121 710652
139 23695 758468
140 681394 987813
141 958611 453399
142 618821 383840
143 40026 896060
144 325762 731863
145 729451 373076
146 949377 321904
147 707298 838338
148 208270 670004
149 590310 78398
150 852333 700264
151 361470 40254
152 457955 371334
153 605760 934229
154 989358 232524
155 724911 335833
156 10959 743175
157 883293 690162
158 670993 480628
159 167723 645036
160 798622 513879
161 498819 926461
162 577876 59928
163 993915 119338
164 446652 973180
165 600122 966892
166 721294 791171
167 33556 345560
168 976853 215436
169 570105 928658
170 712847 559398
171 728337 680726
172 933240 215571
173 874257 22915
174 744027 647369
175 844422 88931
176 223351 617129
177 478276 885441
178 978969 570298
179 6698 112395
180 394480 390324
181 364123 60699
182 519677 165513
183 607496 330233
184 809934 667721
185 815904 648077
186 736600 520354
187 800613 709690
188 290528 881689
189 448185 692435
190 80959 423616
191 112639 334257
192 578699 209797
193 602768 660595
194 271494 868043
195 738064 646619
196 405501 902384
197 112754 64769
198 822797 207982
199 880112 223550
200 925043 992568
201 574730 51592
202 566409 420806
203 976291 889094
204 38430 268479
205 282672 318374
206 298804 138655
207 374330 747861
208 984823 461739
209 947944 454907
210 342715 399513
211 450121 586384
212 742677 823335
213 73347 685008
214 953944 379807
215 733398 401433
216 843258 179706
217 409762 762584
218 124812 973984
219 959926 830837
220 224974 141029
221 712650 816586
222 525327 338550
223 196498 819117
224 159706 289418
225 991422 137789
226 254038 500305
227 490152 523609
228 149309 395024
229 641830 803825
230 295993 2307
231 929167 207592
232 43504 141642
233 605724 482217
234 613327 35780
235 551362 165705
236 302032 658526
237 463485 204926
238 145475 949815
239 96231 219067
240 674025 678323
241 43177 150119
242 83813 731091
243 472266 635665
244 136201 268119
245 156860 642594
246 360656 924146
247 279475 59268
248 838997 54124
249 353101 320400
250 193075 246682
251 722885 940638
252 615392 313099
253 94611 103919
254 416492 759060
255 51343 513644
256 258822 373710
257 646964 653399
258 641650 5021
259 928117 984236
260 302645 551599
261 129116 292927
262 842704 304680
263 442820 361393
264 43133 150386
265 110314 41555
266 533323 337171
267 167724 160381
268 419500 669467
269 503154 430414
270 89440 467245
271 707548 151965
272 965473 605260
273 513478 67729
274 81441 974794
275 616447 477603
276 10990 202715
277 210086 151519
278 713358 385714
279 772914 455010
280 893598 425143
281 600764 986077
282 669619 584098
283 806096 106857
284 408236 41703
285 139920 573920
286 923579 953322
287 367788 825042
288 540609 926401
289 82840 691185
290 591321 57106
291 588479 588122
292 256787 685170
293 440791 547246
294 667551 583626
295 354285 312643
296 261230 461450
297 290494 515520
298 543665 754225
299 784177 140431
300 64651 587077
301 984888 390255
302 383473 559341
303 889123 422867
304 945927 524915
305 710727 166112
306 718163 189287
307 100724 580955
308 163913 139313
309 695583 154099
310 40432 51870
311 322679 267805
312 977052 552842
313 589031 533323
314 569849 808446
315 935918 117741
316 980473 557925
317 980457 425208
318 338943 399192
319 487397 675832
320 521257 301477
321 851662 513451
322 543194 302415
323 989963 993425
324 484398 737651
325 926489 10341
326 184375 975730
327 204512 946909
328 606603 426963
329 409798 958264
330 220398 489931
331 935469 270095
332 3657 409250
333 314450 204711
334 646093 798309
335 590992 170487
336 654915 957932
337 227610 30090
338 867494 346949
339 63292 30143
340 946238 162068
341 123525 611584
342 588048 445987
343 182271 710378
344 554268 571207
345 110758 134231
346 753098 689087
347 84840 350770
348 646561 893730
349 285841 513103
350 434920 643014
351 930133 454254
352 791412 764420
353 886816 572791
354 387682 758524
355 764637 896225
356 872695 838590
357 847506 86166
358 736832 246381
359 185255 652887
360 762688 420719
361 918870 132989
362 363389 947977
363 240354 200660
364 166520 463189
365 143274 294703
366 959266 304767
367 265505 50013
368 289373 284934
369 764078 501881
370 709154 935889
371 525123 901381
372 808518 690038
373 215361 620108
374 325698 136862
375 110416 445900
376 727210 822651
377 369829 140216
378 683747 625365
379 188749 741398
380 475047 601881
381 808713 885800
382 49370 828747
383 371102 971314
384 30072 157467
385 870805 116724
386 920683 48392
387 542470 316787
388 693509 96218
389 763160 223173
390 264230 614989
391 11911 425121
392 988141 541392
393 485989 73465
394 255397 436757
395 678911 318059
396 254862 606610
397 631075 592430
398 15206 476730
399 358910 491731
400 996528 119142
401 856948 102525
402 872631 495427
403 433989 302089
404 834509 828437
405 654226 610281
406 369967 751992
407 62487 156988
408 347018 202103
409 254725 456939
410 813541 894371
411 612403 538340
412 160938 751663
