NAME : portgen-554-3694544
COMMENT : portgen N=554, seed=3694544
TYPE : TSP
DIMENSION : 554
EDGE_WEIGHT_TYPE : EUC_2D
NODE_COORD_SECTION
1 621223 424395
2 208395 88417
3 8125 567189
4 605130 508541
5 491695 356017
6 6674 448776
7 794226 601662
8 150036 229424
9 294816 520970
10 419179 32276
11 924103 302632
12 457542 64079
13 905303 890389
14 597980 44528
15 873139 399597
16 829541 962020
17 144734 339945
18 650570 204715
19 139150 454161
20 428114 185879
21 269014 803564
22 802276 23177
23 192477 100299
24 870573 869301
25 936174 617764
26 487795 379224
27 23026 421710
28 113208 659202
29 279660 868450
30 437846 803410
31 428039 150969
32 80426 305816
33 87002 203110
34 646499 771048
35 409184 49736
36 358850 425514
37 584796 801415
38 544481 544878
39 279606 35831
40 950870 246101
41 610728 729530
42 606681 69729
43 971558 678572
44 881594 838918
45 252942 447460
46 558215 368101
47 44976 378378
48 827028 843499
49 218768 861
50 478696 647598
51 820692 834742
52 918431 690072
53 7035 758264
54 772543 953296
55 450152 434636
56 777608 440742
57 615507 990386
58 245194 59938
59 105992 702048
60 478788 243502
61 984342 645637
62 292352 761585
63 229043 524108
64 507083 894723
65 794379 786216
66 772335 326309
67 585678 516233
68 468493 169985
69 114023 616294
70 824535 911620
71 572579 179545
72 360129 9439
73 463118 912577
74 75748 283390
75 149334 302919
76 336416 324045
77 206482 692479
78 875263 494383
79 249063 402197
80 221579 837049
81 644241 156248
82 128761 538532
83 862056 598062
84 80612 606067
85 527268 332617
86 984189 822602
87 552714 175868
88 907086 660296
89 439155 599873
90 886322 734660
91 275045 104886
92 673143 957329
93 141974 616087
94 197548 47145
95 654177 870431
96 89373 507955
97 89025 491918
98 927430 749977
99 626831 184260
100 102353 802821
101 473422 475875
102 397067 414673
103 27874 231530
104 650901 249153
105 550504 259176
106 296834 201917
107 748020 351148
108 747676 136285
109 67222 636843
110 611102 112079
111 971230 896351
112 503713 724447
113 859194 508314
114 425534 138040
115 147994 675556
116 9395 190001
117 49368 627146
118 437826 73127
119 356866 321995
120 209652 5689
121 548864 560705
122 436043 542097
123 899200 193021
124 4242 364578
125 632723 419115
126 324443 488790
127 36266 426797
128 793425 283420
129 426506 769921
130 976847 954746
131 874663 328906
132 39500 544815
133 710311 736129
134 765874 205922
135 451948 554654
136 132043 702644
137 4119 191986
138 787636 482439
139 860085 76916
140 931021 575773
141 81808 655612
142 161193 193247
143 800892 680488
144 150500 504552
145 916834 701697
146 307253 150943
147 870047 654998
148 873645 846219
149 556585 244057
150 754460 416760
151 332936 927325
152 433556 56949
153 337307 668830
154 327597 843018
155 625904 112936
156 132920 921954
157 853087 275150
158 647493 723720
159 458859 384502
160 671170 864092
161 179543 521817
162 451461 35187
163 221718 204718
164 269088 947169
165 854679 118806
166 154842 17067
167 451011 818084
168 442853 159854
169 802525 886043
170 545754 77171
171 221629 765997
172 833382 52742
173 522153 785436
174 699481 834859
175 433279 668927
176 577131 609415
177 389377 635654
178 261918 315869
179 476313 615471
180 614096 177453
181 866304 441554
182 297263 548732
183 891307 366922
184 88571 800344
185 752996 862057
186 24239 623999
187 951222 2243
188 286960 570127
189 132439 815806
190 773269 905849
191 728404 653617
192 333073 677225
193 252501 713288
194 719803 902279
195 926777 75930
196 71282 2181
197 133046 683696
198 52932 597629
199 814774 831138
200 765781 952025
201 652996 883674
202 61590 527430
203 940522 923514
204 276342 712151
205 383153 548629
206 596065 574034
207 688693 538166
208 106171 864123
209 308507 613567
210 495800 293678
211 552147 257433
212 34562 800970
213 209060 140564
214 562409 423792
215 61721 363446
216 293784 420287
217 432653 224639
218 309783 154370
219 964923 794906
220 571054 388377
221 404780 106236
222 406478 633099
223 523782 813849
224 967618 332075
225 474636 912368
226 35219 390982
227 769417 402335
228 658240 232709
229 451021 836950
230 217647 786151
231 958590 481436
232 141097 994776
233 143848 489829
234 167555 55594
235 14383 292321
236 896505 976431
237 138931 583431
238 258458 161165
239 488015 632227
240 142730 976351
241 689542 725459
242 206144 275569
243 404855 812348
244 279190 437876
245 80790 819954
246 986815 909328
247 780523 278733
248 491871 428349
249 967305 823046
250 374640 362617
251 325833 335390
252 189345 498284
253 222825 309760
254 184838 493847
255 997479 845891
256 953519 13144
257 756160 397693
258 799335 49262
259 700912 862363
260 502904 715499
261 522523 344508
262 680953 651766
263 966487 561114
264 787085 640646
265 360606 948698
266 976327 994167
267 634747 296838
268 22831 676397
269 969299 808451
270 476233 355593
271 111435 416826
272 934971 365290
273 297430 642307
274 228374 128756
275 312245 930756
276 641263 326659
277 462440 425942
278 386289 331666
279 700643 892507
280 475452 546427
281 340460 376386
282 17613 641886
283 734455 536692
284 78173 390869
285 100262 157028
286 820887 572156
287 550118 572147
288 74235 195864
289 882067 255011
290 265476 634821
291 860471 894577
292 165193 814178
293 608237 599940
294 976553 992861
295 562382 486139
296 598224 578430
297 708188 319204
298 534705 539279
299 866707 362824
300 291055 101566
301 760239 973363
302 863279 677423
303 70285 746686
304 161466 648261
305 817705 786349
306 355112 707781
307 330125 989313
308 948202 762030
309 668197 698408
310 107180 195176
311 669984 715348
312 99813 998696
313 396789 847523
314 708876 872695
315 501862 327549
316 34398 233805
317 437306 479127
318 279709 152690
319 564452 175879
320 865975 846206
321 931742 278145
322 885680 367205
323 816154 882875
324 478616 709492
325 922415 687182
326 830403 994012
327 860961 963505
328 67168 526433
329 536057 384152
330 397713 917595
331 182233 985586
332 782286 971498
333 854606 76967
334 822100 962919
335 173159 65326
336 283414 958704
337 775993 419998
338 364773 675972
339 854387 136307
340 931527 870356
341 311466 324723
342 474981 584267
343 145315 48811
344 451519 465807
345 624520 202742
346 330589 601532
347 2720 800648
348 562792 973038
349 502151 465682
350 2432 140182
351 28488 342308
352 777965 52058
353 375715 505679
354 519031 276694
355 818190 18356
356 74913 70249
357 759631 194971
358 587006 580701
359 982866 981637
360 408706 881568
361 574815 356418
362 960486 32977
363 36837 941105
364 180739 723934
365 44282 859093
366 156940 577692
367 318117 913171
368 795442 241217
369 565091 280010
370 997261 564614
371 65945 469882
372 57101 742952
373 627927 974170
374 641046 969742
375 763810 621686
376 792298 778216
377 421399 143339
378 983241 450796
379 24190 864793
380 256616 134498
381 940587 239021
382 279433 253575
383 952410 605031
384 13148 16679
385 567044 612835
386 939654 13123
387 217826 787020
388 89269 796598
389 935018 817147
390 49735 586041
391 916914 315946
392 467318 909784
393 918505 917919
394 298259 64542
395 960760 190411
396 228069 548412
397 712965 384426
398 624959 52822
399 252055 270081
400 653682 831328
401 39152 823898
402 920007 177769
403 704771 476352
404 310897 511615
405 224833 65322
406 152536 959648
407 904033 66204
408 906429 392174
409 526055 895007
410 628615 899588
411 352975 743067
412 362996 735716
413 573682 115756
414 93116 40057
415 82249 612917
416 485701 423402
417 592313 984413
418 433504 957266
419 411912 401113
420 3354 526330
421 391863 403252
422 435926 61171
423 837435 485001
424 185416 977249
425 810743 509203
426 959706 211998
427 187831 40765
428 345626 615749
429 231585 935594
430 744264 747505
431 64439 909783
432 508260 698503
433 673458 749284
434 523722 842861
435 228769 421427
436 206758 548805
437 84264 119412
438 939882 140977
439 555235 322230
440 390089 957933
441 884170 157521
442 295793 334744
443 548477 575917
444 915141 893810
445 310954 684220
446 433543 569051
447 172344 581927
448 319572 843057
449 318988 316514
450 121289 696458
451 929766 863185
452 587160 852809
453 625033 802184
454 916205 853087
455 492287 769709
456 700607 337775
457 624639 60044
458 313961 495387
459 737438 926333
460 378930 830401
461 430296 207207
462 721572 532310
463 491660 343572
464 961645 231454
465 494378 137698
466 224772 702147
467 829943 620379
468 257326 546395
469 532882 235749
470 20782 53090
471 838478 988808
472 514879 480553
473 253924 226335
474 847479 640034
475 90266 975999
476 881412 87533
477 822135 983590
478 471686 227619
479 33242 966781
480 595483 78637
481 269301 680456
482 832305 439197
483 931231 711799
484 822895 144086
485 806119 87625
486 647908 97404
487 836067 402930
488 948988 342762
489 385072 737981
490 60624 264040
491 310330 994864
492 635971 415740
493 868396 544316
494 869841 390745
495 689147 545526
496 723499 388795
497 429629 933157
498 405181 741073
499 152741 111948
500 531564 911161
501 841263 109498
502 579409 826225
503 665669 886547
504 451562 406394
505 115194 927369
506 357778 642496
507 277633 49956
508 355138 880506
509 250826 899148
510 34015 190157
511 559057 710947
512 612522 894958
513 246362 538409
514 517995 9841
515 737261 62441
516 891200 978677
517 622787 133255
518 906262 667833
519 717231 586014
520 60602 987890
521 293489 970693
522 356730 498990
523 986468 12552
524 776272 534670
525 686795 866772
526 223078 142900
527 374687 469123
528 19961 862585
529 486711 446154
530 919963 997835
531 169316 865547
532 345792 127303
533 633880 387084
534 285766 778643
535 63487 342586
536 104233 716156
537 212353 167243
538 967079 416157
539 336259 143399
540 874996 383776
541 51698 71840
542 89878 739425
543 893124 25652
544 632885 495483
545 499374 519178
546 382067 938588
547 522527 718015
548 883656 577333
549 758340 189487
550 531910 570311
551 676292 632873
552 659673 303018
553 815073 151237
554 53021 635261
