NAME : portgen-436-2771085
COMMENT : portgen N=436, seed=2771085
TYPE : TSP
DIMENSION : 436
EDGE_WEIGHT_TYPE : EUC_2D
NODE_COORD_SECTION
1 396917 802637
2 38505 458281
3 108266 850951
4 535934 403577
5 74517 665483
6 415276 623793
7 698142 562338
8 476417 989633
9 418105 470360
10 560672 15891
11 718211 505410
12 161619 389282
13 776346 615232
14 762022 358813
15 588327 85537
16 647737 430428
17 58423 363039
18 319649 291139
19 620879 479745
20 408333 250739
21 677046 364942
22 875451 950530
23 463918 122461
24 730930 292969
25 579118 701176
26 165369 660796
27 654548 865110
28 283408 966489
29 744213 675466
30 138632 817127
31 230072 56188
32 995243 823777
33 988437 50333
34 748342 747612
35 98419 353955
36 258702 125135
37 891242 859495
38 850522 57414
39 850862 296509
40 105874 809857
41 871018 86556
42 220181 771200
43 855465 591549
44 435185 234646
45 374602 269315
46 542796 873266
47 381326 54378
48 992036 551910
49 473700 15955
50 100008 406504
51 271598 434421
52 187095 769261
53 830157 78813
54 440614 883347
55 9644 691858
56 531303 509567
57 300863 869316
58 274330 356805
59 674862 940864
60 831740 436526
61 576633 732386
62 647604 691915
63 82356 824281
64 938040 121980
65 29338 771708
66 616799 967514
67 286864 414016
68 278553 361451
69 785692 350865
70 496869 498660
71 916687 494320
72 402905 938075
73 692682 810410
74 225662 689410
75 972022 167755
76 613869 351719
77 986617 328299
78 789704 304083
79 147556 773079
80 490708 468706
81 293120 89749
82 386478 510984
83 775171 36983
84 106662 362787
85 176633 463920
86 131142 985451
87 968842 663985
88 822656 224913
89 745768 319304
90 902211 778272
91 676725 164961
92 631271 560631
93 478587 527050
94 581036 775880
95 638845 241569
96 254788 422905
97 174231 32949
98 367517 931236
99 525477 738920
100 115419 467769
101 64642 906358
102 787199 193749
103 491030 448908
104 720447 425986
105 849712 262653
106 723047 371676
107 134234 249138
108 213917 870215
109 915518 353529
110 143466 843934
111 511505 367742
112 247368 708864
113 399278 224783
114 198252 775093
115 172955 373748
116 504465 319782
117 469592 639557
118 55225 305048
119 30727 382132
120 346714 608371
121 611532 227506
122 632413 794910
123 730063 887046
124 175536 465366
125 633670 142733
126 732983 750384
127 565964 741670
128 963303 744859
129 436766 147641
130 138524 185981
131 418180 338315
132 79272 241340
133 651121 495540
134 739262 339324
135 519075 326870
136 694679 450151
137 719858 732
138 110951 761121
139 801777 505697
140 745561 654418
141 788017 50610
142 636568 986974
143 955567 166150
144 240510 228251
145 988435 559684
146 565786 691403
147 863057 19843
148 913692 161380
149 507648 631681
150 683958 968942
151 85269 669839
152 719805 979252
153 354716 682372
154 113815 578990
155 786103 797153
156 504349 208514
157 159205 578839
158 620194 726777
159 475257 59428
160 327647 489741
161 987892 107581
162 655365 550132
163 241601 24839
164 730346 740606
165 646016 428578
166 647305 222786
167 719593 948407
168 150068 579503
169 891405 57729
170 366779 228789
171 690893 181081
172 900603 498694
173 571792 458205
174 36038 312925
175 778241 888852
176 431034 767042
177 985664 255380
178 321637 862482
179 950245 771398
180 829183 775212
181 790967 56086
182 212211 557314
183 106260 323268
184 307910 660510
185 7047 161989
186 690739 162331
187 281187 438795
188 58706 220849
189 121916 399984
190 228494 379118
191 74594 958948
192 911422 870803
193 637611 591218
194 10575 162279
195 842147 826800
196 271592 230894
197 50681 204790
198 538050 528562
199 899894 461808
200 439988 350942
201 336289 636053
202 84431 399122
203 814258 472086
204 855619 114861
205 617768 730418
206 851907 787965
207 929250 2382
208 503620 560072
209 5404 7421
210 19263 577698
211 423374 846101
212 220522 656104
213 825700 54686
214 77900 882064
215 624537 586620
216 365229 7055
217 782215 498075
218 527211 286628
219 29697 909039
220 367183 77538
221 585813 3153
222 143015 264449
223 403426 425490
224 10372 394577
225 379090 483364
226 450661 17829
227 837271 853367
228 985712 329234
229 853837 586355
230 871911 527629
231 442389 946579
232 747677 540230
233 144604 848753
234 644950 664801
235 598955 78129
236 549700 610827
237 628331 535899
238 127036 405544
239 8830 367154
240 670391 496466
241 200848 491545
242 10153 96907
243 144231 418650
244 259377 241985
245 353471 678457
246 641678 364896
247 310083 289054
248 527838 974986
249 374822 607116
250 137412 997881
251 416660 643217
252 724186 882624
253 282515 959116
254 7676 740364
255 709136 567062
256 69856 611851
257 232883 193454
258 885951 77492
259 636495 458623
260 12391 169618
261 473931 37833
262 527388 601074
263 661468 906483
264 886641 745707
265 253384 167919
266 397868 268466
267 658018 103328
268 426609 588997
269 258661 816698
270 210955 66738
271 782154 800754
272 229594 183852
273 204525 603844
274 837507 709009
275 627585 621355
276 88345 629115
277 353731 969493
278 600013 148194
279 985198 620857
280 456014 693517
281 700455 190977
282 529408 642398
283 784908 269102
284 382257 49030
285 988928 282106
286 239984 927486
287 831037 391036
288 81272 844815
289 684102 557895
290 1061 513274
291 921284 265783
292 289692 559866
293 467464 206891
294 739057 15620
295 318420 157507
296 206740 209630
297 827770 928848
298 826753 854667
299 969717 838558
300 102580 359710
301 919742 279612
302 707948 114311
303 700071 822561
304 339423 793864
305 502028 393121
306 409137 969578
307 302437 298507
308 486777 490824
309 363206 600559
310 815644 930240
311 299385 543699
312 946450 629218
313 362364 960372
314 219537 716725
315 690965 258711
316 505392 890237
317 55866 607939
318 104137 951705
319 963346 991184
320 73089 976639
321 843685 138497
322 199975 388179
323 858122 663041
324 263179 198552
325 566484 866381
326 635130 252991
327 147593 843869
328 854318 29505
329 223746 100009
330 10174 748365
331 859214 348238
332 720775 525389
333 549436 270639
334 769603 914257
335 440385 823736
336 227645 164654
337 34075 949263
338 295110 46393
339 396105 102581
340 774899 332859
341 736626 119528
342 706551 942599
343 399496 157153
344 169461 530477
345 58503 833497
346 182102 49088
347 550799 249352
348 748994 679031
349 104422 250711
350 93069 811728
351 266935 160597
352 423652 233624
353 129755 515602
354 546440 204993
355 444372 697164
356 860043 693268
357 41505 176676
358 566263 810126
359 797439 471423
360 776394 870405
361 166217 518891
362 821188 628657
363 556801 67047
364 741001 800450
365 819508 779507
366 499953 191112
367 658208 77735
368 472815 43357
369 78022 529874
370 376335 589369
371 359714 698038
372 754082 188098
373 667280 663210
374 227899 922142
375 692551 681946
376 938029 303971
377 431203 313561
378 311774 75822
379 502389 345917
380 760808 86397
381 437580 16565
382 828657 855003
383 337449 162005
384 939185 853407
385 509396 903052
386 582226 875296
387 778871 94448
388 932375 862245
389 87687 507626
390 316882 480978
391 564658 395083
392 39641 733110
393 341927 483387
394 362454 803205
395 740285 310810
396 104171 224614
397 20477 473283
398 7143 484417
399 919166 659634
400 255722 805034
401 575523 720273
402 605260 211573
403 117288 542945
404 264329 698092
405 971634 828387
406 713368 699183
407 605632 449998
408 982225 212965
409 996088 355374
410 847859 853032
411 242839 279551
412 597685 704361
413 327529 861953
414 270036 567298
415 977160 389429
416 597915 389594
417 535992 488495
418 767609 865475
419 789451 589643
420 750884 128962
421 487299 7080
422 955346 887253
423 67971 824620
424 626929 316116
425 145753 145190
426 214381 351868
427 682473 866292
428 207119 185928
429 184280 116764
430 443963 251813
431 753494 674686
432 947208 842671
433 341087 706287
434 743837 718378
435 382027 157605
436 586035 679971
