NAME : portgen-474-1711803
COMMENT : portgen N=474, seed=1711803
TYPE : TSP
DIMENSION : 474
EDGE_WEIGHT_TYPE : EUC_2D
NODE_COORD_SECTION
1 437978 554450
2 68111 489346
3 952765 96594
4 940729 289245
5 288282 588219
6 440609 630906
7 574437 914741
8 129897 163494
9 76087 24636
10 247157 776131
11 381023 539852
12 3829 761892
13 26224 912462
14 701173 775805
15 878865 450991
16 587142 402692
17 252369 983967
18 442655 943575
19 511099 685288
20 352443 337752
21 351429 313819
22 354524 159752
23 924414 458988
24 802557 649348
25 772090 460741
26 452849 670828
27 551621 183664
28 388464 35286
29 302081 84144
30 46690 9189
31 585494 255440
32 936802 950530
33 236789 126790
34 276382 414684
35 990327 670909
36 360936 426738
37 252546 786415
38 323282 710194
39 988231 820164
40 373427 990938
41 610381 617029
42 729114 869675
43 865496 331702
44 465890 301839
45 747177 315865
46 667193 96414
47 694961 681533
48 976815 924691
49 61272 568108
50 836470 214219
51 470757 982392
52 275920 781151
53 850359 835820
54 941713 681946
55 318168 56762
56 569395 241
57 336966 730824
58 341996 489079
59 560479 255268
60 973714 312098
61 65517 708273
62 578213 776107
63 200152 378544
64 150817 471394
65 936056 487462
66 768480 306284
67 501996 316665
68 421542 610139
69 280062 998290
70 527679 376416
71 771223 210622
72 328125 435079
73 250348 958919
74 518200 918854
75 481381 598271
76 773873 589878
77 632052 349008
78 445739 164472
79 480395 959255
80 359609 240220
81 555757 943423
82 154267 941751
83 285539 358773
84 672116 901887
85 480476 383076
86 970879 641625
87 773887 375442
88 538225 475639
89 76221 229205
90 330367 35679
91 898148 191562
92 111785 695835
93 931704 825056
94 152017 560245
95 31125 62768
96 938022 378175
97 517814 144602
98 405537 129598
99 436735 952682
100 896854 774709
101 882698 288995
102 588486 445701
103 700123 582311
104 478093 936216
105 417304 620682
106 12454 920150
107 928130 296841
108 302197 177581
109 425609 9664
110 536213 155941
111 922038 719434
112 5032 705767
113 500378 681883
114 53138 328185
115 675319 955913
116 997546 140005
117 811901 709685
118 23225 977998
119 263431 814943
120 393638 754122
121 399447 142353
122 24032 875184
123 140729 218587
124 373142 812047
125 644224 723653
126 76459 108549
127 277362 940940
128 777163 742692
129 477093 878800
130 422476 722124
131 318879 663149
132 542577 663181
133 221234 870101
134 896117 52945
135 156111 83609
136 804438 613561
137 365440 812559
138 79482 813489
139 442072 64092
140 928603 757685
141 204790 174337
142 905709 953195
143 637034 334396
144 597427 148719
145 488450 153123
146 81880 210486
147 658831 310029
148 949683 785885
149 776912 211472
150 795702 327240
151 776515 309050
152 883443 886538
153 518863 902121
154 202839 324167
155 303905 442766
156 145265 328373
157 390350 269352
158 640243 108393
159 4317 232548
160 713498 435348
161 93188 684645
162 257243 828871
163 307093 495388
164 730118 478901
165 293695 177360
166 610649 117905
167 760186 485837
168 612420 876416
169 783987 636357
170 312951 528641
171 330078 364879
172 435221 53101
173 59935 397235
174 953242 829960
175 2935 454295
176 55767 298011
177 917776 618341
178 716590 658610
179 548864 397605
180 274117 642447
181 118134 566482
182 11215 775263
183 112687 780385
184 893151 337248
185 209417 243008
186 155150 174357
187 229613 259202
188 379581 795177
189 766868 638902
190 112281 648483
191 946523 332512
192 204784 651248
193 59226 44167
194 106689 984922
195 373149 832034
196 983264 446739
197 426940 69942
198 373490 155721
199 135265 176019
200 673520 264757
201 630366 314340
202 717678 354451
203 507771 723254
204 93227 266528
205 559115 672422
206 551920 563941
207 24456 442082
208 659183 671395
209 139541 941272
210 401772 956965
211 645119 717132
212 663728 944659
213 612642 840810
214 456679 875161
215 751431 656326
216 701950 500340
217 79786 439859
218 96563 382582
219 308056 762701
220 992064 387831
221 904626 165416
222 583149 416183
223 186914 266131
224 783011 482281
225 457300 532680
226 699042 260104
227 424587 17193
228 562807 130026
229 234553 277819
230 257888 125189
231 415198 330525
232 274464 171283
233 767796 386503
234 980792 608272
235 255168 393052
236 888384 657260
237 483972 869092
238 257923 385015
239 292545 646534
240 381851 482616
241 606257 178859
242 617272 626241
243 241128 371424
244 225875 908503
245 672063 710059
246 401789 699784
247 507533 599012
248 499447 247365
249 681444 714056
250 158260 801899
251 973586 136476
252 100429 974684
253 926422 520182
254 642831 798346
255 776065 191383
256 904150 326049
257 605755 547829
258 723399 715414
259 822992 675452
260 671836 520430
261 705058 266735
262 450011 453268
263 419466 751907
264 556830 509288
265 942669 737740
266 742183 494199
267 870468 190468
268 578465 280207
269 573104 69443
270 902842 525714
271 548431 550423
272 236666 151632
273 5000 135054
274 249772 54264
275 179545 747540
276 690535 172156
277 771386 420519
278 59716 479387
279 266008 909961
280 396218 646215
281 947078 573388
282 895503 250351
283 642951 353726
284 89383 454123
285 542828 588345
286 465641 768728
287 495906 924296
288 829895 532902
289 495348 29492
290 393551 940079
291 485899 646869
292 113070 296454
293 790662 168795
294 598695 620116
295 547516 224739
296 190824 118980
297 526615 314496
298 60072 779703
299 54517 312370
300 321737 472097
301 639705 220280
302 660712 239466
303 261641 43665
304 59086 474932
305 629857 890921
306 880692 645891
307 362444 171478
308 455390 828097
309 46772 581007
310 190279 863248
311 299209 777012
312 132385 70730
313 948639 245360
314 108015 256439
315 662655 786229
316 473816 20416
317 399634 502630
318 59387 840007
319 284424 941591
320 841064 962564
321 122022 17687
322 429837 684268
323 925530 413811
324 986595 455884
325 365856 814711
326 671687 798078
327 649715 535507
328 998281 619289
329 820645 158081
330 180079 421633
331 759240 117494
332 633868 667292
333 768898 863004
334 216053 678176
335 245948 41578
336 841502 590887
337 215150 375567
338 191560 501130
339 127297 596878
340 72449 329350
341 424715 949933
342 76359 241021
343 26988 356321
344 386548 732342
345 733731 196382
346 623954 606248
347 695642 799485
348 121062 531134
349 802537 54270
350 492707 424399
351 286514 389717
352 383435 36506
353 389996 721754
354 721718 408693
355 508518 641959
356 232741 88303
357 424350 983697
358 797679 152992
359 421852 834382
360 546230 237764
361 60466 161782
362 185469 821549
363 755063 451785
364 207452 178643
365 985570 469805
366 779412 718603
367 88359 430489
368 96608 336411
369 525583 92662
370 443342 873996
371 934469 552165
372 186111 495967
373 135915 462171
374 420778 874093
375 44421 669276
376 323682 623893
377 68700 22901
378 644987 567911
379 301357 952945
380 939897 53585
381 196171 629056
382 965350 634522
383 707490 680576
384 902192 928382
385 847781 335507
386 732213 547759
387 789961 876954
388 914082 436573
389 93082 162567
390 176561 187152
391 150427 254506
392 238745 931984
393 273634 150355
394 753252 453836
395 722999 416032
396 434218 597200
397 244880 107835
398 141782 386709
399 762203 309157
400 581885 699342
401 369089 258211
402 697531 857268
403 518848 69175
404 385147 136715
405 749267 494631
406 814658 847520
407 229946 523865
408 619366 598970
409 384175 857515
410 492740 320780
411 918372 593035
412 346497 148439
413 966418 474002
414 850227 932692
415 358105 844906
416 51425 956366
417 413300 681929
418 372493 302906
419 24560 714880
420 312617 674663
421 766179 895737
422 961096 402219
423 497659 841183
424 250702 96441
425 141417 667779
426 536482 829510
427 951051 736978
428 647916 412722
429 844910 15601
430 484774 215941
431 44615 670267
432 824097 74603
433 728452 918921
434 886424 827726
435 26205 778183
436 348268 287734
437 716098 824961
438 784298 88861
439 641983 609518
440 500522 553695
441 629091 834626
442 447917 142163
443 800290 381158
444 132268 338697
445 953477 453572
446 416482 196833
447 688674 534434
448 326395 478445
449 179638 136135
450 617921 408798
451 199199 641184
452 595918 587721
453 38687 701856
454 381593 808887
455 936688 266757
456 280454 506213
457 62123 31202
458 799459 847782
459 981592 289663
460 748207 250006
461 739282 750289
462 209805 617407
463 578984 707084
464 691815 128376
465 786273 82441
466 707268 833096
467 672830 233765
468 273241 122878
469 772502 416715
470 342704 952508
471 399566 842604
472 590489 703471
473 714289 666192
474 987028 71267
