NAME : portgen-497-7658939
COMMENT : portgen N=497, seed=7658939
TYPE : TSP
DIMENSION : 497
EDGE_WEIGHT_TYPE : EUC_2D
NODE_COORD_SECTION
1 205351 24124
2 448660 851940
3 999035 413679
4 149148 521041
5 684226 241367
6 337381 569725
7 30568 507055
8 266098 365684
9 158890 44097
10 343732 353192
11 549665 692110
12 781922 34587
13 363475 773074
14 416226 497030
15 130585 451625
16 982050 519864
17 808422 359345
18 833216 3525
19 964132 223116
20 642008 579628
21 121917 828298
22 711551 418391
23 189722 857168
24 578773 829553
25 393172 426579
26 623551 107633
27 497045 117753
28 17436 685486
29 215702 89315
30 18723 995510
31 449547 926031
32 879032 104597
33 119450 509083
34 858174 612177
35 317332 408930
36 786910 329337
37 650925 917153
38 729641 442031
39 195064 664169
40 17150 677988
41 557372 326911
42 478306 135075
43 2077 56018
44 640831 703824
45 239895 324132
46 145351 351954
47 905784 233078
48 792717 792579
49 177372 794398
50 688750 747690
51 662104 914604
52 812402 715183
53 869207 296640
54 629326 361970
55 115675 961417
56 44655 511877
57 849420 694591
58 850159 97592
59 20247 645954
60 311879 326870
61 331710 63775
62 923427 569641
63 746826 872306
64 516934 935741
65 47945 433000
66 812705 833094
67 548493 55733
68 633333 45494
69 477491 783715
70 284916 904484
71 35771 994876
72 391945 913024
73 992422 81575
74 428527 336142
75 486251 920411
76 275645 241631
77 746452 255749
78 934985 829009
79 366111 756669
80 81850 823712
81 819149 845610
82 77053 211190
83 925646 49778
84 119932 936395
85 702169 768583
86 669065 684105
87 159702 391468
88 51224 90079
89 317322 667677
90 634656 917816
91 506195 760264
92 853890 224233
93 613851 967094
94 756040 337302
95 130086 583554
96 925562 541095
97 81546 516333
98 235419 351666
99 835173 476
100 861799 902343
101 764253 760849
102 701485 568435
103 414216 515380
104 387740 522219
105 641897 967890
106 72969 28808
107 626582 498296
108 898150 278053
109 764064 560720
110 975771 573980
111 214604 119455
112 74596 799826
113 4330 908215
114 982620 591267
115 977252 535844
116 702338 795103
117 25780 666766
118 844847 477386
119 133681 355594
120 326083 335797
121 203030 195320
122 361531 556106
123 368949 806106
124 466499 281720
125 512002 327203
126 369045 243906
127 23224 325955
128 200004 969149
129 735069 34718
130 723588 936829
131 381698 32145
132 196135 306099
133 764859 877648
134 667276 70476
135 129346 92043
136 811554 482343
137 48717 648567
138 204934 970697
139 96230 748641
140 599821 35180
141 173146 947901
142 867678 40422
143 154145 670192
144 598967 719681
145 901906 967198
146 810109 63205
147 226248 234040
148 524243 720686
149 146602 712964
150 351172 398252
151 709876 717857
152 681898 476821
153 154057 421144
154 376227 982801
155 171809 529811
156 370181 15388
157 132812 756389
158 126719 318493
159 805897 962095
160 781856 44173
161 731046 954312
162 719304 731094
163 382166 93696
164 800444 571895
165 494510 783789
166 594469 113428
167 576831 70009
168 664998 157758
169 815089 111288
170 913703 835652
171 864295 636872
172 937824 857733
173 236151 855797
174 343901 495154
175 851873 430546
176 920242 574706
177 218454 567382
178 803782 596447
179 141026 611888
180 811822 996298
181 606055 264938
182 69097 336157
183 665516 733309
184 77563 275078
185 520238 270921
186 974591 310743
187 110221 351309
188 123931 156340
189 735858 151921
190 927311 785719
191 952670 188555
192 760072 498211
193 177734 329531
194 44331 240674
195 404493 931689
196 80195 540010
197 591050 642781
198 861061 553552
199 526650 586515
200 733802 79811
201 119938 191979
202 567842 66154
203 477876 731686
204 814633 720242
205 389647 474251
206 552116 900352
207 207395 880133
208 916103 66044
209 673888 426316
210 475096 111963
211 206658 491048
212 541276 440426
213 150983 782611
214 742900 44067
215 873433 392244
216 341706 15616
217 762274 453060
218 233603 52317
219 981160 879939
220 582108 111689
221 655642 618014
222 765578 292530
223 725031 589147
224 998733 150624
225 491798 78449
226 810651 482583
227 713081 341557
228 738105 104322
229 429705 114781
230 832550 425558
231 750525 934693
232 138134 277957
233 818608 934101
234 134774 914865
235 155101 326955
236 67311 523263
237 934517 396646
238 301311 724075
239 777966 199719
240 702321 46661
241 352906 628118
242 211516 447874
243 641719 407012
244 877481 484316
245 634452 299501
246 917543 66295
247 724837 255152
248 44378 132378
249 683497 368931
250 991218 956
251 811181 799014
252 448302 445137
253 725543 182532
254 271066 265206
255 699838 331092
256 226840 945388
257 480329 533048
258 508015 684230
259 209856 882981
260 233578 686229
261 250603 765842
262 923646 154145
263 515774 268296
264 74960 489380
265 671103 118778
266 453008 512759
267 499881 371228
268 819820 407517
269 147789 678467
270 939859 957489
271 197156 994500
272 250737 948223
273 48898 151700
274 142648 570691
275 739377 776082
276 57418 194116
277 697828 872439
278 547947 298421
279 299133 77073
280 625316 318026
281 34743 592598
282 325347 742349
283 133935 232340
284 694651 532106
285 484150 356314
286 541581 639164
287 143603 457496
288 628811 56487
289 68013 51207
290 606198 217353
291 969163 997886
292 864064 353076
293 84035 860410
294 187412 757532
295 237292 587480
296 712865 615683
297 194317 583545
298 415907 557991
299 850896 793240
300 319411 992410
301 83687 91440
302 964493 522024
303 806918 59531
304 330052 344751
305 788403 687536
306 111009 541601
307 839781 37835
308 605160 419059
309 398281 741801
310 326441 575944
311 381443 901410
312 212694 491739
313 272627 450141
314 674671 621578
315 650578 569280
316 726434 723261
317 262804 918661
318 106344 427562
319 158105 826228
320 747916 664976
321 462129 445610
322 431090 661348
323 206037 811455
324 402989 702577
325 310918 965766
326 883320 229317
327 142662 750131
328 265976 360425
329 828636 45831
330 415680 379356
331 901425 503823
332 596835 123427
333 225407 665398
334 110511 178432
335 831797 793705
336 16070 695703
337 430883 360675
338 692623 152125
339 758748 462562
340 225763 912202
341 621504 628839
342 205897 271221
343 667854 222610
344 126426 139376
345 693253 440945
346 317051 979673
347 994430 954211
348 648905 766425
349 14727 70414
350 968725 53911
351 52707 940427
352 476814 398716
353 344261 254480
354 23419 871441
355 82277 43365
356 233998 689259
357 352577 974735
358 62305 921751
359 509393 642624
360 474521 458982
361 650671 40096
362 209706 777886
363 740997 75643
364 218889 32167
365 16414 438142
366 128705 887306
367 380285 182397
368 678203 932245
369 276262 231162
370 208915 746103
371 713217 483802
372 664855 234271
373 790274 276954
374 769967 216544
375 213213 573262
376 547535 982559
377 54000 530582
378 925206 165400
379 560141 294416
380 720512 412016
381 978218 792257
382 662525 336174
383 330148 750196
384 24404 118306
385 184460 785351
386 151784 292848
387 429411 901258
388 911447 668111
389 986096 679124
390 852679 575597
391 515501 924473
392 311654 604398
393 459924 336448
394 224781 44111
395 852249 928006
396 907841 157956
397 46702 423564
398 594318 420369
399 54391 763596
400 322823 122163
401 290858 90842
402 363864 637615
403 57761 623061
404 670905 449602
405 70657 588757
406 940619 516030
407 442167 792505
408 504174 820261
409 745554 238961
410 741855 909778
411 695805 260807
412 795482 62297
413 494492 60941
414 928983 791795
415 843497 288386
416 997205 536493
417 608466 263922
418 634978 999470
419 482306 519148
420 100223 639662
421 590893 985819
422 302255 942470
423 232201 647033
424 362473 984405
425 929071 533376
426 491386 262595
427 920099 34437
428 124957 754364
429 482376 99942
430 2637 58291
431 140755 151757
432 349378 430995
433 997863 954799
434 213775 499697
435 560304 857141
436 457788 761149
437 309889 208479
438 418392 433209
439 340708 761045
440 937339 740127
441 578565 829040
442 789157 785206
443 147630 845448
444 187114 177471
445 266058 680178
446 785694 982609
447 958843 243081
448 181874 829744
449 675930 93776
450 524077 798991
451 306325 601427
452 47065 188944
453 954811 662345
454 473437 134892
455 886806 279508
456 567249 304905
457 833884 322458
458 272596 158146
459 192913 106296
460 249121 168119
461 278868 119999
462 975619 761313
463 550816 856361
464 714084 120945
465 253667 756047
466 959771 205815
467 874238 657830
468 172878 273659
469 995155 466698
470 512610 989484
471 652535 80817
472 928350 97938
473 401310 665695
474 6989 197530
475 692265 325512
476 115659 554985
477 840108 768030
478 839219 100509
479 727188 389234
480 16065 681151
481 667190 6739
482 622282 897322
483 626973 486431
484 376555 735946
485 921148 606900
486 151157 995382
487 414031 923608
488 52460 723882
489 279890 207589
490 922093 450306
491 129172 324849
492 104879 572515
493 88857 953032
494 583533 976916
495 30857 686446
496 897104 259208
497 545549 905709
