NAME : portgen-483-2979295
COMMENT : portgen N=483, seed=2979295
TYPE : TSP
DIMENSION : 483
EDGE_WEIGHT_TYPE : EUC_2D
NODE_COORD_SECTION
1 536084 224603
2 521119 513526
3 766530 439252
4 280147 817332
5 750067 19429
6 740193 744050
7 639831 499628
8 814486 440274
9 534357 295720
10 279461 626473
11 940826 635590
12 928583 426144
13 39825 339413
14 419285 321285
15 309526 249910
16 704335 854422
17 398135 743233
18 373909 200525
19 560558 939542
20 520048 398150
21 299723 724365
22 226931 130514
23 211398 249357
24 317667 935941
25 602677 820031
26 439768 455738
27 952232 11543
28 96219 681662
29 826467 777885
30 139617 566005
31 878694 340605
32 297283 351917
33 719706 15828
34 517118 509317
35 288229 565129
36 122606 598416
37 693042 459430
38 186705 485088
39 683357 917040
40 329925 358163
41 512945 641400
42 181667 743521
43 371216 363730
44 557138 46218
45 23527 358081
46 683406 51240
47 651312 954918
48 275543 701307
49 31322 767501
50 943809 726310
51 565999 400627
52 606016 244514
53 307085 798368
54 274070 208711
55 640326 732489
56 124523 780249
57 754358 781535
58 882598 827453
59 689292 342365
60 76373 18399
61 984505 749617
62 565508 561918
63 999130 721979
64 992399 448528
65 152344 388336
66 211017 474645
67 276713 597435
68 233639 732695
69 887041 400132
70 860922 543762
71 674437 214773
72 969844 5127
73 373576 933789
74 485732 89394
75 955788 553563
76 708907 582794
77 615156 555472
78 515292 91353
79 123913 8580
80 10874 574390
81 911326 873937
82 347788 96563
83 58051 909750
84 810405 749230
85 407959 948809
86 341721 599897
87 386576 522809
88 309491 401710
89 134460 10035
90 46625 907776
91 598065 983819
92 437654 577953
93 477009 337080
94 126857 180149
95 539384 323889
96 922289 137811
97 992172 912113
98 202041 74539
99 828197 447034
100 695636 971865
101 799328 475696
102 42768 48012
103 955498 725088
104 145140 37203
105 78463 178212
106 964496 943764
107 469195 686984
108 652100 773515
109 881765 435675
110 894522 983511
111 81553 363371
112 53594 436094
113 149480 866025
114 557129 338564
115 567311 584403
116 256570 97257
117 931572 868413
118 943280 654301
119 514623 750669
120 925853 703493
121 455315 691181
122 285627 555872
123 242336 558918
124 84216 556078
125 762632 336016
126 517410 489632
127 879722 111232
128 715294 702071
129 544123 174355
130 104732 301196
131 210464 394470
132 111349 374969
133 722897 273315
134 658136 913323
135 444647 93182
136 689299 325686
137 673043 558506
138 466101 591920
139 483648 942361
140 720799 447409
141 321901 382774
142 233832 266115
143 373939 862100
144 985907 556603
145 145515 669965
146 996164 601300
147 306022 832671
148 14194 129628
149 18138 727121
150 89771 650416
151 75269 141855
152 835279 315223
153 14114 134635
154 255800 613607
155 737293 853194
156 716163 987519
157 28839 434767
158 305031 609163
159 88448 278678
160 360774 593268
161 255177 931015
162 823551 794231
163 17912 547444
164 490407 357819
165 544391 331465
166 336119 870041
167 205067 867605
168 731245 334382
169 353935 799064
170 961083 764775
171 773652 707229
172 195829 552246
173 414787 65149
174 777749 511790
175 814759 466750
176 639221 660318
177 182729 758305
178 314297 205228
179 936787 967673
180 583978 679732
181 780700 456735
182 652524 972518
183 79541 8933
184 791689 476592
185 19979 239882
186 831414 576657
187 463918 894023
188 954047 594858
189 748286 65245
190 479933 812683
191 610657 522733
192 773841 864659
193 550765 879383
194 217517 232549
195 788063 722311
196 542692 877343
197 779085 721200
198 933360 196995
199 243310 301806
200 598199 819928
201 316862 712503
202 31857 2075
203 856093 116487
204 886476 318069
205 207540 434914
206 987711 704237
207 179610 861666
208 137039 903357
209 677650 931323
210 39158 882546
211 765623 489883
212 878393 200050
213 923019 118911
214 544799 461843
215 37929 837560
216 708382 430216
217 857705 45019
218 824972 906419
219 343123 912175
220 727619 647407
221 201733 286193
222 193391 905516
223 956688 52808
224 998950 579035
225 798181 814448
226 652195 781467
227 263876 760638
228 111546 886646
229 854797 986837
230 177102 949674
231 773363 974301
232 590450 560132
233 233181 701517
234 510846 274093
235 904978 84231
236 904407 98614
237 133141 224709
238 230351 984156
239 226007 117754
240 88503 36372
241 264114 557962
242 284740 88255
243 64196 734081
244 839766 297572
245 811838 123454
246 395573 69030
247 7196 643388
248 743000 103118
249 153051 968681
250 675165 972532
251 826801 881195
252 490531 761808
253 550334 94233
254 496726 175621
255 696441 377464
256 46880 557224
257 174999 53647
258 554101 704332
259 967104 947061
260 817131 130062
261 548465 542164
262 598927 932446
263 257430 23211
264 608082 371333
265 674375 136118
266 487429 50386
267 421312 711039
268 989492 706889
269 382962 231092
270 534154 359864
271 766977 892704
272 480441 681775
273 574989 853408
274 470102 74750
275 385958 719789
276 495036 781718
277 294306 539046
278 485102 776414
279 459883 779492
280 772315 843444
281 711270 265633
282 641466 336577
283 610487 154175
284 76783 493224
285 478658 700692
286 234230 892353
287 561103 97342
288 635026 766746
289 247858 59881
290 447343 481015
291 563328 828589
292 599017 830930
293 424847 221796
294 408919 84734
295 100551 835316
296 630106 889738
297 752434 833461
298 125633 874623
299 331601 383098
300 46749 808242
301 605550 410221
302 627406 904942
303 156460 666446
304 182701 463375
305 114198 263306
306 367495 375148
307 678941 936999
308 213338 821532
309 513199 808004
310 210943 735864
311 822574 693685
312 446474 670416
313 95141 824008
314 264947 656160
315 940881 968580
316 584045 784482
317 945682 184037
318 113520 188179
319 149648 662018
320 617591 603315
321 708596 600914
322 873790 364687
323 12742 936420
324 443263 82017
325 738320 301625
326 609676 675441
327 442216 78169
328 224196 821068
329 464538 443368
330 791422 968281
331 516797 520682
332 845784 510883
333 554709 766580
334 501358 314253
335 924256 276917
336 378268 431181
337 69684 909318
338 126188 147132
339 251468 368305
340 446219 274073
341 359469 821578
342 864737 972600
343 451782 63362
344 938697 434799
345 629328 346939
346 686821 835394
347 737762 340673
348 225046 277415
349 531229 964471
350 238499 865609
351 684951 74957
352 635797 464246
353 942155 788097
354 810703 469615
355 626386 160833
356 882370 29739
357 814040 444483
358 281460 681403
359 782920 505110
360 285836 277294
361 235351 536886
362 75754 58646
363 591966 303311
364 795383 605437
365 967163 338090
366 336429 781853
367 741918 285386
368 391702 329730
369 7538 420254
370 691140 770379
371 280442 433587
372 148962 352034
373 111588 149935
374 759640 679115
375 748707 921735
376 482031 925791
377 997308 900408
378 529180 903098
379 333039 350411
380 72544 612425
381 780559 390448
382 778475 856007
383 880391 448783
384 880776 462006
385 332894 131525
386 921763 103804
387 756402 364101
388 795262 309559
389 539577 175346
390 529466 688867
391 970271 444972
392 532893 354737
393 557531 945980
394 3377 885910
395 404994 942919
396 448953 545532
397 87360 559615
398 848616 176637
399 677184 784861
400 556771 802029
401 610357 584293
402 149649 59840
403 951463 37059
404 392898 642570
405 342877 583199
406 899721 447128
407 945416 129625
408 163472 235027
409 303088 218860
410 7391 703753
411 771598 95915
412 905234 530865
413 521167 337469
414 954155 696562
415 412637 758203
416 916660 897006
417 832468 946266
418 789146 523143
419 499555 403268
420 191265 322504
421 642891 784517
422 878519 701241
423 171320 353037
424 640297 556494
425 38447 511147
426 222482 980622
427 372223 798567
428 885368 713350
429 751825 203383
430 270693 428320
431 537503 989630
432 451304 20372
433 940307 115204
434 568608 244175
435 958304 810434
436 594729 746594
437 180412 496244
438 481271 790976
439 723691 106666
440 645496 807816
441 585644 750771
442 425868 984317
443 220699 927030
444 445701 812096
445 5958 673942
446 954534 255379
447 444963 380831
448 727774 896297
449 604104 382274
450 219970 380344
451 629346 533630
452 910998 230631
453 925503 471710
454 554753 387906
455 577868 958338
456 267649 939729
457 197424 596751
458 473785 282123
459 544666 70473
460 292598 44009
461 511099 186334
462 24205 577959
463 181088 61099
464 835595 949781
465 570741 9560
466 236222 335785
467 528798 687158
468 540167 645914
469 553347 829116
470 510532 938575
471 382363 375228
472 519497 961949
473 162842 768200
474 231174 867003
475 199743 666675
476 60702 654322
477 811533 210409
478 144122 293560
479 4831 223840
480 690463 279588
481 918362 725636
482 877374 639292
483 575974 892420
