NAME : portgen-544-623424
COMMENT : portgen N=544, seed=623424
TYPE : TSP
DIMENSION : 544
EDGE_WEIGHT_TYPE : EUC_2D
NODE_COORD_SECTION
1 878908 390689
2 83262 807334
3 746577 274633
4 851622 738834
5 510018 825388
6 985730 385133
7 712427 58800
8 890242 949159
9 28672 343181
10 209682 906775
11 64072 441304
12 502116 610513
13 966317 407529
14 755970 622770
15 251369 583412
16 893097 13432
17 629411 25016
18 32158 829884
19 515128 791947
20 534843 457937
21 53386 877666
22 600524 290251
23 189110 685283
24 667550 981335
25 68579 447800
26 36990 394878
27 825551 981419
28 603528 865476
29 761277 58246
30 775176 916692
31 759504 59675
32 203991 52080
33 772002 108064
34 784609 422175
35 869690 204959
36 281608 47336
37 274602 761881
38 869785 669193
39 615752 520696
40 6985 100840
41 646251 697723
42 847594 334676
43 823907 833421
44 809440 577330
45 253013 924094
46 45274 92952
47 922256 329883
48 176328 6049
49 603063 838642
50 420466 519916
51 69530 146853
52 974350 967738
53 801548 339266
54 547284 490875
55 157511 770106
56 56035 183946
57 805232 851081
58 871417 666551
59 137418 874107
60 875752 765952
61 505000 945967
62 1709 349773
63 135428 134755
64 72986 306863
65 960332 530519
66 121909 124877
67 363185 236878
68 44805 462304
69 892491 996512
70 463258 157355
71 696003 935333
72 701578 487061
73 419094 99307
74 91242 572483
75 194454 41573
76 933063 296200
77 878309 889946
78 398007 944652
79 783668 737472
80 922933 339244
81 446774 550771
82 27616 155
83 74103 120702
84 482368 318171
85 431987 772110
86 575309 564934
87 679652 834178
88 832889 208799
89 67657 111763
90 951766 190776
91 351086 335513
92 383930 621088
93 83745 571137
94 97261 363029
95 162775 924103
96 979936 574320
97 564525 691148
98 582046 131068
99 255680 867399
100 654171 210294
101 31650 979479
102 620716 3678
103 690486 597549
104 912270 257221
105 806201 826869
106 847390 420638
107 574697 998830
108 359307 872454
109 986245 336467
110 418108 943034
111 865021 614968
112 663999 221692
113 740460 595829
114 944218 675974
115 143691 235339
116 296529 810436
117 305561 124897
118 343385 930448
119 760816 385099
120 261780 211290
121 584892 760794
122 944921 219740
123 59081 364967
124 910320 342833
125 950688 986217
126 186850 579706
127 723708 418831
128 913765 221213
129 673918 495819
130 660292 760038
131 836732 527170
132 995440 594910
133 241977 86596
134 475717 354956
135 939748 994339
136 962133 643412
137 385779 431891
138 756183 285315
139 891260 245167
140 307926 519246
141 921910 448398
142 15681 383653
143 398607 769358
144 814996 710650
145 882920 256789
146 454731 405860
147 445351 267441
148 249156 941479
149 375015 513030
150 463557 773766
151 473707 665152
152 34906 431441
153 64306 738452
154 564024 340054
155 20224 144406
156 406217 963267
157 612899 403503
158 305306 430872
159 81819 727999
160 345753 300497
161 711581 962687
162 891398 165982
163 520632 296980
164 608506 954337
165 367584 17731
166 721290 551206
167 224943 163520
168 113029 958643
169 835499 612177
170 78347 967735
171 687539 86997
172 364896 582422
173 545207 492043
174 514461 279368
175 746809 952175
176 332973 420677
177 145445 445826
178 52475 922501
179 440209 871385
180 318412 105663
181 902953 951846
182 261707 52489
183 456867 319220
184 598370 30476
185 858296 813262
186 916410 802450
187 981189 393577
188 967524 290903
189 817241 445572
190 113507 598130
191 856771 737120
192 635925 261920
193 114778 769444
194 289498 172453
195 706653 793809
196 360272 805022
197 753881 265084
198 51324 885088
199 105807 971318
200 614898 254303
201 674802 68889
202 165861 148678
203 95404 595852
204 784751 883525
205 331047 283031
206 633002 267756
207 164732 524602
208 745391 97930
209 197965 996623
210 1164 571778
211 213412 627051
212 415578 603992
213 138460 847521
214 636589 832511
215 298173 371671
216 506151 933715
217 114524 830476
218 965127 589015
219 572387 111323
220 516529 16847
221 571479 292875
222 171288 134874
223 580396 733220
224 389444 149889
225 126623 203803
226 248499 273295
227 673145 243226
228 748151 741086
229 954364 335385
230 183551 506389
231 23465 673428
232 366996 314200
233 711551 340127
234 96467 29858
235 944205 12170
236 708485 48075
237 869999 797361
238 323279 940116
239 953906 172351
240 855840 397373
241 893156 301203
242 648960 791783
243 348205 832723
244 566719 800324
245 118924 625000
246 492547 542528
247 167117 504358
248 308362 523403
249 422876 373927
250 811594 640279
251 779314 217093
252 294048 729250
253 310646 947295
254 624335 881361
255 895021 915428
256 174367 154039
257 216461 558550
258 13841 480936
259 506311 862637
260 5838 188148
261 917250 722540
262 218264 303925
263 232856 491392
264 754027 140748
265 486714 375984
266 315781 72544
267 277330 940412
268 223006 739117
269 84742 90409
270 777941 867269
271 326411 704081
272 794486 930775
273 707750 770007
274 324264 863191
275 271502 816969
276 769375 282127
277 887212 435609
278 324498 706769
279 939762 353636
280 506243 571529
281 862552 533925
282 103419 27751
283 589017 470285
284 359552 285685
285 850800 243834
286 156671 643120
287 591135 188868
288 418772 635122
289 835327 782654
290 979427 526086
291 551630 400391
292 634505 915185
293 513432 781855
294 969124 249578
295 351394 752721
296 379564 799057
297 239609 534107
298 710597 683290
299 112946 605617
300 512003 72627
301 934680 541610
302 883764 745415
303 265338 368984
304 647622 972027
305 922177 542643
306 737644 690183
307 2241 753522
308 191965 63494
309 294316 569312
310 317153 905726
311 357338 753935
312 773682 778172
313 309154 615060
314 759356 845719
315 923530 49788
316 987500 863299
317 860477 436783
318 788442 861446
319 398150 880983
320 723219 449938
321 487539 399812
322 932425 445668
323 395383 625629
324 25375 461437
325 224953 95537
326 923934 267227
327 682087 462214
328 85126 71380
329 681133 446980
330 956973 403892
331 970833 766639
332 248807 472238
333 55104 337832
334 757758 556572
335 358138 566336
336 38118 832879
337 344359 221616
338 981791 90111
339 71847 311467
340 693045 237773
341 933927 312375
342 888746 519637
343 78955 220861
344 614491 388238
345 381678 450610
346 103687 841577
347 522844 156883
348 411819 654660
349 55453 710808
350 463876 305272
351 553781 713907
352 768391 987179
353 161609 611558
354 378481 162450
355 383259 864265
356 456888 292895
357 65301 506363
358 300205 129255
359 243794 91924
360 60419 400444
361 282378 46950
362 92696 52866
363 12554 324211
364 64487 357179
365 60007 370233
366 711630 909397
367 928208 828780
368 780884 641032
369 247073 382382
370 219432 949699
371 977066 522567
372 327818 981234
373 168231 56736
374 748881 469977
375 144329 87608
376 590172 698274
377 650801 93643
378 593641 644384
379 785699 939611
380 206295 520577
381 364485 996098
382 943017 433559
383 887198 934321
384 965076 84067
385 338131 243468
386 380374 773817
387 947594 972811
388 810272 584104
389 396149 999052
390 459224 368169
391 538511 124876
392 150884 539429
393 5747 715531
394 966379 494648
395 941581 846563
396 675955 163005
397 44251 975964
398 569325 203249
399 574973 355006
400 170962 584127
401 660587 749829
402 10752 776159
403 549096 465296
404 547390 111371
405 87895 878110
406 678005 291050
407 998029 359731
408 844622 201479
409 951847 967053
410 864234 683949
411 359348 610069
412 913105 754003
413 582880 630544
414 763064 171435
415 423714 344976
416 36714 284777
417 911156 581114
418 690164 247460
419 126846 791152
420 694807 804268
421 763684 999325
422 630413 257632
423 487215 65885
424 249899 290247
425 393083 938780
426 440184 403538
427 931292 825985
428 547413 375810
429 838672 429637
430 85994 301636
431 338449 756237
432 416564 283627
433 114426 678679
434 660637 740397
435 872516 778736
436 951579 661600
437 573970 925454
438 243764 955810
439 678777 87119
440 206590 207070
441 791872 333426
442 85440 122078
443 6526 280476
444 868212 627529
445 466688 11485
446 586823 386448
447 918635 916070
448 852688 102083
449 425355 704959
450 13867 531404
451 387107 162780
452 83656 186013
453 146907 106757
454 318097 809213
455 819459 266937
456 507597 211142
457 962949 74509
458 714812 952000
459 837601 500494
460 430938 12342
461 253324 955677
462 726529 341111
463 391629 788799
464 577943 387957
465 778546 137006
466 637712 869564
467 267660 939653
468 699472 580730
469 370477 10930
470 407266 54525
471 442875 367717
472 196590 454346
473 758161 631146
474 659919 577524
475 524440 63889
476 524140 37398
477 926413 876861
478 893692 517543
479 895119 144003
480 486540 566177
481 736280 307167
482 401947 764933
483 824061 139879
484 14551 508603
485 316348 83666
486 292081 260077
487 976053 367049
488 488201 215925
489 29264 849668
490 447419 874085
491 893679 433940
492 901417 212369
493 400726 330545
494 467617 502726
495 115591 559593
496 566178 861874
497 694582 323599
498 762444 182797
499 391664 829541
500 966144 542235
501 601881 810250
502 130105 650354
503 170209 90199
504 135981 714043
505 476135 563147
506 49926 392393
507 28411 926946
508 999998 874406
509 612585 78347
510 2489 641264
511 748215 185010
512 542458 774113
513 481784 481830
514 129971 325698
515 196839 398001
516 79944 315220
517 373533 884271
518 824159 501286
519 405528 974470
520 212370 526320
521 717960 389270
522 500237 474327
523 811377 381167
524 319415 920468
525 841815 280613
526 52825 65965
527 632701 568142
528 462290 286660
529 436717 245833
530 826195 668923
531 684671 161510
532 501672 949815
533 845186 660655
534 892156 554084
535 115569 618831
536 554990 692116
537 236532 721875
538 588438 682250
539 552309 974315
540 311822 195123
541 45113 884138
542 499503 527915
543 713330 918433
544 813548 423718
