NAME : portgen-513-8966015
COMMENT : portgen N=513, seed=8966015
TYPE : TSP
DIMENSION : 513
EDGE_WEIGHT_TYPE : EUC_2D
NODE_COORD_SECTION
1 455211 583960
2 262639 577099
3 773737 344750
4 559316 273094
5 30689 929562
6 10019 327306
7 533741 887800
8 489845 606425
9 603221 804893
10 700923 469676
11 160330 927356
12 474139 418176
13 879105 462452
14 452629 826711
15 561227 523540
16 81080 116233
17 803633 121530
18 82138 840788
19 743528 191988
20 511558 96599
21 479653 664834
22 193848 342624
23 35202 711372
24 495245 346737
25 389767 881613
26 899159 498733
27 978198 727133
28 926258 338977
29 780326 141109
30 494960 932948
31 601221 367328
32 761535 934090
33 449908 345185
34 133458 191116
35 852598 778473
36 111180 256484
37 415125 819310
38 570516 661596
39 949157 747006
40 491917 540128
41 682125 311519
42 331750 628278
43 922318 713751
44 354698 869543
45 671621 736953
46 707329 552411
47 339390 733085
48 985419 223169
49 249708 374537
50 772108 373605
51 762214 748238
52 854820 849639
53 199487 587639
54 166982 349919
55 804814 212507
56 984279 910783
57 469488 758007
58 225619 48809
59 27938 28450
60 948670 226739
61 95476 758920
62 419008 478993
63 16259 362941
64 401663 565486
65 619822 982876
66 494614 599237
67 942191 279410
68 555848 771342
69 842031 573743
70 402659 873508
71 685812 326247
72 920872 444881
73 641477 948409
74 133403 860397
75 716825 622478
76 821505 684222
77 754715 789231
78 878990 162976
79 806046 575410
80 293790 428145
81 745608 593239
82 947260 931305
83 526694 658031
84 989910 24606
85 116530 277209
86 915406 167541
87 311624 326192
88 405234 411253
89 4205 629776
90 600002 853282
91 556894 826253
92 271695 191677
93 237268 901375
94 651977 10886
95 752715 897817
96 781432 817424
97 457213 125449
98 958102 518271
99 14623 594680
100 39647 230223
101 944203 503626
102 260394 863542
103 65583 995251
104 412527 563037
105 551963 977615
106 510998 795160
107 822694 395973
108 646713 928183
109 136025 821810
110 973203 8423
111 643408 395230
112 984959 886306
113 333006 411779
114 907147 448081
115 260609 409982
116 998726 441167
117 77813 622387
118 342284 761734
119 3559 875722
120 544964 309084
121 765349 830167
122 37683 744292
123 254409 386201
124 832465 570906
125 792443 546323
126 611124 566541
127 334070 629664
128 231497 503036
129 425813 638007
130 521258 303849
131 991692 536805
132 18073 242878
133 212265 680830
134 757477 78402
135 141564 260511
136 95718 565118
137 29366 426879
138 397299 76866
139 61159 355294
140 654808 829969
141 985966 269139
142 926823 956760
143 418290 461920
144 423093 834934
145 410121 661453
146 4256 925156
147 734157 284452
148 213365 200230
149 800800 610803
150 346992 177542
151 325042 477170
152 916098 962473
153 560357 341984
154 639718 377310
155 211373 769576
156 79942 590878
157 227886 859804
158 299592 66535
159 802647 733621
160 29513 12035
161 880030 146674
162 731409 964021
163 935468 618548
164 649020 66892
165 866522 55314
166 437147 683848
167 143921 885232
168 750027 395087
169 41253 67018
170 657167 351755
171 659273 689472
172 805421 398086
173 781423 857582
174 193747 770135
175 348983 594817
176 551209 733908
177 744280 291678
178 740394 641193
179 333249 30865
180 212446 165269
181 300731 572700
182 720143 859618
183 110303 390469
184 785456 829800
185 78381 442010
186 872787 32511
187 384637 434695
188 460825 146121
189 402393 439730
190 223627 294275
191 285299 618155
192 854446 701252
193 754583 864447
194 963705 284303
195 774929 359557
196 609630 211453
197 988636 215156
198 478967 626761
199 304835 370726
200 937260 635301
201 455188 754016
202 546508 54708
203 309518 933054
204 879461 43028
205 537095 875947
206 677488 48946
207 255936 852888
208 555638 89278
209 584064 504987
210 380650 483541
211 85634 414730
212 892539 443080
213 986821 118770
214 486003 329928
215 125177 527771
216 266660 359364
217 902635 347679
218 616787 236353
219 362218 1557
220 145613 665304
221 280383 458718
222 903652 291387
223 273923 194900
224 318913 545556
225 228334 360196
226 140757 974906
227 245548 409489
228 368641 95823
229 851381 198829
230 437921 73165
231 570836 877903
232 897414 871790
233 595564 218770
234 145293 964549
235 578965 360738
236 770365 38507
237 276652 20453
238 342783 110727
239 169181 483050
240 74439 890998
241 267389 287174
242 892006 52011
243 956934 388756
244 461950 30844
245 752115 398016
246 91059 397668
247 422592 784875
248 894939 241875
249 182065 883199
250 948603 163195
251 25718 835862
252 471117 337336
253 92807 853583
254 82900 193537
255 452554 979884
256 633873 820536
257 446713 39904
258 982105 173167
259 455311 112538
260 976851 353688
261 36704 262093
262 15946 415769
263 335019 934503
264 567390 939316
265 927646 489200
266 27827 975644
267 30496 94554
268 257124 446852
269 840460 852101
270 69906 783767
271 933445 349411
272 53992 398426
273 361312 828965
274 381722 6822
275 449855 960436
276 674485 242748
277 955553 459402
278 135368 50074
279 805365 376562
280 80211 645954
281 13123 230798
282 123630 668786
283 46439 284461
284 766544 48287
285 678592 153139
286 791445 448488
287 662683 16415
288 679203 793956
289 306540 556543
290 280401 284945
291 129137 190827
292 859104 281692
293 476076 797028
294 852013 361709
295 48115 972662
296 680308 792172
297 173509 916766
298 992322 484956
299 686728 37577
300 719223 567356
301 522424 825178
302 726421 164909
303 831298 483658
304 383643 673860
305 983326 338339
306 198060 443655
307 328447 107548
308 965645 220950
309 57288 206864
310 676464 561483
311 597733 728966
312 329064 111236
313 630714 966266
314 722067 497773
315 185116 195544
316 410312 632679
317 573217 942061
318 86885 685481
319 862379 751556
320 316046 255125
321 739739 645149
322 685245 486632
323 374929 951342
324 463108 62272
325 286051 26055
326 762888 188954
327 852460 523678
328 157043 889744
329 251961 784360
330 78024 145817
331 621278 632087
332 357814 728200
333 598599 552910
334 758410 841815
335 732619 14303
336 757842 995016
337 920812 650408
338 798594 408778
339 876506 805386
340 954192 740969
341 714304 937707
342 419748 39299
343 574266 778224
344 274865 845016
345 343461 533974
346 927071 20563
347 18937 301743
348 497283 744723
349 724336 34837
350 688037 966150
351 74835 657722
352 108079 545081
353 311751 825181
354 769205 813160
355 949412 378818
356 614879 406944
357 440898 544050
358 218745 600714
359 613150 56070
360 230917 853876
361 828574 723572
362 153777 766468
363 939467 100120
364 886936 375730
365 338657 973412
366 639572 63345
367 855973 575373
368 126090 307360
369 496808 875698
370 820553 973551
371 165074 218795
372 614099 489585
373 705400 203498
374 866785 252468
375 362275 397162
376 857787 348605
377 696180 714625
378 326577 11489
379 801748 532706
380 418990 4390
381 328373 893507
382 992607 975860
383 213744 396083
384 792844 951313
385 838649 15247
386 733928 360681
387 693794 833754
388 996088 479968
389 27392 439152
390 439890 927978
391 298371 354230
392 956740 334266
393 645038 746065
394 70738 880113
395 361629 730007
396 514515 545494
397 37048 805306
398 239622 804393
399 525000 780345
400 493496 225431
401 176105 427633
402 812578 434297
403 98790 503557
404 391865 361913
405 69586 580512
406 940751 921635
407 171076 688983
408 489874 782879
409 856458 187301
410 736238 409350
411 871083 12498
412 457817 613218
413 839141 306295
414 548102 259496
415 734963 492531
416 88102 665479
417 369566 859378
418 987226 376736
419 183153 267756
420 844391 862159
421 889607 883437
422 143874 952278
423 858924 502017
424 87676 423830
425 966164 933326
426 256290 265503
427 45382 964
428 137328 510626
429 58066 953200
430 447071 722054
431 320403 124108
432 517521 207426
433 690904 57313
434 777760 218797
435 830059 987857
436 695202 432627
437 221136 802911
438 153060 605579
439 967115 456853
440 475889 328514
441 248229 594902
442 812425 12908
443 172128 963994
444 147957 162140
445 168474 929912
446 598975 964356
447 437697 856534
448 166957 456980
449 662301 340963
450 799218 253344
451 534901 630823
452 947941 637649
453 685097 661388
454 453077 32473
455 828836 173334
456 362668 895925
457 784726 517158
458 123078 356047
459 686411 660987
460 40469 233924
461 395012 436797
462 419578 576714
463 452956 64378
464 484686 583486
465 117814 491672
466 152501 934641
467 628016 302554
468 965846 352303
469 810176 295267
470 889830 816081
471 277582 486970
472 121671 934549
473 534900 162178
474 544777 860982
475 403578 102578
476 972293 78815
477 223148 307546
478 100843 600259
479 2806 645386
480 671803 332793
481 851211 157810
482 142643 12754
483 895751 875697
484 774254 850176
485 982257 960899
486 811269 825428
487 257408 937890
488 261630 316197
489 213648 112032
490 475871 852696
491 61572 839299
492 911682 785021
493 640460 994691
494 791998 615261
495 406802 90148
496 578048 960000
497 313010 928930
498 4811 452154
499 229561 183780
500 672918 218702
501 948529 432745
502 385111 550881
503 41006 132993
504 167132 438127
505 667085 106151
506 808260 387544
507 238583 581655
508 754744 891211
509 844799 213713
510 7943 443597
511 646135 590474
512 177257 763554
513 12370 378523
