NAME : portgen-412-8025616
COMMENT : portgen N=412, seed=8025616
TYPE : TSP
DIMENSION : 412
EDGE_WEIGHT_TYPE : EUC_2D
NODE_COORD_SECTION
1 699915 563575
2 357936 47747
3 604722 292525
4 752082 235278
5 354860 683215
6 117703 377608
7 307201 284969
8 296286 559401
9 896582 827855
10 353744 768054
11 54236 193410
12 627367 501727
13 652826 645018
14 215806 508106
15 259043 532931
16 602178 567003
17 272556 134583
18 943383 887132
19 536970 955102
20 446331 887856
21 219234 4904
22 592924 978450
23 843301 458237
24 509728 58951
25 897804 788744
26 290396 590610
27 313227 389443
28 944020 132912
29 291018 223352
30 104364 717590
31 755554 796979
32 788947 467004
33 463980 112799
34 784683 328751
35 441667 838048
36 49673 837631
37 930051 565000
38 477657 463625
39 880183 237924
40 557706 519914
41 353999 992453
42 403742 541453
43 777376 805199
44 778055 805552
45 670603 830584
46 102449 208219
47 513434 608282
48 838182 381602
49 74853 27924
50 500792 379676
51 578054 271804
52 501244 377890
53 434745 297943
54 186868 771774
55 612067 138821
56 354856 485466
57 552749 273779
58 615141 547335
59 283545 180664
60 628821 82378
61 37945 756759
62 827958 61991
63 259994 777868
64 336387 552160
65 130254 179714
66 276756 108409
67 625857 418884
68 165057 868533
69 439704 129962
70 926311 230041
71 521653 597391
72 176731 588224
73 792638 345689
74 380261 451443
75 348288 60314
76 45215 522692
77 897669 321077
78 102919 469644
79 645947 82359
80 212832 566212
81 858238 56906
82 845462 382025
83 617168 757465
84 308734 964524
85 481141 269451
86 167074 832102
87 832376 568506
88 37163 515253
89 859090 506880
90 959071 790349
91 131921 254027
92 339328 564042
93 321475 219850
94 262946 243831
95 801716 407592
96 559798 475179
97 648821 656860
98 62966 689551
99 765015 608224
100 551061 277384
101 486599 873380
102 492371 557938
103 928393 791187
104 183364 333626
105 999602 883068
106 206698 402116
107 280642 805240
108 6413 383059
109 408084 188601
110 319059 927616
111 992450 700509
112 413463 203756
113 782851 293693
114 339730 274437
115 640113 245975
116 331889 525463
117 507278 76002
118 583651 729804
119 973385 534087
120 557628 938416
121 811765 74344
122 924772 874100
123 415141 859288
124 61715 445065
125 874008 769273
126 349820 490577
127 968110 305085
128 945495 961136
129 366102 416368
130 974287 198588
131 817802 649276
132 775997 61185
133 71303 132353
134 477344 406541
135 390098 147125
136 321344 963019
137 314593 549785
138 577795 501872
139 732398 108377
140 258260 821715
141 927591 923362
142 300149 441525
143 428173 682612
144 749465 446092
145 4699 451297
146 252460 566843
147 143988 410503
148 617072 848746
149 759751 374986
150 296305 913269
151 126889 953338
152 186804 52293
153 841681 426458
154 190428 526585
155 876912 262883
156 211670 920009
157 411668 522990
158 946127 250958
159 505287 365494
160 444113 222556
161 372602 102358
162 110236 476829
163 20235 368005
164 776214 262300
165 708104 151336
166 311444 205813
167 231464 995377
168 610045 7582
169 511693 777159
170 495398 177214
171 177324 383971
172 1978 782143
173 78695 150102
174 456606 667159
175 390268 249066
176 72531 497451
177 666881 144968
178 601825 921076
179 721873 191427
180 442247 834099
181 914764 413269
182 31186 699698
183 85558 827699
184 918030 629525
185 444294 796024
186 794352 838127
187 975225 195047
188 150024 875150
189 435476 965268
190 875003 99159
191 646132 584786
192 820052 874005
193 236572 898174
194 174626 531766
195 909818 782345
196 89551 882168
197 332864 699373
198 382861 339196
199 408745 806930
200 632118 203544
201 714625 491338
202 792156 291109
203 602933 487744
204 677398 792875
205 908396 703650
206 746449 190106
207 281608 659902
208 744547 32596
209 80405 331813
210 316836 746361
211 418953 111100
212 997407 240750
213 81398 303014
214 45971 684116
215 592114 662279
216 197751 642600
217 56872 171352
218 352710 456026
219 303177 160150
220 129457 203975
221 817769 842813
222 214929 163457
223 363392 978451
224 884761 92113
225 617974 79847
226 293225 724629
227 214816 969838
228 5792 72024
229 434465 620803
230 938398 146907
231 184566 517248
232 663417 704420
233 885881 903635
234 975176 118151
235 296509 766096
236 147834 988291
237 713838 236989
238 453136 694323
239 896283 27568
240 234957 9374
241 868548 425167
242 745717 445207
243 477712 680503
244 979183 352452
245 285471 449074
246 480849 185026
247 863641 363361
248 56140 829478
249 128974 977940
250 710320 669069
251 82167 857192
252 857156 608600
253 211298 868057
254 978911 769609
255 492125 325289
256 92841 82013
257 335332 489324
258 666058 999540
259 653607 300056
260 648279 56402
261 774661 997236
262 407830 627440
263 683928 290642
264 131134 105238
265 25690 585078
266 715411 126674
267 535443 909668
268 916532 786535
269 89835 256392
270 779149 478172
271 26895 679126
272 704172 229068
273 674412 483613
274 777195 236201
275 679432 765498
276 698343 23735
277 952250 125242
278 953657 955493
279 321749 947488
280 692068 424763
281 778222 722519
282 990460 13953
283 298393 413714
284 377840 106263
285 814912 182444
286 222345 417406
287 620623 882780
288 358059 750925
289 44985 282588
290 673782 728435
291 968893 183646
292 413170 600926
293 806856 992892
294 136214 521490
295 611274 502817
296 408694 983571
297 441480 596704
298 255826 609488
299 58502 821391
300 871009 923487
301 438627 494606
302 562418 950996
303 796605 514697
304 610565 351323
305 318386 960764
306 819279 800259
307 336214 189250
308 16068 794650
309 281038 393755
310 758126 688905
311 355212 556448
312 235254 891425
313 743817 727738
314 854988 669626
315 86175 843361
316 140360 693662
317 964202 713018
318 909156 168633
319 847432 223919
320 584858 12205
321 711854 742458
322 763363 922369
323 147605 852245
324 748316 550055
325 852886 528087
326 754500 388876
327 735216 27647
328 783126 744965
329 530404 849400
330 41840 627971
331 667265 386645
332 766465 306180
333 248910 76820
334 36896 413844
335 41645 163823
336 46333 730983
337 540869 230039
338 934404 966335
339 821232 207607
340 108298 998852
341 197334 5588
342 627786 458204
343 176096 753714
344 927196 658021
345 464107 832335
346 131737 433587
347 182274 421034
348 965871 980870
349 201588 533323
350 987964 181269
351 31012 540709
352 441756 854034
353 330753 748912
354 761089 277012
355 851550 29412
356 817768 872383
357 385292 209504
358 496233 233677
359 204371 345430
360 340308 268040
361 875231 503572
362 425880 860375
363 132810 505624
364 289226 686834
365 899285 185491
366 205246 544220
367 356057 78885
368 181083 324950
369 620295 418281
370 961970 942419
371 549343 581765
372 317712 196067
373 957103 628165
374 7707 321898
375 288224 460247
376 691644 514754
377 634038 802472
378 976023 486792
379 184652 362871
380 672951 5802
381 128617 342808
382 315041 909131
383 480069 236003
384 554670 189225
385 252400 868068
386 225970 882472
387 57205 880061
388 576396 360477
389 869534 623407
390 884352 646017
391 320972 926355
392 13883 893483
393 56874 862438
394 229178 446925
395 598816 945080
396 770280 431069
397 165880 93901
398 716448 666870
399 524560 437651
400 619671 596626
401 758631 384299
402 437546 642206
403 139275 765288
404 500871 740555
405 745597 113585
406 257613 737726
407 764054 727871
408 235522 697547
409 176927 221139
410 192682 813198
411 711442 117019
412 569554 655774
