NAME : portgen-416-8068287
COMMENT : portgen N=416, seed=8068287
TYPE : TSP
DIMENSION : 416
EDGE_WEIGHT_TYPE : EUC_2D
NODE_COORD_SECTION
1 265788 345323
2 122235 513831
3 321733 874809
4 839970 47421
5 215185 360907
6 928651 191466
7 670819 468227
8 828127 812613
9 138428 230607
10 306938 618158
11 695589 462710
12 773725 953117
13 580855 531058
14 53840 404747
15 575412 245745
16 728239 21881
17 649747 347183
18 100827 869791
19 253905 235732
20 128872 303792
21 601315 999736
22 293424 655709
23 988298 564388
24 885069 136547
25 721867 776529
26 928372 125997
27 562262 542622
28 87330 243906
29 695576 775051
30 413004 451941
31 620903 604238
32 918549 911393
33 759591 928915
34 898042 15109
35 479929 263738
36 927544 1880
37 508739 530409
38 689786 569591
39 900448 231102
40 865787 336948
41 835482 278788
42 991742 123470
43 624841 124000
44 103332 738354
45 587591 171911
46 971749 238795
47 755803 865133
48 376247 599435
49 490997 763014
50 965923 418706
51 663940 653966
52 270759 384919
53 941046 649583
54 134255 438791
55 917781 963329
56 140574 957221
57 187460 241092
58 480192 382108
59 848435 53415
60 535145 160156
61 437918 135027
62 49186 61222
63 599798 273578
64 731121 123819
65 589362 40202
66 435336 461657
67 313320 902457
68 196374 878260
69 91328 750649
70 643278 242733
71 275565 49917
72 203208 427435
73 733992 836721
74 189609 694580
75 265335 102669
76 868313 367177
77 173652 925720
78 983370 202283
79 340645 368301
80 188544 62786
81 558255 383605
82 795513 675048
83 687764 90656
84 754013 760024
85 507099 643471
86 192498 153854
87 788080 432475
88 291842 70741
89 961375 123465
90 77852 397515
91 932932 362819
92 935275 526576
93 481946 51730
94 666143 638272
95 214693 105717
96 124247 331304
97 243549 999806
98 50234 121711
99 261837 770733
100 135593 663251
101 875345 66143
102 616728 867819
103 169737 505494
104 431901 647075
105 443773 931639
106 536139 702373
107 153607 82827
108 938538 226951
109 140055 795706
110 624814 566052
111 828819 983279
112 624430 843848
113 768125 126355
114 537125 920260
115 262737 786347
116 638839 314299
117 679691 146213
118 861376 230558
119 209211 852448
120 588037 254995
121 911674 870437
122 13457 648640
123 276897 140967
124 706873 399701
125 231680 923879
126 584585 341576
127 507995 349245
128 24412 561045
129 386451 470515
130 6443 939178
131 296283 579453
132 59037 188778
133 19964 665701
134 688915 504967
135 805929 797570
136 520078 740354
137 564025 700935
138 981467 487243
139 475284 275184
140 819436 207079
141 739903 66610
142 913817 323559
143 490064 59385
144 255261 490913
145 126249 195674
146 541643 704244
147 46518 790467
148 734917 171320
149 306411 312522
150 667173 789654
151 665683 431688
152 580265 24600
153 183976 517974
154 427759 184436
155 859181 965026
156 305783 895538
157 344266 810768
158 397535 592039
159 532935 268570
160 453861 848643
161 359290 376392
162 837793 16274
163 131886 88389
164 160089 539424
165 516959 463493
166 59483 290848
167 416002 854409
168 901296 844364
169 722344 103049
170 926023 898025
171 526450 986691
172 37051 277605
173 836384 165250
174 866450 30244
175 658580 646527
176 11230 766986
177 795563 203679
178 730170 374835
179 15685 725855
180 123304 339611
181 795629 324710
182 258412 961156
183 438576 319092
184 858486 66661
185 974383 232285
186 725588 502691
187 609990 807333
188 837413 592303
189 580829 634114
190 286103 757051
191 72703 434233
192 416120 177347
193 667863 734773
194 32435 454846
195 415832 582203
196 985877 655683
197 128665 693738
198 172436 23759
199 376701 229718
200 440192 244081
201 584421 232336
202 744140 901529
203 573824 576997
204 350866 618216
205 535816 995397
206 342399 560839
207 310023 541101
208 353733 139946
209 196045 564673
210 788720 414817
211 942391 628768
212 626469 730302
213 647864 493252
214 758550 708460
215 233509 260415
216 241436 962613
217 98298 290706
218 414651 511864
219 124210 875018
220 823613 527917
221 538728 467762
222 666126 1015
223 639811 357108
224 29214 398362
225 45874 679183
226 265208 668240
227 996208 179776
228 2644 621808
229 134038 453434
230 486878 61959
231 452786 475847
232 794602 7898
233 456668 874637
234 894713 309007
235 901289 996625
236 110731 797682
237 518799 109537
238 149608 274151
239 632560 446692
240 727658 26056
241 359214 305116
242 221582 171549
243 807629 765589
244 168010 90399
245 834037 540013
246 617151 815202
247 973729 826988
248 417185 741046
249 948962 556589
250 851406 365660
251 724548 582521
252 670703 19818
253 319968 960092
254 446657 824658
255 372147 237054
256 453797 43638
257 619396 946864
258 444808 637583
259 502118 967613
260 590712 715622
261 925674 338124
262 457601 535628
263 272076 528209
264 126978 498980
265 789568 189516
266 827494 807901
267 74545 490603
268 572258 315576
269 685719 274718
270 726741 170045
271 263471 200396
272 499686 118415
273 614338 279027
274 357601 438100
275 554911 888976
276 614067 449982
277 767020 661890
278 538166 916646
279 507975 180100
280 447559 4392
281 274372 171938
282 97917 202101
283 973583 253400
284 543952 500981
285 332525 165781
286 279981 64017
287 412702 701736
288 101554 475692
289 571103 795710
290 997462 355429
291 20233 946878
292 51421 785176
293 915143 655555
294 709984 872444
295 517019 318858
296 771623 184738
297 942192 560960
298 890063 199453
299 787694 797949
300 16860 138646
301 707923 561890
302 440638 199481
303 868742 667189
304 398560 981844
305 746746 882611
306 206662 635531
307 663080 128701
308 232768 89634
309 229745 536957
310 312037 774130
311 465706 746003
312 484121 193879
313 457857 718090
314 623379 213220
315 832994 434365
316 77131 589259
317 48964 114851
318 148767 384702
319 283797 922719
320 552407 825508
321 425809 173027
322 560406 742889
323 853151 25620
324 700616 748313
325 103102 171972
326 576074 574474
327 964954 582494
328 61514 118664
329 512926 325787
330 50714 484040
331 383391 475841
332 429436 921237
333 456801 33635
334 75125 920190
335 275549 207148
336 389017 481432
337 433854 140065
338 198056 891232
339 781048 901626
340 132364 339193
341 205164 297592
342 162506 348954
343 50973 601290
344 159822 127726
345 658049 115132
346 309576 363607
347 647169 345259
348 436490 944376
349 739172 420341
350 544833 961919
351 244572 798990
352 615948 763908
353 966808 278481
354 411968 616000
355 531521 460223
356 958841 385199
357 667737 935582
358 174463 19784
359 828671 84177
360 484746 512424
361 294462 654784
362 375357 313630
363 962575 590027
364 865483 669945
365 173257 919574
366 479264 165048
367 370105 672141
368 380352 819964
369 629854 226924
370 174491 31189
371 772619 75645
372 642980 145624
373 820669 654792
374 988250 333539
375 382683 846463
376 78892 69226
377 247083 625259
378 482655 79524
379 428884 943807
380 383556 146843
381 648627 185044
382 441508 500331
383 687604 883196
384 742219 522112
385 114912 519670
386 31534 495131
387 701493 638283
388 433531 225235
389 407700 750098
390 830974 883051
391 161142 921676
392 286389 26413
393 270947 294219
394 723539 869773
395 984536 497156
396 77744 107741
397 112011 654820
398 999655 277488
399 374151 4696
400 712092 595433
401 247092 238152
402 502565 499631
403 685320 157216
404 782837 220670
405 354311 188435
406 355984 559111
407 959270 886400
408 69098 540885
409 73032 786688
410 500676 410116
411 509044 737522
412 810020 519478
413 272578 793382
414 992565 201862
415 952962 276315
416 442398 187029
