NAME : portgen-404-2857806
COMMENT : portgen N=404, seed=2857806
TYPE : TSP
DIMENSION : 404
EDGE_WEIGHT_TYPE : EUC_2D
NODE_COORD_SECTION
1 727260 370070
2 248407 453319
3 938991 137498
4 16419 485620
5 278620 537600
6 69520 705878
7 52113 335469
8 566310 110530
9 564810 416155
10 13038 212790
11 720480 61173
12 911573 578263
13 704789 724846
14 14937 361054
15 745621 195165
16 306688 916414
17 393225 190294
18 862281 901041
19 931027 144190
20 141166 459017
21 472071 35018
22 799920 539936
23 607745 355935
24 785180 461449
25 759302 458451
26 722068 625112
27 89563 323896
28 95246 810845
29 976845 58112
30 591037 37949
31 206471 872229
32 344454 819602
33 65529 34501
34 905957 512176
35 727724 210375
36 325349 103361
37 656853 554586
38 490722 95368
39 971610 587677
40 483017 893943
41 748001 956824
42 770016 707671
43 988693 434459
44 571960 573622
45 124765 827780
46 995084 418850
47 416466 930790
48 133667 368710
49 378165 245333
50 49214 512377
51 384325 197503
52 978432 865358
53 710450 765243
54 855095 381891
55 335202 660786
56 238885 403222
57 933347 763257
58 42865 787620
59 455763 413663
60 685935 696819
61 656336 660623
62 462961 215346
63 826050 127846
64 124929 791494
65 844136 725479
66 240272 589718
67 252474 822230
68 655057 344779
69 23477 6758
70 664805 201073
71 978696 158296
72 887687 427945
73 171443 334460
74 955889 201119
75 104740 5821
76 243780 586670
77 401197 323735
78 272105 794606
79 945028 156201
80 210300 365671
81 741766 848337
82 717086 134129
83 682090 80589
84 515534 505401
85 591814 708404
86 831731 254643
87 308923 680113
88 453038 69666
89 259426 139226
90 943241 31443
91 182817 968727
92 581194 478465
93 983712 391934
94 872632 118345
95 140140 574468
96 829244 518075
97 414943 956401
98 369341 724053
99 849372 207573
100 974907 101776
101 75034 816663
102 257878 73296
103 823003 275053
104 5476 922731
105 340022 880170
106 921974 826683
107 16061 635832
108 536426 223691
109 433393 760684
110 764787 958037
111 231216 307961
112 530494 490037
113 633370 15068
114 996764 235627
115 857110 177985
116 64190 336695
117 799203 63070
118 109468 356134
119 952666 945361
120 942038 760021
121 958540 111947
122 353557 182103
123 343251 521283
124 987580 924905
125 323031 354273
126 727288 613745
127 350463 796921
128 37586 738339
129 17459 194808
130 963828 466868
131 322386 60114
132 980692 580000
133 921629 810027
134 473125 833958
135 292580 15143
136 236110 508488
137 437653 410514
138 230748 617471
139 957497 733572
140 452451 895031
141 997608 801956
142 271798 390241
143 855599 4075
144 356002 219203
145 141440 299440
146 883008 118708
147 652781 926895
148 523911 450052
149 674293 943043
150 951354 725780
151 563785 254007
152 472454 428000
153 356664 925332
154 341946 960221
155 941322 33510
156 382336 798256
157 53367 664387
158 583859 203677
159 407333 53797
160 56089 471576
161 135734 530082
162 882603 566800
163 451358 982103
164 36033 9653
165 53849 305415
166 275525 997276
167 792250 418940
168 512694 199352
169 748588 607411
170 806381 651921
171 596742 302204
172 163114 669863
173 163706 352925
174 236104 85980
175 475536 541808
176 414018 664639
177 889193 645938
178 450255 566508
179 461757 53513
180 915305 157311
181 176744 734534
182 153839 289401
183 436767 80132
184 635141 383503
185 500680 230933
186 967572 321352
187 578260 514280
188 57558 471094
189 640889 236664
190 116545 884849
191 520345 982520
192 94347 896538
193 128671 540990
194 843437 502848
195 982173 432562
196 564210 365084
197 106730 575447
198 684348 275390
199 723943 648833
200 612305 692612
201 712036 999440
202 969435 590687
203 21462 431498
204 570292 992655
205 517267 909264
206 723071 958908
207 71339 482743
208 593100 811659
209 627804 578391
210 605053 161376
211 356188 986308
212 771198 808068
213 518897 968132
214 351916 987573
215 492818 626060
216 900802 648234
217 719397 207280
218 161777 561437
219 911180 611604
220 303437 317011
221 913185 265045
222 897795 820796
223 76374 577902
224 593886 298661
225 56550 716215
226 923473 736370
227 156015 986245
228 791809 63801
229 280042 762154
230 428909 460025
231 520317 958687
232 689217 200255
233 996078 458025
234 61113 250543
235 406369 15198
236 217773 329142
237 521840 888838
238 237903 619817
239 830293 784952
240 16259 455095
241 688089 589762
242 558664 32792
243 105742 942114
244 959016 519141
245 211201 703752
246 500323 660637
247 205234 288238
248 99237 584043
249 743204 8957
250 582893 456556
251 747609 808933
252 282402 601454
253 28125 333711
254 177705 123222
255 880502 849695
256 104785 760901
257 550953 725157
258 959701 859680
259 753453 400978
260 101017 412035
261 714821 52156
262 667650 949813
263 267589 408840
264 46739 920386
265 860712 904191
266 442111 707070
267 904450 166564
268 350310 927188
269 38808 833507
270 73090 246062
271 188661 558038
272 418123 799166
273 988930 448167
274 992986 255421
275 20649 690397
276 537303 822818
277 148244 678701
278 14444 40538
279 904482 115838
280 251144 100937
281 294902 344198
282 50131 634439
283 661033 546747
284 342777 751787
285 736226 511534
286 866693 498031
287 380329 410620
288 874731 892002
289 903911 988949
290 935368 227051
291 504357 930901
292 669241 759775
293 609288 97912
294 656938 270010
295 505530 803563
296 584410 287021
297 97280 561555
298 379369 690629
299 177708 7503
300 924434 96928
301 544255 4037
302 320053 793598
303 186039 606402
304 153576 388469
305 69412 916531
306 383599 634472
307 610308 447581
308 516526 7881
309 246917 488575
310 255070 970404
311 369038 335274
312 827352 639298
313 967278 862655
314 177978 586730
315 224580 268329
316 738425 515441
317 919536 18836
318 843451 869885
319 320593 221660
320 243248 601407
321 850995 168362
322 14940 535125
323 434525 249135
324 459668 457982
325 594277 516714
326 512651 590978
327 782922 656105
328 358502 28814
329 84501 301217
330 950146 316154
331 285809 931916
332 145221 468004
333 65536 215236
334 619531 75182
335 13056 267391
336 548212 788935
337 894298 738355
338 457753 778059
339 552351 171247
340 280795 938464
341 778154 876761
342 636583 908425
343 982519 806509
344 370219 451531
345 953299 628215
346 250354 245410
347 208604 975856
348 53195 62060
349 274064 276584
350 77372 656465
351 696784 288421
352 177187 655812
353 738559 635889
354 954394 874497
355 673585 551993
356 658594 632969
357 347917 321931
358 65800 40398
359 723311 169364
360 414809 3476
361 941172 342946
362 997809 356590
363 570607 259790
364 611747 238485
365 999796 821863
366 823665 677854
367 497661 728802
368 279870 145185
369 528843 314652
370 842625 942120
371 83197 200855
372 36722 949822
373 687043 907407
374 247601 852013
375 405249 793404
376 450312 35578
377 276788 255509
378 832799 18929
379 790760 448384
380 375942 593374
381 107045 639742
382 31871 731464
383 468795 457738
384 596247 398094
385 634887 158392
386 792797 871298
387 764114 621404
388 553164 905593
389 66158 742299
390 523791 551677
391 469029 163362
392 862543 406421
393 714817 183923
394 645983 766196
395 260007 822131
396 548938 130749
397 679764 684232
398 149323 211899
399 436740 415317
400 396658 781449
401 841249 505301
402 328222 853572
403 324374 286949
404 173035 870366
