NAME : portgen-493-2775530
COMMENT : portgen N=493, seed=2775530
TYPE : TSP
DIMENSION : 493
EDGE_WEIGHT_TYPE : EUC_2D
NODE_COORD_SECTION
1 965999 876243
2 950326 117786
3 412363 259361
4 299840 193808
5 384122 280335
6 372335 443709
7 271629 319704
8 73591 102274
9 22239 653535
10 934765 718423
11 656900 773931
12 797896 525005
13 958907 728598
14 154397 869923
15 944125 77112
16 837265 668527
17 462318 714847
18 490300 607441
19 171317 594071
20 294225 403111
21 218148 664748
22 39936 169588
23 124754 845525
24 729744 909405
25 50468 885861
26 85545 708505
27 507140 427503
28 98200 297472
29 413925 235478
30 627486 804922
31 88043 705769
32 899582 981010
33 62187 707586
34 403772 102041
35 194950 228066
36 372530 112834
37 603066 48904
38 632878 948395
39 266791 370392
40 426805 661435
41 314673 918919
42 242437 139203
43 989068 131496
44 768944 481307
45 652660 782713
46 203668 69276
47 399121 66159
48 30580 105313
49 61681 991032
50 536710 176359
51 578734 359351
52 482600 389032
53 571187 166626
54 466068 367936
55 438434 966704
56 528527 932617
57 582818 844773
58 601254 18766
59 306647 833423
60 950430 956873
61 645904 412740
62 565331 18591
63 649332 13178
64 630234 214034
65 477716 466252
66 482326 898854
67 931957 460100
68 132908 382056
69 336100 397664
70 537949 970301
71 824848 935521
72 530877 695787
73 136808 790927
74 503944 380529
75 416827 17401
76 475079 847647
77 513316 70458
78 694032 679879
79 427393 22499
80 256123 189131
81 830525 68404
82 829987 468132
83 141855 593005
84 401740 887031
85 707964 810326
86 514822 926118
87 416596 933028
88 481793 798256
89 899424 494873
90 324558 969452
91 585785 607734
92 957910 288584
93 635726 413922
94 68866 463825
95 318245 539902
96 980316 449069
97 689700 727622
98 455479 898730
99 518924 597848
100 213993 338552
101 891502 9070
102 55971 447374
103 431616 867344
104 889737 224731
105 434731 280110
106 611012 963568
107 704254 716221
108 208815 381455
109 378704 102365
110 12653 243125
111 74081 803891
112 673038 369412
113 918824 505751
114 870147 969222
115 501411 614449
116 908519 674692
117 60142 44448
118 358440 622216
119 903480 241688
120 79768 254271
121 35217 966501
122 451171 75119
123 465821 176424
124 776031 320288
125 808798 949727
126 28583 549702
127 96437 599543
128 430032 216810
129 948928 11522
130 88934 809400
131 963864 648048
132 144963 180459
133 244892 644511
134 512397 629134
135 250399 32390
136 605423 58416
137 293567 62926
138 214542 524378
139 707453 73494
140 939379 702013
141 556823 858624
142 880288 692011
143 650585 260470
144 529729 879683
145 799555 713928
146 109819 274346
147 991288 47377
148 648848 976801
149 672934 388245
150 860577 941442
151 468971 702537
152 380908 106784
153 392903 169958
154 669414 404426
155 948958 169561
156 687080 69244
157 211967 375005
158 699581 689518
159 656759 97585
160 531611 268090
161 971577 124151
162 768556 308957
163 563419 902885
164 677507 186783
165 670022 44583
166 854964 303027
167 124535 769817
168 14932 487578
169 646657 505283
170 992429 961066
171 603711 432143
172 348071 531464
173 742351 985667
174 505789 682331
175 483958 745962
176 299294 486150
177 718223 815994
178 86477 165943
179 578002 611090
180 91851 905324
181 523301 164130
182 411996 987891
183 565850 254937
184 721173 680502
185 632653 713913
186 183728 974428
187 613626 785649
188 968796 485426
189 405928 952562
190 222479 397476
191 324883 66416
192 94931 764697
193 521281 690833
194 891031 136643
195 203967 759995
196 766405 966154
197 872629 278515
198 777338 629283
199 818516 562422
200 562668 256925
201 579738 553227
202 459851 86482
203 421078 232877
204 391219 953525
205 294713 395643
206 274911 441358
207 407123 331855
208 138918 557147
209 291501 133480
210 210553 936566
211 436420 158750
212 117834 375728
213 134175 630501
214 514576 527144
215 364571 735918
216 94207 452403
217 657848 826836
218 122564 883525
219 659293 763076
220 625778 964134
221 399332 757551
222 926090 267400
223 323575 607655
224 848320 496901
225 144340 146836
226 114706 291372
227 197851 826749
228 162718 127335
229 895378 633015
230 963917 537552
231 573584 628142
232 327746 330578
233 996310 517360
234 515268 139722
235 8279 531263
236 708826 794599
237 989139 63716
238 821860 145047
239 960899 291084
240 213009 6839
241 735122 881561
242 563227 827018
243 162334 466064
244 124656 327270
245 830525 605204
246 368257 519571
247 754796 94515
248 255307 604733
249 768412 862373
250 445540 178527
251 646755 557235
252 283892 137501
253 411713 233145
254 728144 370832
255 664415 696654
256 2678 568108
257 802490 358713
258 169294 54013
259 873346 233231
260 75270 391577
261 748948 652894
262 694181 829751
263 884508 151590
264 510707 851638
265 652002 588714
266 416902 590067
267 626669 516355
268 4161 167014
269 79071 204514
270 657724 108321
271 592718 891425
272 251999 438947
273 856255 715363
274 825389 925045
275 210007 103717
276 94025 916773
277 210370 856826
278 761625 56688
279 930566 767536
280 133340 244698
281 154074 523630
282 713108 556094
283 103936 111252
284 316108 363542
285 502457 453931
286 228623 948300
287 23223 971553
288 297551 832174
289 442523 837355
290 68126 827820
291 221024 743170
292 718297 407303
293 434639 893272
294 876959 70575
295 412419 892908
296 850906 715528
297 702056 203792
298 879697 644417
299 868202 280446
300 141396 24081
301 272839 988034
302 856918 382187
303 882692 350855
304 198476 803067
305 422186 868352
306 179728 859991
307 355117 240431
308 393792 438546
309 821574 509315
310 676396 459518
311 243050 35662
312 222146 478375
313 181091 240588
314 91382 641036
315 88860 946696
316 633698 639456
317 415168 199773
318 648091 361033
319 388052 477865
320 13511 996093
321 71697 367643
322 394178 952900
323 649857 815244
324 493382 223680
325 22700 639109
326 553034 227165
327 191585 194699
328 390383 633383
329 572866 657144
330 734095 521659
331 962802 720610
332 789555 426092
333 796655 812085
334 465812 402217
335 590574 578548
336 945163 597893
337 486615 37287
338 906483 15885
339 844077 27446
340 87992 547708
341 667722 434237
342 906940 567201
343 983893 913088
344 849900 989075
345 403118 836005
346 895220 985835
347 887291 434962
348 50929 473804
349 881028 356891
350 46416 633972
351 971166 465935
352 135688 474992
353 971386 118797
354 320224 624383
355 210806 477295
356 783482 583790
357 254026 898089
358 626438 976966
359 833318 354592
360 375162 322850
361 931056 108920
362 355800 956601
363 607381 479228
364 462204 11622
365 65900 787686
366 695660 219693
367 816640 610697
368 764225 83931
369 180211 8850
370 940762 6927
371 79769 495307
372 613912 80268
373 904948 786300
374 630035 930690
375 827581 571701
376 11599 869405
377 290991 258730
378 938312 751473
379 649294 524991
380 710766 887455
381 938586 311373
382 683621 203879
383 397525 288174
384 969877 173758
385 993140 840138
386 346931 902628
387 527011 803461
388 311250 61651
389 817929 97070
390 18289 855907
391 829933 937213
392 300856 178445
393 849099 384286
394 536072 612761
395 213171 476050
396 114053 6452
397 15710 100624
398 659995 177141
399 968296 810451
400 769017 843297
401 968370 532964
402 912400 971674
403 741767 74386
404 568549 112545
405 409630 554025
406 215401 36533
407 311819 234715
408 773401 932133
409 295663 582996
410 543883 220384
411 319878 159426
412 404740 149843
413 871767 813966
414 990227 555337
415 61693 236863
416 493102 705383
417 687440 464263
418 640506 793400
419 625393 66140
420 405044 916966
421 88623 953075
422 68878 992786
423 156172 954627
424 601711 865866
425 228857 846029
426 186913 412959
427 748757 532153
428 350194 262987
429 845524 448137
430 331167 948367
431 448993 502408
432 707501 492664
433 465402 262325
434 967655 319032
435 78543 818773
436 330421 429797
437 354139 697854
438 33470 906919
439 410668 872586
440 799648 608780
441 968441 542090
442 224169 113326
443 787870 990694
444 997882 194776
445 998861 378180
446 825745 306360
447 987597 586270
448 586544 658826
449 598936 371023
450 959316 249253
451 543958 729125
452 66217 620077
453 877587 644823
454 188790 635431
455 744283 359500
456 265104 650748
457 449275 952987
458 122621 142632
459 514810 121231
460 906119 806576
461 663389 596631
462 359716 829290
463 274815 601296
464 363579 734062
465 820267 388646
466 718129 775237
467 128303 440147
468 343675 317693
469 92814 271181
470 990704 645237
471 475883 876650
472 288656 192285
473 714791 229114
474 946643 158307
475 311455 985247
476 295246 864874
477 550756 570669
478 531124 768721
479 600821 626070
480 276401 559894
481 552009 917608
482 644727 99046
483 883617 388453
484 362092 256990
485 238195 893507
486 195989 356503
487 809776 920871
488 511329 798514
489 45874 789046
490 298165 506093
491 475 737509
492 457660 260373
493 836637 800521
