NAME : portgen-477-2761017
COMMENT : portgen N=477, seed=2761017
TYPE : TSP
DIMENSION : 477
EDGE_WEIGHT_TYPE : EUC_2D
NODE_COORD_SECTION
1 620647 951552
2 759042 974615
3 369313 540519
4 472264 955646
5 259871 720977
6 809276 652386
7 438553 420344
8 863739 7388
9 272904 863791
10 925492 447593
11 104325 359074
12 773310 993004
13 76001 308287
14 283633 740399
15 709997 684150
16 36452 583818
17 411085 173837
18 192065 435677
19 66589 744530
20 695136 182106
21 275513 29633
22 612002 642437
23 892199 342078
24 97621 523729
25 983944 373974
26 981494 518538
27 718238 792855
28 947000 36829
29 540466 585205
30 782549 933636
31 473930 727733
32 260509 77764
33 445464 779642
34 40383 796116
35 528144 521660
36 909767 749174
37 879847 551517
38 466099 585786
39 640836 980455
40 46003 39171
41 767820 698428
42 957849 776361
43 210220 308718
44 323308 333320
45 728373 412422
46 395293 270472
47 216385 173476
48 272338 526339
49 149786 60485
50 176337 306413
51 701241 117165
52 477726 944772
53 606154 283066
54 560689 941876
55 582634 638282
56 713521 207146
57 856832 370127
58 538342 203457
59 511347 87033
60 805425 919124
61 629856 979898
62 619778 221730
63 820418 792602
64 271447 935074
65 945363 183032
66 25096 698960
67 397820 407721
68 325650 560674
69 841595 587722
70 238018 6762
71 797370 236275
72 527894 809248
73 782566 415394
74 650693 994655
75 353057 479736
76 254891 214711
77 115122 993305
78 281317 2281
79 719344 70005
80 619122 45479
81 441470 972967
82 703857 575872
83 840912 477245
84 679251 47583
85 587560 122947
86 552764 516692
87 733975 325689
88 664232 415144
89 864776 626473
90 940413 818136
91 73257 201442
92 315952 899883
93 741561 52128
94 995102 821948
95 566808 848405
96 881423 794012
97 161 115070
98 453997 280677
99 502300 202205
100 145016 367422
101 550618 24219
102 54241 534920
103 406479 53449
104 898759 215238
105 251743 229188
106 7179 897396
107 503196 770717
108 164056 647457
109 972805 588786
110 121874 560234
111 974945 477045
112 902567 220138
113 572329 528544
114 462451 199054
115 919209 610783
116 516385 649537
117 374730 711225
118 810957 175860
119 698246 545235
120 735827 94103
121 79323 406315
122 700073 6574
123 873459 404378
124 891445 780023
125 542741 925453
126 818226 303245
127 282996 534232
128 851037 901080
129 649489 343016
130 723963 230618
131 355202 353523
132 479411 157639
133 149865 600863
134 197322 496621
135 897257 759678
136 756012 192782
137 46045 196421
138 742008 671699
139 194049 368334
140 369101 671248
141 879054 119434
142 475091 688590
143 255580 162861
144 170126 217090
145 561360 210093
146 978537 201624
147 647978 976149
148 338091 886541
149 360270 503652
150 264566 201760
151 210328 523111
152 410922 871493
153 46398 698791
154 828154 594405
155 278651 688175
156 730954 432398
157 781656 513869
158 252081 153578
159 705545 503262
160 819547 263324
161 240593 693670
162 232055 695497
163 549349 232901
164 781859 174552
165 150022 43216
166 843544 599643
167 89682 680925
168 940293 446656
169 337778 961221
170 436509 102002
171 457315 666863
172 397542 298035
173 969500 284867
174 969569 952481
175 426799 105190
176 104681 185718
177 353629 221349
178 358215 610685
179 433428 729997
180 931199 599742
181 361013 866932
182 157895 176648
183 230860 64090
184 34855 483620
185 544369 967213
186 184009 753064
187 76462 714357
188 158642 54875
189 340040 10705
190 337281 938663
191 799472 51862
192 243352 550280
193 682202 976612
194 441747 913033
195 450065 876202
196 411800 854157
197 416852 469296
198 917993 704251
199 590401 683185
200 139393 914624
201 944826 958863
202 615199 488135
203 305717 52818
204 942365 803349
205 539147 381603
206 168937 520394
207 279932 54996
208 187942 506856
209 450080 688599
210 258655 526609
211 473689 351670
212 344227 629744
213 22387 225145
214 137864 588326
215 408639 105824
216 112509 536691
217 471558 955678
218 769726 279078
219 771930 188356
220 362338 175346
221 526532 753148
222 654378 923455
223 402513 60129
224 509930 787108
225 446909 692847
226 566386 2074
227 274546 33568
228 802115 408135
229 487305 659521
230 718409 26639
231 280887 754009
232 441011 363800
233 855071 415789
234 866016 356476
235 652483 127812
236 996925 662971
237 241690 565807
238 960223 471615
239 77124 310658
240 827629 614251
241 737840 478343
242 869917 381999
243 824937 358500
244 95680 107757
245 100607 353937
246 413062 415454
247 535872 234525
248 178420 863560
249 511457 88571
250 963232 930897
251 983005 199271
252 959479 832657
253 955007 88042
254 132157 892546
255 208631 443614
256 312454 379547
257 558914 364471
258 613577 865432
259 218136 206485
260 185379 991510
261 904331 777444
262 393243 721585
263 144806 797654
264 703492 409033
265 610799 872180
266 339458 184577
267 102027 384014
268 301797 358293
269 919429 505445
270 768421 959504
271 140363 889195
272 922377 109096
273 449606 635617
274 22211 814286
275 89718 380766
276 160068 102424
277 477771 91051
278 591439 798427
279 97243 575464
280 530859 596714
281 168612 626711
282 124124 249126
283 303251 423259
284 457169 449817
285 914865 977960
286 843221 403849
287 116766 804613
288 831442 801906
289 299673 302191
290 130146 346379
291 700410 128027
292 878173 14085
293 703567 712746
294 60453 852900
295 80763 878537
296 901123 469611
297 590579 790461
298 116282 736513
299 772428 117764
300 277653 647699
301 335943 720019
302 684140 743339
303 680355 32041
304 224250 463685
305 387483 878693
306 737974 244343
307 494701 652321
308 695590 699001
309 36132 333663
310 132844 566737
311 650830 339404
312 172163 267166
313 642016 123202
314 719709 373426
315 124257 799401
316 577656 835987
317 914707 251452
318 608404 456067
319 633325 225852
320 318494 4566
321 676613 726790
322 720056 514025
323 227707 561718
324 297447 323413
325 148444 993080
326 16804 399001
327 993506 478252
328 70043 499955
329 805311 432687
330 134935 224288
331 398715 998398
332 145190 382917
333 202079 11184
334 524287 980675
335 424614 133872
336 401554 712719
337 185218 139764
338 549933 251829
339 345897 693911
340 197123 142061
341 317891 287021
342 238491 899969
343 400685 579257
344 690797 531790
345 49372 597220
346 931780 652649
347 801237 184622
348 603012 963894
349 541571 580292
350 964092 975877
351 215820 603536
352 126290 6383
353 675188 729782
354 160509 93537
355 77567 490785
356 809158 273521
357 383315 537714
358 292508 746065
359 197161 960568
360 779905 238185
361 469612 943995
362 16582 448737
363 918051 798017
364 586428 178834
365 464575 820150
366 91319 252360
367 616343 706337
368 332902 44370
369 903706 700776
370 607461 654619
371 382096 730229
372 751884 811187
373 127607 987785
374 636066 352500
375 266571 804994
376 377465 362736
377 115716 143942
378 884557 963460
379 987192 419952
380 673480 630818
381 826076 459732
382 486076 422948
383 108688 78929
384 521636 572127
385 410107 304722
386 109999 844661
387 693996 974911
388 860719 106875
389 828278 872640
390 564179 954591
391 810824 166476
392 505354 833756
393 994073 631587
394 766283 193395
395 597648 253973
396 522733 331578
397 290669 302738
398 544620 537435
399 36232 776973
400 950468 20731
401 159506 763426
402 788320 311979
403 994169 210988
404 857382 281960
405 149869 252970
406 197176 793797
407 822303 419507
408 108085 494497
409 169063 183338
410 878328 571253
411 42697 744663
412 621658 389375
413 145215 346572
414 56340 382016
415 980741 649730
416 249492 546318
417 722770 311208
418 757414 17026
419 344173 85846
420 725671 499575
421 462523 582944
422 315067 26395
423 211275 778070
424 709919 901294
425 157522 198047
426 481094 654215
427 796232 300737
428 771238 613188
429 40655 477112
430 554565 977142
431 866815 771536
432 556289 650293
433 790446 614231
434 478730 795907
435 208232 330014
436 784577 267768
437 25816 680280
438 90158 388482
439 948430 320921
440 618136 532027
441 305916 579228
442 827451 3598
443 782915 477956
444 990029 72477
445 520761 143182
446 538296 548265
447 877613 395656
448 714997 194755
449 557128 634786
450 936236 822793
451 829639 388998
452 283157 625495
453 892131 901866
454 826763 792633
455 517822 293282
456 623159 968178
457 956350 411383
458 438846 318549
459 893922 160632
460 935295 595691
461 57103 843943
462 859671 385438
463 500375 395578
464 984611 400321
465 788148 188291
466 561718 155797
467 803098 324853
468 908867 337738
469 622877 416067
470 564751 464366
471 584033 829396
472 137182 925070
473 86079 694352
474 688594 492175
475 895280 319419
476 210143 156807
477 846638 747944
