NAME : portgen-517-2040305
COMMENT : portgen N=517, seed=2040305
TYPE : TSP
DIMENSION : 517
EDGE_WEIGHT_TYPE : EUC_2D
NODE_COORD_SECTION
1 898862 954434
2 973166 2002
3 63763 662494
4 146106 459704
5 914109 36373
6 184772 968538
7 295866 927197
8 678163 852128
9 225969 130626
10 621393 247431
11 656242 173714
12 395988 342369
13 622821 927768
14 622475 512050
15 510676 132220
16 434442 807662
17 453579 101101
18 886998 506637
19 248616 312799
20 483216 970664
21 445021 244058
22 506043 772110
23 844046 75141
24 33912 866953
25 669573 64670
26 982980 119769
27 299703 200155
28 155 91199
29 500854 872065
30 115003 557126
31 413877 833306
32 976487 943445
33 591351 940713
34 462494 523755
35 83150 603022
36 818216 359016
37 461052 556723
38 264451 536473
39 874010 195832
40 342214 531621
41 426913 750410
42 397047 953549
43 718343 601136
44 831174 510134
45 509749 946285
46 44142 724860
47 229648 880194
48 152448 86004
49 783006 949320
50 507659 307573
51 201131 838079
52 524739 137952
53 637756 232569
54 722722 346153
55 481812 399019
56 260024 990720
57 362315 168718
58 512983 689016
59 603658 96292
60 790997 505347
61 157706 513174
62 16096 775577
63 401890 980136
64 834277 323100
65 918966 31881
66 813751 527856
67 714020 943195
68 271597 436192
69 388094 228328
70 440566 29326
71 997477 734882
72 719136 4402
73 788578 530967
74 708764 454070
75 478304 172311
76 251727 459905
77 30353 475778
78 493822 673274
79 124059 581543
80 866355 201563
81 844475 494393
82 905587 452486
83 401541 525142
84 271584 357913
85 380139 982015
86 980252 149587
87 617988 618685
88 253619 697801
89 482821 540317
90 281755 728616
91 856076 252733
92 456745 717402
93 187406 319358
94 622269 261534
95 541653 746454
96 164608 30181
97 848189 458550
98 49073 847889
99 116894 100450
100 750782 90777
101 48146 168446
102 172315 749687
103 316235 998994
104 3160 312951
105 288372 174464
106 51004 862525
107 39890 119900
108 36955 814294
109 646203 447036
110 403412 553651
111 408248 171133
112 607130 289361
113 933868 811805
114 977272 868300
115 302450 254625
116 694640 169870
117 251945 107291
118 677611 993551
119 212843 336845
120 680447 373112
121 673154 175233
122 858122 988001
123 338206 993475
124 423050 558827
125 524682 237268
126 870617 248593
127 798000 496157
128 396136 878276
129 916501 65023
130 72075 322683
131 786151 666315
132 632503 915260
133 501310 875771
134 4403 51888
135 781694 43480
136 391243 87376
137 922354 166143
138 683034 159654
139 373133 110973
140 893225 55591
141 895304 912248
142 796224 979766
143 468473 28325
144 537366 336685
145 605981 801840
146 989148 160954
147 555150 636966
148 981868 585777
149 252878 691978
150 304967 178551
151 620342 312077
152 665602 469090
153 341963 958369
154 452368 818233
155 27683 367810
156 340910 579815
157 459042 270235
158 333535 625196
159 111164 995536
160 933391 915532
161 622892 312424
162 746920 603142
163 423138 79166
164 421774 453264
165 824179 724664
166 707286 554899
167 83289 525414
168 714681 315488
169 453205 525989
170 646230 843277
171 917161 541829
172 403293 690448
173 178948 676723
174 414034 952008
175 213828 902701
176 164002 799614
177 867798 580303
178 471264 65442
179 228787 140187
180 754409 26475
181 505163 926378
182 172003 184406
183 450649 799081
184 176522 768593
185 91287 656812
186 211162 159156
187 781708 30689
188 751529 823277
189 444625 166617
190 131878 357695
191 850378 281586
192 698854 797704
193 219501 780907
194 382895 898883
195 74765 915599
196 138966 684612
197 434702 989418
198 632115 758005
199 760121 372603
200 938919 355670
201 232097 247416
202 820129 856133
203 52322 882416
204 100760 70094
205 360801 690357
206 682547 329904
207 65422 838809
208 887509 820551
209 491676 182585
210 552290 692643
211 38960 803918
212 829674 735616
213 424714 963745
214 339026 925574
215 978367 869113
216 722517 374531
217 805815 441521
218 675148 520474
219 216164 860044
220 910195 398950
221 289231 200310
222 346592 382122
223 876639 335047
224 854937 699085
225 564703 668369
226 418979 834546
227 394236 69805
228 633152 857566
229 441601 378608
230 180985 531848
231 666251 240715
232 159899 961850
233 401125 482236
234 983312 683300
235 962170 552461
236 965613 792590
237 617882 883921
238 273663 204413
239 409682 759868
240 102464 567148
241 522144 960417
242 744589 446518
243 202861 481802
244 214631 843964
245 40395 192911
246 537162 532864
247 897874 357733
248 433337 496641
249 582428 462671
250 108458 672225
251 925365 95068
252 596621 997554
253 146225 458562
254 89957 947717
255 866943 151349
256 642934 597636
257 338213 988073
258 994685 133387
259 342840 802165
260 528513 904484
261 899807 520640
262 574841 289944
263 627095 870544
264 195968 620327
265 737695 815101
266 114456 461964
267 892924 951114
268 924214 924508
269 622204 756515
270 451832 69474
271 138961 412466
272 315450 135911
273 293103 16521
274 958022 607929
275 730638 562792
276 300672 962100
277 724975 293356
278 557769 463401
279 202143 645507
280 73340 221717
281 836358 333441
282 495885 797469
283 12387 230468
284 282185 202301
285 694969 978164
286 175364 734911
287 71527 965721
288 603812 937707
289 795665 281484
290 732175 163694
291 668400 550461
292 546987 515978
293 978743 781014
294 966079 95455
295 938726 693745
296 642323 419902
297 61545 473668
298 894109 404050
299 340938 349729
300 532099 355396
301 220856 676537
302 875753 566943
303 894391 750211
304 415113 208997
305 314613 776754
306 497322 106688
307 706781 379594
308 579394 416455
309 271896 22216
310 903360 608337
311 889529 932455
312 670202 339573
313 757307 498827
314 859157 504583
315 71329 853600
316 522593 586667
317 966871 955420
318 666372 561712
319 843680 167392
320 936584 562287
321 509118 943862
322 192095 330388
323 804216 709867
324 749699 721972
325 716360 395281
326 544893 836354
327 278399 678498
328 832802 634188
329 709666 920333
330 900571 332678
331 906530 247720
332 272413 752326
333 267636 553459
334 914592 376392
335 575378 869526
336 666756 549923
337 305855 508078
338 63443 53174
339 654056 991704
340 506770 123118
341 789161 938824
342 604012 738651
343 947070 274873
344 314254 214545
345 687783 112912
346 647119 467287
347 592014 67057
348 895530 959194
349 638006 684017
350 266945 751041
351 55811 757994
352 215202 593241
353 606120 606069
354 232342 539748
355 731428 557929
356 319934 495120
357 232549 787658
358 685559 439243
359 655706 205355
360 856795 308442
361 915452 230575
362 109447 824336
363 813715 908761
364 334721 712613
365 901957 457374
366 820831 114307
367 260276 948840
368 803184 294040
369 706274 816353
370 53091 507826
371 619166 108898
372 357749 379341
373 197459 416544
374 357840 767678
375 253342 986769
376 624473 925392
377 782060 809570
378 930209 941503
379 497718 266361
380 790057 312080
381 899794 415989
382 486656 223601
383 938762 211036
384 137371 853207
385 590199 269014
386 81402 888028
387 952013 870026
388 683969 990059
389 448515 299876
390 894126 872211
391 411043 68359
392 922556 589877
393 557580 404842
394 627650 36675
395 10077 592148
396 156669 853067
397 226154 784076
398 426424 731138
399 156884 487723
400 695372 207399
401 968028 57964
402 873551 381131
403 575725 556113
404 2836 192183
405 251990 525367
406 313853 461042
407 256284 197909
408 155411 46727
409 189835 702580
410 797176 207624
411 54151 649647
412 157835 382799
413 300986 23437
414 14476 570882
415 294300 127855
416 987223 256332
417 47885 368759
418 558357 950000
419 812075 724646
420 434465 510852
421 215007 925070
422 239498 802453
423 537996 507021
424 695231 843354
425 483090 402987
426 716662 586002
427 193423 567516
428 220176 711696
429 10078 504791
430 822773 625724
431 744038 278190
432 757717 741137
433 310359 388782
434 221543 453831
435 659912 648389
436 351495 346480
437 219489 394189
438 490962 468149
439 456224 590318
440 162622 589289
441 13358 509684
442 748109 668575
443 383817 709033
444 498615 306747
445 58400 169575
446 728456 358244
447 64734 786076
448 159356 868527
449 705581 845309
450 311491 69847
451 50797 104912
452 680732 893801
453 389628 206977
454 837892 524847
455 183699 511143
456 213081 703330
457 446391 653197
458 897267 385794
459 213455 971640
460 581781 441832
461 683201 376234
462 142339 590064
463 597591 246583
464 665748 325688
465 4560 283985
466 630256 931377
467 406619 651478
468 376208 310027
469 63293 94911
470 771307 998022
471 495577 526975
472 724966 616567
473 486373 352222
474 215904 474669
475 188485 912773
476 202778 379893
477 840749 27506
478 439590 119420
479 698293 29253
480 517592 79600
481 143683 742980
482 753539 185677
483 15566 686106
484 978364 829823
485 166823 545045
486 169890 738786
487 783154 669007
488 239053 303308
489 535484 114833
490 150474 478170
491 548289 636495
492 808095 924960
493 140301 887276
494 177838 220941
495 635912 690102
496 331663 233469
497 928087 226262
498 828132 756790
499 743820 55959
500 377514 183065
501 816738 101070
502 324195 710314
503 364484 566283
504 571797 915789
505 887205 552314
506 941582 477351
507 393340 827490
508 747936 910214
509 814892 527276
510 357544 258775
511 942285 922404
512 452309 983757
513 728307 68819
514 414591 72840
515 304522 672769
516 731510 619695
517 227628 598159
