NAME : portgen-456-8466930
COMMENT : portgen N=456, seed=8466930
TYPE : TSP
DIMENSION : 456
EDGE_WEIGHT_TYPE : EUC_2D
NODE_COORD_SECTION
1 559740 869456
2 607723 581796
3 828828 233121
4 209618 36247
5 63508 84048
6 680705 124300
7 685832 175719
8 318670 947771
9 427919 415793
10 362456 511786
11 296256 774478
12 648241 38597
13 851256 932781
14 185181 115291
15 92495 627085
16 563540 10095
17 814200 594614
18 369154 384874
19 833342 348717
20 874798 729613
21 319748 369278
22 974102 816534
23 236988 831700
24 103107 277300
25 986267 631078
26 183591 492905
27 354812 723303
28 689878 549644
29 55256 13108
30 212642 443953
31 399778 860901
32 161449 333895
33 764300 311426
34 150197 869298
35 938731 486970
36 844663 150619
37 429526 731378
38 328194 803351
39 419665 924938
40 348719 301611
41 877524 172072
42 902648 648542
43 227306 702639
44 848646 480304
45 830314 57727
46 234676 964044
47 409985 387827
48 884949 169129
49 939752 242723
50 488339 433637
51 412034 178169
52 928581 684655
53 753554 11519
54 590256 706270
55 495996 987238
56 700998 574951
57 182794 154914
58 209277 435734
59 450915 773622
60 448945 595171
61 371674 907473
62 380958 505094
63 74936 666493
64 222038 744871
65 977824 316675
66 213094 713394
67 428941 361480
68 600613 302572
69 989277 747733
70 439264 791572
71 251723 75024
72 31359 235143
73 686053 327202
74 583086 904891
75 312891 218456
76 947090 194881
77 264899 171664
78 220543 698640
79 749228 567100
80 84041 450981
81 22241 842522
82 267006 704424
83 735515 625973
84 543592 947651
85 468861 882075
86 852648 546024
87 460730 230489
88 648080 176793
89 642573 209293
90 284551 376295
91 917265 654937
92 660829 526842
93 294434 370571
94 446387 724517
95 625964 974639
96 758979 41626
97 278872 557188
98 938923 705698
99 614293 800870
100 587062 509260
101 684628 373792
102 620339 936595
103 301191 292152
104 534051 738057
105 877230 849971
106 252252 24710
107 941135 109401
108 692001 980614
109 563650 709817
110 765500 29816
111 11680 742722
112 360588 959601
113 197446 478856
114 925684 524135
115 929297 355927
116 642741 904516
117 332063 434579
118 124043 892554
119 713802 551428
120 834840 313819
121 806920 736570
122 959017 596148
123 962959 16257
124 681038 319271
125 359742 460067
126 780013 90158
127 871572 231135
128 866518 780112
129 41728 185760
130 812552 408636
131 578350 982623
132 903216 563410
133 43051 515682
134 65693 344987
135 146441 675744
136 299575 244378
137 350075 305433
138 249803 921521
139 871150 129452
140 93083 417334
141 437128 739924
142 711583 520661
143 777576 660118
144 1299 768652
145 391528 608361
146 826861 368814
147 404986 159096
148 14243 562542
149 386494 653584
150 346344 41437
151 145107 551585
152 226188 942407
153 22939 40089
154 378575 350910
155 453558 206399
156 778812 273075
157 794232 204190
158 581774 209536
159 577636 744120
160 549167 480508
161 129187 412108
162 998642 105003
163 530637 747990
164 18190 407668
165 282493 209714
166 542946 520239
167 675894 886683
168 638522 164052
169 945692 507392
170 938886 568040
171 82481 257179
172 219485 911019
173 479174 414752
174 370171 299982
175 628459 266253
176 544351 978826
177 371090 136630
178 498491 624867
179 875691 339505
180 303884 858886
181 94396 871182
182 412024 885518
183 123917 521632
184 53589 883212
185 725016 167022
186 839364 277654
187 115660 282913
188 936156 150361
189 41018 862012
190 606512 905769
191 872298 678685
192 103783 423607
193 115317 671763
194 108214 790375
195 762765 116889
196 110463 62480
197 782376 771864
198 728675 804827
199 141518 936572
200 974862 328813
201 373734 508159
202 693469 722689
203 393954 865666
204 875042 947483
205 21312 826727
206 516652 85315
207 576739 186995
208 748423 31916
209 88806 640160
210 156842 319090
211 380114 117017
212 908349 396203
213 793288 331205
214 584184 392970
215 888958 70490
216 275318 93535
217 840699 779785
218 389116 786982
219 101945 916788
220 675183 83401
221 582957 468054
222 633533 443674
223 736775 993445
224 154130 386172
225 978576 397470
226 220642 748547
227 47613 904372
228 53494 280199
229 667460 913684
230 333573 606972
231 763721 958254
232 272299 937911
233 243769 48597
234 451782 133064
235 450219 754977
236 877786 702633
237 661584 759372
238 98448 631566
239 69403 3977
240 342708 513088
241 663745 670500
242 59397 281986
243 306768 317064
244 821235 902787
245 536015 340518
246 335199 968880
247 466569 920205
248 205615 880323
249 806470 874160
250 345226 105209
251 924042 150153
252 43464 465487
253 733724 550142
254 689150 765627
255 597603 736430
256 458963 764672
257 377668 993054
258 271772 794840
259 491685 352093
260 732296 363446
261 242127 577622
262 787838 345009
263 830935 727633
264 659169 196097
265 25647 548306
266 942415 303776
267 406373 606277
268 54125 899073
269 292831 66343
270 10214 511928
271 825378 469141
272 170491 172569
273 98391 757577
274 181042 121559
275 89270 477981
276 221153 610373
277 848513 796919
278 162793 620266
279 743779 437186
280 411361 834651
281 257310 622806
282 755413 85675
283 911051 989822
284 594181 205099
285 894662 514194
286 613798 370125
287 262822 254314
288 142292 631753
289 729109 990918
290 182216 210668
291 983853 221983
292 784735 190995
293 290995 319608
294 548363 320698
295 695225 64302
296 304892 87731
297 171680 496019
298 898130 455253
299 206318 916176
300 30276 466637
301 28468 190123
302 939343 878601
303 494128 999170
304 825638 657517
305 505923 843184
306 71903 423080
307 741960 347058
308 529759 169579
309 451126 259393
310 187544 455798
311 783503 678004
312 174823 428024
313 485726 423674
314 430782 384221
315 760186 143122
316 806115 71591
317 484994 339031
318 138765 560772
319 480022 437676
320 661236 121416
321 868482 288969
322 133153 239427
323 280799 626887
324 912908 743655
325 10293 474455
326 24470 822097
327 155990 887154
328 660522 956876
329 705128 600312
330 739836 933355
331 519147 387962
332 996281 384507
333 974702 782934
334 289927 502533
335 66259 902871
336 256670 707470
337 249100 713089
338 431327 961406
339 522014 287669
340 767502 528849
341 718546 830470
342 644384 826831
343 623974 418153
344 75310 100487
345 364328 355831
346 270845 977489
347 371416 758364
348 864745 161012
349 39868 420064
350 808099 319392
351 104873 625238
352 976153 481443
353 755909 194000
354 177712 329159
355 263179 242368
356 881566 604640
357 235983 384004
358 662509 541658
359 16545 237917
360 519761 813690
361 743065 869862
362 694433 746866
363 797998 631432
364 731317 767657
365 957180 237326
366 783693 192855
367 24489 525133
368 647283 113905
369 594486 260380
370 164321 82316
371 401607 837393
372 580726 550638
373 612765 400982
374 283055 624549
375 960365 233313
376 429694 272210
377 462884 570772
378 535699 912018
379 600749 451019
380 834160 642003
381 599514 917332
382 164837 180863
383 840760 44172
384 23914 685344
385 771239 261526
386 258602 391995
387 277551 286447
388 383995 470855
389 406978 123660
390 211167 885979
391 30682 280297
392 933497 315176
393 637812 866361
394 28017 843626
395 684372 603110
396 89991 909141
397 489141 902794
398 823713 9612
399 559842 294278
400 166643 141910
401 994004 159394
402 413381 74386
403 202630 149397
404 338713 147707
405 932960 669338
406 884001 757123
407 766646 231049
408 552012 690372
409 428191 262043
410 357149 831148
411 484330 729635
412 518701 629328
413 267522 99207
414 978613 203165
415 83816 234597
416 132141 259270
417 190700 541829
418 1978 273559
419 513651 702447
420 763163 947439
421 438169 765974
422 486476 853223
423 118780 360355
424 390440 859812
425 635271 724505
426 30998 356677
427 210462 932045
428 9769 734733
429 968694 871552
430 72407 929071
431 635745 636266
432 384544 985521
433 231168 118026
434 270646 913422
435 112268 191657
436 299932 568379
437 626771 632644
438 800150 127653
439 519172 586655
440 619559 532789
441 130513 107061
442 130757 154745
443 598852 495875
444 874726 205179
445 310661 883951
446 2913 600228
447 590178 571506
448 647506 869790
449 139202 853832
450 53073 991127
451 841182 803784
452 240252 102482
453 593991 923936
454 225919 55717
455 333193 513894
456 860007 763514
