NAME : portgen-459-6275934
COMMENT : portgen N=459, seed=6275934
TYPE : TSP
DIMENSION : 459
EDGE_WEIGHT_TYPE : EUC_2D
NODE_COORD_SECTION
1 858114 958128
2 471657 995044
3 10888 943993
4 748276 569549
5 149915 842468
6 832902 606444
7 140595 615832
8 913922 164592
9 990084 86621
10 756946 406226
11 877639 999160
12 142157 379839
13 603362 128289
14 836361 433478
15 908853 230728
16 61276 637411
17 72972 444306
18 470831 791573
19 738105 359610
20 696441 626796
21 217203 771294
22 640020 616802
23 265373 476871
24 851066 606109
25 258418 21497
26 67405 471650
27 472480 278012
28 610891 220703
29 885156 27350
30 524213 219314
31 205888 388665
32 873108 523118
33 625265 61608
34 966423 523793
35 350459 437051
36 313526 383974
37 828202 735449
38 338820 405989
39 526680 864145
40 768948 382659
41 243133 809011
42 909264 689538
43 24839 672610
44 764303 549854
45 819041 409223
46 825150 214312
47 9151 259389
48 313270 833228
49 943091 904571
50 277982 859384
51 950190 986920
52 837161 875759
53 778364 258394
54 562385 782941
55 253172 938280
56 456399 335301
57 208309 114990
58 394164 991576
59 379514 613718
60 209847 792036
61 118517 61851
62 245810 491075
63 486860 326605
64 546813 952443
65 957084 80425
66 843603 743738
67 610972 830668
68 926259 907831
69 600702 794274
70 295374 33263
71 293096 150584
72 340006 27004
73 290705 763298
74 968501 518076
75 772529 986665
76 286415 990648
77 947486 197556
78 15780 206451
79 375948 6492
80 949500 870533
81 657692 768110
82 487566 219909
83 645183 305814
84 995295 181304
85 824284 630865
86 23074 861438
87 841189 223182
88 505621 127869
89 114364 48254
90 475294 280408
91 950657 540320
92 2942 86551
93 422733 75493
94 256171 391062
95 185484 620444
96 912535 419397
97 969990 664509
98 10188 431658
99 309395 116823
100 521383 162836
101 648934 920246
102 42781 492120
103 36007 746095
104 987705 860935
105 774822 940287
106 950279 984885
107 821008 329055
108 957997 238294
109 798119 823057
110 209721 213525
111 996419 878471
112 659920 661447
113 981931 102828
114 818656 349068
115 187175 759525
116 140163 253429
117 273431 535007
118 330128 965772
119 719312 673887
120 128554 184438
121 277373 433114
122 181341 971959
123 624025 34063
124 759477 308543
125 682577 907360
126 613002 960326
127 929648 761857
128 22673 395504
129 646815 507774
130 161991 70235
131 26782 313818
132 732381 590383
133 662913 517165
134 803543 849048
135 705030 923933
136 478817 489576
137 140479 302361
138 600523 36092
139 948823 898062
140 638773 586426
141 456012 310881
142 187077 116939
143 732743 826345
144 521048 683047
145 872093 812963
146 162228 870263
147 968856 204620
148 705621 787797
149 292634 878980
150 371436 587932
151 85240 861414
152 669769 96151
153 451347 302120
154 773249 812708
155 29114 196328
156 874455 963767
157 635680 349028
158 908007 156519
159 344961 527760
160 884762 875116
161 224531 924563
162 477612 117098
163 838693 617403
164 819806 44328
165 851013 298402
166 262843 136114
167 868948 442445
168 711971 492245
169 675201 838049
170 208932 576223
171 481383 993287
172 798285 996977
173 588431 237665
174 392651 851758
175 365926 88218
176 967991 248305
177 27966 73033
178 325088 949125
179 992466 227324
180 384179 959101
181 626918 935200
182 603775 452890
183 714945 881168
184 165482 638703
185 760596 670341
186 763867 493203
187 161834 796544
188 907125 976225
189 896596 404578
190 792009 889568
191 624936 592481
192 660148 891911
193 671484 327643
194 532339 416057
195 727500 830803
196 326763 36498
197 77452 538590
198 812356 988179
199 831453 1741
200 89852 612206
201 341068 988072
202 59748 476357
203 463281 375509
204 588156 136055
205 401549 997444
206 416785 576409
207 499824 553376
208 632338 590420
209 857747 65185
210 640534 726765
211 49714 163740
212 548850 148390
213 329273 775794
214 433455 685477
215 333262 531615
216 388069 760541
217 3029 794564
218 472782 48527
219 92657 106772
220 259573 81063
221 469896 467154
222 775522 734
223 781088 163022
224 487647 929061
225 209317 36561
226 554724 145975
227 668479 558236
228 224136 580527
229 985043 265183
230 3574 414754
231 282851 481384
232 876482 320485
233 527548 949631
234 800886 499089
235 772288 469315
236 102773 928685
237 855867 603973
238 172040 903738
239 495261 990614
240 924253 748745
241 790751 168271
242 681902 918508
243 248764 906684
244 884059 682543
245 267016 523151
246 247641 593568
247 334483 790257
248 978290 541210
249 611286 171549
250 828694 877349
251 667761 497032
252 4808 460571
253 245810 386453
254 464073 749970
255 309472 317452
256 696468 302500
257 998167 480423
258 167112 689282
259 146900 86224
260 342195 986338
261 338345 629336
262 670395 894939
263 801554 605740
264 923877 395295
265 358162 785587
266 439665 745290
267 681142 606801
268 52277 488250
269 170103 201479
270 751395 559481
271 759784 797834
272 340347 280677
273 184805 618304
274 923173 439544
275 988703 372550
276 617332 215990
277 813386 43106
278 437683 922470
279 815890 398006
280 408294 757559
281 216349 262594
282 998575 749990
283 557668 898633
284 962153 717489
285 295617 548808
286 766109 707355
287 97521 969645
288 369005 122354
289 815950 627288
290 457255 879083
291 789849 525871
292 987001 600602
293 569238 177071
294 746715 931151
295 49133 153643
296 526097 452614
297 905861 202587
298 793371 52428
299 700313 370702
300 911671 62451
301 802354 295885
302 982289 109619
303 582700 91461
304 228989 212783
305 473868 260612
306 175755 884738
307 348873 254650
308 231462 763735
309 356732 795988
310 956618 505240
311 198320 591450
312 805817 233166
313 746454 470224
314 725066 987902
315 386944 277544
316 893365 603166
317 153419 196642
318 703328 905110
319 176997 732351
320 369140 805502
321 820338 950726
322 974532 543893
323 955323 934646
324 646796 672694
325 456132 323147
326 327361 712410
327 983758 634127
328 169085 199187
329 142465 785646
330 406291 677590
331 914463 496637
332 843643 668365
333 440274 225028
334 910206 804980
335 299326 296815
336 116938 684038
337 339855 633470
338 177878 485909
339 607691 171690
340 64080 547266
341 327758 939419
342 581610 709353
343 363080 396728
344 759523 485053
345 756368 478299
346 994904 372017
347 433024 72324
348 688563 136300
349 610871 341061
350 366014 469413
351 326954 475106
352 608614 908866
353 995388 387942
354 130800 274404
355 271046 772357
356 439664 657411
357 29277 927992
358 682686 542446
359 63612 771319
360 979802 303973
361 614157 569144
362 438965 829913
363 969860 641832
364 75423 430989
365 638082 789935
366 355109 333287
367 900643 291722
368 107602 670347
369 910141 653618
370 26667 820634
371 333115 988204
372 505251 452394
373 864141 425760
374 933051 603111
375 102463 46730
376 60876 179881
377 702979 576079
378 114304 993667
379 574462 316891
380 801263 325041
381 477800 477181
382 247737 450412
383 439242 451460
384 152159 576883
385 63850 256926
386 609395 460501
387 668855 933071
388 243097 434275
389 866164 862886
390 715609 976193
391 67370 758532
392 629725 313041
393 312135 877927
394 85549 450231
395 852480 656142
396 518188 333258
397 589767 769741
398 211239 872613
399 319348 572180
400 209297 429865
401 559595 70165
402 887501 126270
403 979360 302344
404 550156 389938
405 263943 236376
406 908118 124231
407 464410 145121
408 806852 144541
409 887414 477996
410 239173 566628
411 132111 579979
412 367585 633985
413 697330 539229
414 572999 542585
415 953710 940752
416 884119 476226
417 598942 479233
418 68074 943139
419 294121 484604
420 506188 167593
421 990513 607553
422 211058 285851
423 524030 938209
424 965673 955782
425 72410 672009
426 299613 776763
427 618469 268545
428 545746 83369
429 471222 408268
430 58195 36221
431 8223 65552
432 883750 96350
433 245862 300565
434 913173 178559
435 621090 868643
436 178868 931631
437 405585 567164
438 267014 355348
439 961509 99039
440 88239 613961
441 68007 164731
442 484389 917489
443 932529 818567
444 592475 502592
445 233370 767509
446 29966 115562
447 863513 637544
448 988725 58881
449 201967 643893
450 18836 168682
451 976699 866633
452 867543 458449
453 604001 134882
454 292373 700979
455 336016 727178
456 490893 968629
457 174898 290685
458 6254 892661
459 202038 246206
