NAME : portgen-526-7642462
COMMENT : portgen N=526, seed=7642462
TYPE : TSP
DIMENSION : 526
EDGE_WEIGHT_TYPE : EUC_2D
NODE_COORD_SECTION
1 731613 43063
2 904887 524231
3 203174 579851
4 331399 987712
5 626328 607416
6 303307 787556
7 581895 37285
8 425008 190432
9 409438 16839
10 497401 480840
11 789533 789430
12 589812 60165
13 38825 684224
14 636885 300504
15 285707 690733
16 131915 797218
17 557807 32519
18 37307 691105
19 125531 384703
20 792549 587587
21 838737 778150
22 807117 624146
23 674405 706456
24 878333 923140
25 771928 794845
26 749821 291187
27 299034 540126
28 302400 934394
29 485255 872368
30 486923 512069
31 454320 946696
32 195162 38740
33 768679 525156
34 980439 957748
35 362880 718552
36 312099 486297
37 244910 702556
38 731018 498346
39 490396 49686
40 757765 104430
41 198969 764516
42 813581 773637
43 236413 185219
44 602056 519067
45 263840 512151
46 710665 167782
47 21822 73997
48 275488 352439
49 533239 104560
50 893128 176058
51 216060 828647
52 165375 667497
53 595875 985305
54 477605 525396
55 303712 117181
56 332338 966187
57 608527 974771
58 801403 286537
59 924873 121164
60 763251 416239
61 991916 875878
62 64619 186821
63 502492 483452
64 320922 577413
65 106681 745713
66 20740 964999
67 745973 640583
68 772092 232781
69 155989 838810
70 972234 949875
71 260345 480891
72 755815 847601
73 520235 834786
74 103163 835001
75 571504 792036
76 31517 955826
77 997879 147415
78 155317 251060
79 82674 524791
80 895405 363094
81 829315 638795
82 553161 353837
83 856835 851447
84 210371 760926
85 454536 966616
86 183374 89872
87 549660 971215
88 384722 36089
89 877999 917204
90 31503 251432
91 400778 796130
92 682007 743586
93 916397 381945
94 411837 392136
95 783748 920645
96 22409 395062
97 384273 5617
98 766501 170472
99 931231 784600
100 462879 484145
101 956787 185959
102 803497 320072
103 391258 235386
104 273818 254292
105 231018 773372
106 839222 690537
107 741043 974760
108 340684 434253
109 254521 547543
110 587335 686362
111 920215 425771
112 298047 970391
113 9829 997415
114 286374 229587
115 579957 149335
116 762271 623707
117 686185 258131
118 412209 710240
119 55087 707247
120 402902 482143
121 127424 864293
122 804800 97385
123 429 596638
124 97014 413882
125 995788 769086
126 884097 701643
127 204643 313543
128 721873 333080
129 499773 545365
130 907862 681018
131 180298 566571
132 851389 748874
133 645948 974928
134 885737 643658
135 974331 744045
136 337238 840639
137 551755 818249
138 802264 218572
139 221127 984504
140 248517 676748
141 497642 741009
142 321724 898938
143 969036 195699
144 772317 937311
145 612183 437281
146 824502 411429
147 732916 658856
148 144905 286784
149 312538 986550
150 295120 781856
151 375510 112510
152 165364 319039
153 271443 143088
154 379918 305704
155 344506 526174
156 560763 562462
157 933182 470581
158 856515 768869
159 833655 192532
160 603969 359163
161 662389 899187
162 348537 192474
163 368535 224728
164 675275 232715
165 546805 659175
166 838653 915423
167 639997 722343
168 115985 935179
169 807826 851142
170 42423 200167
171 362044 579784
172 333341 253019
173 774891 925315
174 62891 540441
175 290321 920176
176 611509 79823
177 439744 635944
178 943203 460087
179 472512 443020
180 203054 336264
181 335262 528775
182 263281 144339
183 164129 980978
184 229120 680162
185 695690 931200
186 705978 293213
187 902211 683792
188 747654 582565
189 459442 712593
190 249270 908447
191 752215 232254
192 29660 210541
193 323913 309877
194 652141 495657
195 558214 135006
196 706059 127664
197 155452 111222
198 494188 68831
199 677573 649549
200 505365 192325
201 465873 350297
202 291171 381874
203 167961 379254
204 50162 229203
205 312030 633326
206 807946 976854
207 884806 68047
208 630204 207597
209 373323 152058
210 650150 95297
211 303405 579571
212 174796 503364
213 465327 355680
214 2042 520336
215 515830 368400
216 532402 230238
217 400563 615944
218 100501 775360
219 347447 961613
220 580336 116316
221 936553 500082
222 845506 462916
223 831601 126488
224 952867 652087
225 645895 138507
226 66789 157236
227 133718 136965
228 659922 235634
229 949734 675226
230 281373 392601
231 31806 88549
232 648866 195714
233 696772 307863
234 131348 421890
235 236446 503716
236 254730 721235
237 506162 511643
238 28508 146169
239 445852 37831
240 843442 229692
241 405946 326815
242 238963 123229
243 336593 443853
244 581371 204849
245 919172 792637
246 644012 925557
247 725167 76619
248 861586 215318
249 993920 333863
250 434407 685431
251 680635 915035
252 808645 416203
253 732561 739973
254 918273 10489
255 800372 216069
256 654262 744885
257 756054 488735
258 748589 106249
259 363381 572247
260 334127 481454
261 313943 797484
262 987482 551014
263 823081 339694
264 912590 89959
265 779082 288535
266 227896 435363
267 237459 627373
268 575430 661061
269 570761 750227
270 374640 230344
271 80471 9124
272 870721 437717
273 478694 846527
274 938074 174153
275 253538 521892
276 302727 903960
277 554781 145872
278 457535 245272
279 677576 181272
280 840773 71499
281 169212 168045
282 635849 570027
283 135597 645137
284 874163 318336
285 10041 902061
286 168174 189228
287 318709 812235
288 178726 409982
289 242702 841610
290 93478 577809
291 662117 731317
292 249186 707582
293 119323 59850
294 799514 667431
295 491775 930292
296 786897 252424
297 740185 472579
298 62169 891242
299 690415 58485
300 258991 68711
301 603825 96464
302 80674 675729
303 859774 571410
304 654774 847198
305 26548 397685
306 445758 10144
307 689496 910481
308 284601 916787
309 427859 163270
310 507857 244354
311 954722 815678
312 59344 941330
313 298236 71710
314 108554 642979
315 952461 607316
316 755208 395504
317 815061 695793
318 132050 651973
319 41820 338705
320 422981 202535
321 631990 636243
322 159573 247421
323 975569 971219
324 193079 798855
325 174342 990459
326 782688 47435
327 106024 651675
328 313503 208321
329 281402 384880
330 543678 207801
331 529589 316069
332 424217 824013
333 765694 809514
334 850570 442075
335 934911 313382
336 723707 629004
337 988927 517398
338 461665 907286
339 709654 407669
340 627826 89915
341 790307 723673
342 99301 744660
343 77726 439139
344 971286 991048
345 930099 322536
346 801402 599744
347 403793 109599
348 478827 2986
349 647316 642175
350 785755 68282
351 261565 785410
352 171028 84427
353 200152 59014
354 948134 361364
355 573948 874364
356 237034 290354
357 454781 221141
358 406399 929844
359 912275 314618
360 345185 762708
361 162197 208395
362 656320 866628
363 51816 938296
364 457975 904499
365 317245 402650
366 959152 348290
367 833720 753462
368 852880 499953
369 268891 878159
370 338260 147882
371 526863 656667
372 645862 167390
373 160339 593006
374 943424 537165
375 57782 540531
376 545011 742817
377 324930 383104
378 109130 913275
379 951690 417566
380 231547 700199
381 790123 69974
382 23103 426066
383 347500 580366
384 644491 287391
385 60802 813392
386 986420 375110
387 256836 804654
388 217697 419379
389 883465 273216
390 757498 138541
391 986605 40409
392 672951 617046
393 612527 889178
394 325187 407653
395 405962 272513
396 855461 981500
397 817356 524868
398 161462 151752
399 399831 841208
400 949693 740959
401 709541 670207
402 779666 919240
403 553925 504601
404 69866 707883
405 770576 219951
406 588088 544036
407 11603 959033
408 844737 808622
409 252617 498234
410 264603 195748
411 180535 803282
412 337697 319843
413 103850 316212
414 595444 337595
415 250728 713095
416 349513 175581
417 502640 537546
418 550453 442569
419 28805 713917
420 772308 803905
421 636560 826952
422 143050 210214
423 91978 52178
424 643803 497513
425 421017 845249
426 556308 62235
427 590479 236598
428 391445 533960
429 167567 242120
430 368787 111356
431 475796 355948
432 935575 966670
433 583391 761135
434 400986 801389
435 867055 792559
436 164818 755104
437 77216 419353
438 639439 118299
439 212802 101099
440 928397 569889
441 148645 353323
442 968808 139372
443 237298 993565
444 240005 535969
445 954154 789317
446 41582 227415
447 846861 979749
448 639086 881456
449 749735 723696
450 570774 973678
451 839375 542703
452 569115 851127
453 696604 202985
454 93426 451107
455 999299 397880
456 293954 631597
457 287965 579469
458 69773 248380
459 509086 955826
460 327583 701934
461 11400 677290
462 230615 893377
463 953183 622115
464 185988 226088
465 722749 436454
466 24873 761695
467 101800 530517
468 275935 517047
469 65357 389339
470 69598 988917
471 484478 284179
472 208385 252220
473 777917 364292
474 996800 953483
475 26565 16971
476 695467 523646
477 946 134319
478 948804 77680
479 440903 38598
480 575192 179557
481 137627 704087
482 381508 10381
483 913401 9775
484 423212 35745
485 801551 705481
486 251580 555602
487 929260 310612
488 6467 487753
489 676343 96295
490 944573 875503
491 181211 147390
492 650895 543191
493 298827 320786
494 380186 91419
495 617115 266159
496 93835 29612
497 587788 364117
498 737337 928876
499 354919 897773
500 245753 290164
501 687948 900504
502 8910 151062
503 835759 548077
504 872751 457755
505 835492 628018
506 697493 349484
507 421482 309033
508 85722 108014
509 116298 17391
510 273043 984525
511 654856 525438
512 789992 511386
513 17533 351075
514 546691 778197
515 474852 458389
516 615001 218588
517 260803 316554
518 178009 831727
519 725907 341862
520 457469 190812
521 204487 362795
522 818375 632590
523 611302 568396
524 239620 76401
525 346584 386261
526 382184 576721
