NAME : portgen-558-8301456
COMMENT : portgen N=558, seed=8301456
TYPE : TSP
DIMENSION : 558
EDGE_WEIGHT_TYPE : EUC_2D
NODE_COORD_SECTION
1 311978 346175
2 186206 228376
3 38253 226327
4 518345 749903
5 520528 25334
6 659921 544177
7 328745 106553
8 579668 579885
9 813190 115099
10 73647 874067
11 769216 965894
12 550999 803816
13 112401 242530
14 736144 700354
15 141688 584852
16 704392 47837
17 364896 136326
18 724552 957710
19 483664 267960
20 877027 41987
21 891340 419645
22 429014 984054
23 571052 102744
24 754460 323863
25 344845 537579
26 268160 203677
27 136403 706777
28 135778 264141
29 981278 49880
30 503824 80543
31 742663 250385
32 872876 478540
33 133993 240276
34 115163 344691
35 535501 476923
36 825424 489327
37 770254 536067
38 605906 565539
39 829491 844222
40 668038 848259
41 261251 686263
42 196529 61145
43 842189 454006
44 174960 886355
45 2332 484275
46 842546 138973
47 732459 400103
48 216562 402012
49 649391 892946
50 378147 5513
51 273253 910238
52 655824 496585
53 276328 581896
54 7147 75257
55 864588 681771
56 89181 94922
57 47548 19548
58 237996 603689
59 517926 472772
60 261978 731981
61 590884 222217
62 966543 529988
63 203670 915186
64 833502 273668
65 259739 24009
66 558391 754233
67 979634 986266
68 759078 166328
69 638715 176981
70 823149 238499
71 936080 702188
72 624377 270351
73 893391 620329
74 172429 202470
75 196433 301376
76 568510 375723
77 633206 354137
78 447121 519020
79 930604 669558
80 737507 109999
81 943181 830166
82 252108 626088
83 745690 386992
84 470545 777196
85 126157 617666
86 431259 315455
87 276339 960602
88 163470 215161
89 589010 612405
90 82866 684650
91 984582 163944
92 536160 149740
93 80828 728225
94 502124 353545
95 240575 372085
96 695783 861518
97 50823 205482
98 807239 620625
99 425848 663775
100 106880 678229
101 31318 560024
102 119604 511782
103 316793 404565
104 839562 483466
105 273309 718896
106 16896 577058
107 428982 365421
108 414215 81663
109 779342 46626
110 818849 125065
111 961144 806769
112 670316 447927
113 586347 871235
114 195850 764556
115 643808 758905
116 375598 105544
117 339096 363969
118 667754 407523
119 734962 170739
120 735525 999164
121 948882 455498
122 534696 115510
123 410941 889014
124 191201 602896
125 619135 936003
126 424775 661291
127 19966 347974
128 302631 925774
129 220928 755634
130 844028 909269
131 669603 668823
132 747940 274144
133 770014 561398
134 42361 313471
135 954480 525201
136 890461 176446
137 427491 882845
138 700290 299853
139 786802 322341
140 145296 660573
141 650307 440215
142 920528 734538
143 89302 706775
144 357603 64951
145 593955 106356
146 365162 421490
147 216258 210323
148 108703 772436
149 28006 651851
150 415220 111087
151 102211 868859
152 457599 958561
153 285696 984559
154 740763 285428
155 258672 595856
156 568170 155976
157 161679 737672
158 544107 248112
159 452565 537616
160 165441 997577
161 533391 390510
162 898251 843392
163 422989 21601
164 718846 468929
165 597148 715730
166 559090 501374
167 63669 549440
168 92402 494330
169 278536 182855
170 190431 841189
171 254209 819986
172 899510 596378
173 572964 974651
174 523238 372865
175 787334 87101
176 53590 559077
177 54702 699489
178 551997 600836
179 805190 908159
180 866159 791366
181 706023 557907
182 94996 417483
183 341646 748183
184 256466 565301
185 164707 569455
186 724873 79699
187 750282 78339
188 943987 974313
189 335807 198761
190 291395 822153
191 216410 810687
192 602770 805782
193 9706 1182
194 406377 646185
195 207794 344219
196 237863 713234
197 18148 620975
198 116315 174510
199 69704 821170
200 652390 598651
201 638844 324477
202 81470 965180
203 870691 242903
204 956307 248920
205 689782 550815
206 194458 159005
207 700364 521939
208 553502 992788
209 539759 474021
210 301168 167135
211 678479 435295
212 912910 566056
213 930611 400396
214 998229 785102
215 207647 701083
216 18006 86887
217 508978 740580
218 627694 57405
219 110322 80830
220 252279 16917
221 461423 932356
222 345017 40658
223 665739 802567
224 800324 452091
225 690363 715918
226 176280 284601
227 613523 951307
228 580644 551957
229 815498 340890
230 337486 813286
231 132581 875476
232 996640 672865
233 89391 262102
234 813987 659706
235 856200 750934
236 192464 87667
237 783657 585249
238 990855 393877
239 821772 961603
240 985411 378654
241 584898 657339
242 447615 394361
243 568502 142530
244 90246 836113
245 651188 365591
246 243417 450615
247 224630 501344
248 824453 373755
249 148698 759767
250 49803 271862
251 980794 838720
252 466679 311708
253 131020 518941
254 836986 219161
255 382804 438114
256 461710 979384
257 689701 971894
258 569868 681965
259 650846 495296
260 848411 715636
261 113403 54219
262 609903 584337
263 770140 353743
264 620988 471948
265 454229 471913
266 556891 602611
267 578798 547297
268 916943 605513
269 967637 475721
270 824493 886537
271 491684 594950
272 987701 935552
273 252187 189197
274 840712 640292
275 731204 470709
276 752767 676749
277 305538 577889
278 714970 378183
279 259922 919382
280 394765 525507
281 551303 361264
282 394668 496266
283 946430 866760
284 991683 754149
285 719706 380670
286 841252 10553
287 764091 377702
288 962868 436654
289 748681 32013
290 869367 391956
291 93821 701606
292 77183 928722
293 920609 195626
294 207943 82531
295 600867 50183
296 613830 213488
297 756014 443822
298 45284 481130
299 830858 609999
300 972683 815533
301 440516 808699
302 770925 339247
303 376887 51161
304 599565 376816
305 657279 519343
306 170239 177390
307 318514 344581
308 911677 337815
309 605249 950845
310 450981 465299
311 35901 381684
312 781465 904172
313 940154 32553
314 239628 424843
315 814 911707
316 837088 371864
317 374734 350023
318 221717 916431
319 383091 732602
320 17044 582794
321 590376 257097
322 631550 135567
323 14281 232145
324 432022 851842
325 503668 12731
326 241502 406015
327 609184 60975
328 978445 68652
329 433965 420901
330 117530 460456
331 668070 866963
332 359771 74485
333 928966 913142
334 545840 182947
335 330300 679531
336 905793 753407
337 447177 438250
338 223797 629886
339 772499 720490
340 925727 871501
341 598588 818726
342 307312 540358
343 243637 970124
344 12092 300248
345 421056 308575
346 370591 200143
347 402301 337513
348 677001 836969
349 809919 193299
350 911769 384394
351 459645 711532
352 926114 632166
353 414142 422775
354 98702 68825
355 817338 8320
356 56559 133716
357 999845 808955
358 89864 467926
359 464662 22258
360 397483 91997
361 103222 352540
362 271178 945906
363 219885 194260
364 827293 815011
365 24107 801022
366 531184 703674
367 903151 917406
368 814941 464872
369 818881 498357
370 450494 775710
371 505462 989834
372 902764 329058
373 205352 18050
374 928965 456395
375 117628 482740
376 9676 994908
377 169192 110747
378 853210 755971
379 808380 8707
380 817224 949270
381 603893 600345
382 618330 41627
383 502858 66725
384 230951 670786
385 603602 71813
386 538961 8267
387 904629 914743
388 82321 108313
389 183348 160430
390 92695 463914
391 385879 818585
392 997786 74836
393 197128 930838
394 85343 861523
395 414548 748216
396 233920 148095
397 894754 378680
398 236749 497195
399 85204 988021
400 246736 97039
401 834702 768534
402 363699 653714
403 96861 191090
404 997122 94355
405 913619 922371
406 670627 946857
407 594159 69008
408 715349 455798
409 705591 239650
410 804878 5663
411 981520 242929
412 424049 506563
413 237111 770427
414 644567 250915
415 817882 891230
416 111191 88993
417 246811 170323
418 793287 439022
419 224425 928777
420 359486 741329
421 225247 845693
422 56645 408884
423 766695 990991
424 724045 388190
425 141569 466322
426 852627 834288
427 170139 355505
428 985847 745709
429 521722 193376
430 860427 657838
431 966665 68344
432 734868 172289
433 697124 824933
434 890212 185274
435 302313 724358
436 731753 317400
437 98080 338556
438 153035 147232
439 72790 68543
440 520716 491401
441 248704 451191
442 390488 160043
443 924565 42846
444 354124 74522
445 473199 968353
446 548810 39150
447 626464 635127
448 9576 907847
449 747613 718088
450 255848 619463
451 918200 655502
452 867474 650168
453 217617 401436
454 443800 10096
455 430940 943000
456 391585 447200
457 720176 892073
458 109028 927514
459 441880 99740
460 162713 789276
461 77319 172123
462 929425 682850
463 806158 76251
464 449925 447911
465 120938 751599
466 703431 62694
467 637603 577715
468 99816 801503
469 731014 498415
470 51015 997051
471 600966 254383
472 911808 683922
473 891033 376686
474 109724 943613
475 828969 933325
476 457921 299701
477 597150 504249
478 916031 855506
479 17898 289759
480 550352 416114
481 670421 945385
482 959080 433889
483 342034 137201
484 535392 36254
485 1039 732341
486 817789 498266
487 270771 229388
488 331355 777618
489 574973 425176
490 766819 950651
491 58352 160166
492 897559 704824
493 81177 758046
494 103613 203713
495 235681 962614
496 266111 694760
497 497375 318674
498 179261 102700
499 983611 682420
500 352566 113415
501 801713 684548
502 176794 878318
503 874972 297754
504 402141 892326
505 423071 157984
506 751893 814184
507 54078 587737
508 150002 975660
509 448009 640406
510 254627 239334
511 153589 852971
512 683687 887624
513 930627 133241
514 321472 392453
515 354415 33601
516 375476 682647
517 2104 608834
518 198758 244167
519 106088 309821
520 554821 105516
521 310037 463206
522 949086 996346
523 809024 413139
524 11073 609751
525 388046 46020
526 781228 591158
527 328004 318965
528 737939 119066
529 682443 567959
530 679559 630805
531 191665 92319
532 337504 317554
533 847947 288686
534 865098 57731
535 778713 736862
536 964587 838258
537 252360 208607
538 458106 562431
539 524967 364721
540 149685 811560
541 450797 753512
542 712893 723610
543 841935 283156
544 345142 684550
545 760887 910071
546 379068 48357
547 531108 817958
548 140929 471778
549 210846 740478
550 538240 246593
551 888172 646351
552 460066 576485
553 595223 27715
554 878265 604393
555 477030 454782
556 773924 997893
557 807071 769488
558 251736 143308
