NAME : portgen-596-1012259
COMMENT : portgen N=596, seed=1012259
TYPE : TSP
DIMENSION : 596
EDGE_WEIGHT_TYPE : EUC_2D
NODE_COORD_SECTION
1 698719 531484
2 476480 334596
3 117433 319405
4 17805 540800
5 632670 74184
6 104525 251661
7 351790 363762
8 37009 420246
9 211674 409454
10 537167 723142
11 267739 815918
12 81783 702479
13 922755 93864
14 889690 318474
15 706210 200668
16 402664 182461
17 199397 920471
18 181758 487759
19 32539 563355
20 293180 990516
21 619034 571731
22 441322 823963
23 612271 339364
24 703279 800604
25 970099 125433
26 992304 500834
27 2754 996756
28 331276 516258
29 332087 556009
30 152837 629674
31 286865 454450
32 247619 642154
33 455149 532794
34 810339 527827
35 751490 697644
36 716967 411070
37 439354 411733
38 730838 766904
39 813164 85027
40 371202 406497
41 761777 333681
42 165636 76536
43 913802 948213
44 934841 557243
45 465321 648964
46 677420 504711
47 811864 595536
48 273548 207964
49 132376 29589
50 93125 845366
51 526200 618251
52 429401 563602
53 363656 658622
54 335198 926218
55 82953 383063
56 581416 774844
57 90687 503873
58 952254 782153
59 642585 652083
60 368605 247185
61 400417 780749
62 434702 906123
63 171443 98715
64 981668 875752
65 48076 72215
66 431706 886946
67 2073 988139
68 825080 986933
69 242993 661762
70 124282 131648
71 305627 282758
72 188637 218136
73 248546 896670
74 70009 905741
75 424092 174832
76 226296 256624
77 981513 20909
78 413660 639254
79 616177 441262
80 738521 376723
81 415628 673435
82 801935 951305
83 77435 298658
84 586206 872551
85 255326 55583
86 712144 736844
87 227990 193772
88 20889 143793
89 799236 413792
90 492462 532189
91 482538 540406
92 137230 671352
93 656587 758270
94 85010 50768
95 910704 526422
96 400726 370441
97 406436 68698
98 419504 568783
99 54767 994865
100 197246 104753
101 97434 656216
102 413278 891902
103 692294 685889
104 119393 310160
105 364322 655389
106 554243 565409
107 530558 212098
108 975996 45186
109 266999 733236
110 531801 508652
111 243890 591340
112 675305 150572
113 958148 55927
114 323565 336087
115 501477 334999
116 24399 489075
117 49470 837073
118 977946 917128
119 9848 925131
120 695355 611400
121 491271 351773
122 518967 402051
123 282531 809386
124 695136 255863
125 110549 363577
126 245217 718679
127 493387 862247
128 80353 608358
129 606746 576205
130 913956 775165
131 676041 194262
132 614804 752922
133 164117 202469
134 46441 128506
135 929567 166610
136 350049 11135
137 622687 168223
138 263434 525211
139 97953 813057
140 70219 349790
141 449180 747360
142 422131 726311
143 658957 830137
144 874271 296548
145 672955 775476
146 870687 881341
147 995564 528745
148 261350 480136
149 729086 350743
150 138616 757320
151 711433 882079
152 185644 760759
153 914396 497857
154 296548 767076
155 203289 250216
156 734087 310198
157 903250 138480
158 904478 794700
159 198697 86059
160 491571 683981
161 473383 695698
162 989889 172246
163 455177 467970
164 825491 861927
165 253827 765577
166 228662 330877
167 609768 820003
168 615703 138982
169 844109 283650
170 821832 864257
171 631440 788211
172 804976 988973
173 302092 174988
174 891451 823318
175 73567 793379
176 654644 867158
177 96916 373039
178 528657 380556
179 272311 365640
180 145055 775414
181 653747 12897
182 945243 339032
183 618775 945875
184 505221 914276
185 836387 729489
186 903248 375379
187 12492 698191
188 29336 606224
189 598781 616850
190 643588 74621
191 195659 459850
192 716871 478413
193 111830 215765
194 385633 270735
195 201227 669828
196 633760 929832
197 447263 92343
198 961009 256060
199 775719 106785
200 959636 695868
201 576206 274601
202 179729 998945
203 597720 194794
204 150287 618502
205 261208 312892
206 994922 1575
207 164413 475227
208 141653 723914
209 565634 852900
210 378022 362714
211 170155 398436
212 954639 140518
213 153282 628646
214 195649 13546
215 100471 834542
216 455937 980279
217 355641 330695
218 79699 194084
219 295436 241643
220 336759 387915
221 650130 532733
222 892712 838512
223 499672 235324
224 975192 306744
225 939060 332362
226 60411 762173
227 6313 125094
228 239931 595927
229 918959 849033
230 919246 403635
231 899357 908643
232 281743 873293
233 662762 462188
234 108862 325901
235 975555 906328
236 748721 258890
237 913839 45660
238 302303 407982
239 392122 829545
240 900587 557354
241 709687 346615
242 94300 696835
243 935184 547293
244 698535 482348
245 667933 617511
246 85221 969535
247 266088 430430
248 639194 391239
249 618894 847052
250 536208 91690
251 843201 145647
252 406156 381705
253 622675 713795
254 667872 309477
255 189910 692637
256 897392 436610
257 181100 301734
258 318414 929821
259 642554 851312
260 234099 271522
261 843294 261810
262 789692 883865
263 63127 603073
264 852734 532134
265 422985 588508
266 740109 82645
267 639635 207950
268 659962 273076
269 165515 792565
270 378421 5363
271 904739 847223
272 248249 396410
273 774217 823411
274 179843 382223
275 367303 36120
276 538505 86759
277 424067 947700
278 351580 760556
279 506012 198206
280 721742 349598
281 548280 875307
282 931056 184546
283 787898 50168
284 188361 784690
285 527517 495002
286 749977 260330
287 484008 197978
288 733017 756534
289 837743 841992
290 532284 302570
291 97061 654527
292 810392 73386
293 40228 864802
294 151588 455088
295 420052 609794
296 84715 380825
297 265048 883419
298 255385 644408
299 363214 50270
300 663393 17682
301 985668 337851
302 849939 64733
303 939059 883978
304 276366 350680
305 907471 486778
306 608967 50924
307 778154 111948
308 264883 167455
309 610258 47636
310 929161 143489
311 686953 138090
312 121296 509834
313 509333 412126
314 410391 419275
315 258919 849038
316 480167 487062
317 934520 45505
318 693602 46136
319 876373 698444
320 808502 872773
321 254543 103951
322 525926 276562
323 922840 946624
324 259528 755213
325 374085 843258
326 234017 943939
327 791351 814354
328 537514 498606
329 403330 804433
330 371130 892922
331 7605 577922
332 542178 34698
333 232235 505015
334 524998 501591
335 189107 318258
336 907926 855045
337 673551 85903
338 909471 743014
339 346738 306942
340 972320 10727
341 8795 605957
342 48145 365996
343 841433 902245
344 944884 899822
345 813270 188586
346 521138 374781
347 509337 490243
348 964846 399497
349 430400 440023
350 367090 179826
351 599886 952585
352 782893 363357
353 834462 628059
354 895794 425355
355 972920 635269
356 553721 503508
357 991162 182543
358 371784 632823
359 68585 51934
360 69851 832737
361 74615 84974
362 134500 9280
363 718372 955340
364 72151 310193
365 251440 281412
366 847219 921383
367 334021 337050
368 457006 505287
369 614795 865601
370 994212 208610
371 833659 892950
372 829971 980533
373 113971 436163
374 240280 500056
375 771871 9505
376 327346 120206
377 188582 85678
378 332606 678502
379 618564 445842
380 906351 329174
381 13264 30192
382 431142 764310
383 801609 660771
384 673537 10629
385 68571 935620
386 392543 568529
387 280063 60345
388 505391 954408
389 896392 48822
390 676673 39869
391 336776 626308
392 403842 922265
393 268147 817027
394 490240 569710
395 535440 796234
396 831750 604165
397 797030 58591
398 816066 265130
399 612887 769625
400 475142 159562
401 539771 191458
402 823382 732001
403 672729 701037
404 716363 266316
405 817530 515579
406 188261 48854
407 910402 110116
408 497424 409098
409 233162 372550
410 948244 536479
411 47884 903911
412 535487 909009
413 395849 201085
414 745146 548061
415 387616 804354
416 238045 630075
417 231291 161094
418 851607 287922
419 715906 293726
420 424841 859048
421 583864 117689
422 621466 998960
423 748350 927838
424 68678 888021
425 662742 614981
426 519983 64825
427 382009 670788
428 921517 909695
429 960166 662288
430 880393 384807
431 985130 422637
432 841474 958481
433 931714 70571
434 427387 911441
435 361765 569585
436 340420 345141
437 709808 333262
438 16495 983059
439 521902 864699
440 987491 486153
441 240918 82857
442 667668 2808
443 819223 815407
444 788600 272810
445 229379 781036
446 860534 804464
447 931960 855256
448 518628 238723
449 407881 288204
450 982465 765291
451 405936 203979
452 900529 176589
453 374063 437126
454 397156 379200
455 851564 106109
456 121094 687356
457 432909 99357
458 524272 180665
459 490677 986218
460 439853 692991
461 662690 139183
462 928976 596474
463 163649 136441
464 444611 533218
465 959199 579369
466 585902 142701
467 13134 881381
468 365058 553562
469 649948 568311
470 478535 638557
471 324730 802382
472 832956 536388
473 118345 721351
474 875488 335485
475 691607 382187
476 794111 874662
477 329004 403095
478 179389 263234
479 190844 19148
480 811530 820500
481 787177 828845
482 900665 213007
483 781379 318712
484 854399 896521
485 981011 802921
486 305176 155191
487 294611 57666
488 898879 788027
489 810178 525880
490 417085 900414
491 945596 425463
492 721687 138698
493 792191 757056
494 242036 800127
495 100002 46345
496 699163 753427
497 587299 675613
498 333380 169539
499 507771 775290
500 637508 330318
501 911172 349608
502 918400 791192
503 436590 368648
504 152974 190306
505 610904 422332
506 21198 390717
507 919145 765185
508 121337 33750
509 241546 225051
510 879626 611839
511 810941 79108
512 259012 650693
513 891748 955568
514 236790 503418
515 621075 530231
516 635052 619872
517 914975 994752
518 879216 554878
519 506317 956502
520 17361 758440
521 515509 16984
522 920500 488162
523 235404 620054
524 494414 936605
525 783864 377812
526 932749 4352
527 154214 107277
528 695265 291300
529 434632 923648
530 911976 881711
531 862330 196471
532 172944 852464
533 906822 4213
534 470216 430983
535 529780 501283
536 539336 304940
537 441186 501814
538 679090 806589
539 924894 151734
540 955428 600448
541 520935 313141
542 591442 739363
543 667900 438581
544 446927 62511
545 87929 875002
546 84661 75334
547 426722 516078
548 219104 210569
549 575798 418686
550 809072 428815
551 695160 342679
552 981177 183416
553 856876 619607
554 412910 414850
555 439376 256683
556 844373 372121
557 835719 36973
558 797049 786996
559 769749 656866
560 633360 696253
561 428414 51530
562 621910 100965
563 806123 196656
564 323763 257769
565 644937 59482
566 393678 510043
567 712357 698744
568 756074 148813
569 477422 554468
570 942314 880904
571 668831 790060
572 429151 391675
573 446588 33131
574 453423 325756
575 709954 22447
576 886805 318028
577 773749 749589
578 35136 185116
579 630321 282432
580 427342 708062
581 142184 858442
582 472536 558472
583 587852 54313
584 942970 444043
585 590385 763918
586 333572 443992
587 946912 610912
588 809447 110386
589 277780 872321
590 65829 621006
591 566335 41330
592 830427 936874
593 917298 535236
594 37506 153885
595 110892 701761
596 205843 33379
