NAME : portgen-600-2086613
COMMENT : portgen N=600, seed=2086613
TYPE : TSP
DIMENSION : 600
EDGE_WEIGHT_TYPE : EUC_2D
NODE_COORD_SECTION
1 402586 310019
2 190623 74074
3 811820 385922
4 340030 604597
5 284454 821650
6 683644 481841
7 609039 600566
8 771518 875347
9 536259 93379
10 160319 489460
11 423808 246075
12 965098 877814
13 486503 688795
14 804957 28692
15 754388 748376
16 78009 553871
17 470357 140590
18 326029 503332
19 955415 453677
20 258219 101600
21 672094 626606
22 500857 305998
23 38640 615664
24 683423 892575
25 643086 800869
26 609409 25576
27 434649 912710
28 369876 848714
29 839662 50033
30 748045 308487
31 430506 886353
32 346377 182853
33 149555 57038
34 980983 303041
35 561925 155853
36 191923 643683
37 450293 359450
38 880050 398231
39 811425 52388
40 507938 637788
41 849133 754923
42 280647 445900
43 317869 191655
44 207494 287504
45 991034 268991
46 522349 652374
47 891751 102365
48 909676 28410
49 176313 141407
50 425947 640408
51 804239 631034
52 384637 5297
53 951735 854486
54 744928 988749
55 594840 178220
56 641220 552157
57 58999 479054
58 786138 778132
59 994601 244012
60 273176 121145
61 880725 839575
62 877093 921517
63 351614 560889
64 259046 444995
65 407714 25564
66 653303 822675
67 457548 329717
68 996567 296975
69 695924 801593
70 659761 539736
71 197054 963482
72 14327 869889
73 388265 682773
74 775280 970234
75 750751 348787
76 769363 731317
77 733693 400383
78 987105 981563
79 173486 54919
80 8729 654760
81 158561 943335
82 328988 55103
83 981166 677738
84 537829 189110
85 90788 103365
86 2852 24366
87 493260 924388
88 351781 149408
89 105882 476710
90 934411 370050
91 387402 204127
92 436266 752953
93 867003 709967
94 493687 402444
95 348551 318829
96 759146 506814
97 710805 556395
98 536884 172687
99 470221 89939
100 518107 238857
101 576891 298569
102 35822 380700
103 961384 565236
104 295051 980739
105 533379 277137
106 487876 771041
107 706368 689900
108 895614 651746
109 232530 772592
110 518218 808478
111 207517 447890
112 671002 851931
113 526474 704282
114 988544 112559
115 963004 786544
116 854357 125142
117 943331 657273
118 882174 616360
119 497758 746365
120 857339 215256
121 477437 721094
122 884225 540072
123 111311 311255
124 835812 858873
125 29921 832602
126 184143 357661
127 126935 731562
128 384500 451748
129 355238 378548
130 498525 345023
131 67478 548685
132 123399 318123
133 799700 766781
134 886816 166295
135 578588 584358
136 815934 373656
137 742670 685616
138 624335 849855
139 320955 939439
140 467430 74725
141 349043 609995
142 614034 617980
143 719066 305671
144 1742 625208
145 857573 115393
146 729544 331462
147 167776 272980
148 399322 103781
149 978423 198609
150 915737 261456
151 990300 896372
152 391443 955196
153 483558 574148
154 743627 508954
155 12495 78829
156 450005 730030
157 520975 383132
158 615479 736015
159 380909 850418
160 918800 695918
161 788357 688206
162 250558 317132
163 594058 919562
164 982213 787474
165 202057 50186
166 106227 812000
167 926944 388601
168 624719 619013
169 89019 230901
170 2500 983051
171 924761 151323
172 706407 161655
173 327036 41337
174 80904 850644
175 678922 479760
176 121568 190949
177 996551 865551
178 155228 178299
179 969428 2841
180 330476 864545
181 485128 512725
182 506454 29443
183 154067 298681
184 23623 359319
185 56095 574141
186 655110 530265
187 171496 439040
188 574350 597407
189 691654 385007
190 161903 415759
191 950133 979371
192 456997 337512
193 565058 593502
194 305546 897500
195 234534 326037
196 595390 729699
197 174806 428359
198 327941 394496
199 979826 267366
200 587305 729628
201 349682 695897
202 688740 263162
203 529626 142196
204 733952 659039
205 300492 561726
206 872753 71927
207 768307 4439
208 269154 755428
209 337919 78094
210 701502 759570
211 318854 756256
212 772014 326467
213 224458 959212
214 841524 908334
215 909414 432153
216 863455 32615
217 84514 600177
218 543006 878206
219 211064 452558
220 68358 809629
221 255582 227451
222 195998 474963
223 7182 839134
224 957685 848338
225 203900 368729
226 552972 71492
227 357952 155151
228 866172 317067
229 611383 88562
230 720156 651420
231 931132 281393
232 590681 490863
233 306143 645301
234 875929 293343
235 997256 430020
236 797743 489581
237 874194 332772
238 206598 247362
239 398304 616863
240 460294 907391
241 347828 752961
242 188177 257994
243 501021 582061
244 441934 593650
245 294034 897704
246 2276 917721
247 455301 638337
248 11886 766001
249 353257 863225
250 268365 759820
251 440829 340822
252 388043 296508
253 20900 800010
254 883314 99957
255 654130 284110
256 875132 17732
257 794528 822451
258 649143 13410
259 826092 952343
260 478976 540141
261 292044 12704
262 24978 237436
263 989190 456921
264 101537 577685
265 311871 406587
266 364047 298346
267 962732 176184
268 32258 330095
269 958432 365726
270 608850 487610
271 755969 489590
272 114673 753892
273 605660 989572
274 892743 217865
275 649146 554965
276 664463 775571
277 551353 861777
278 395772 142483
279 378089 211859
280 264249 690805
281 841578 517588
282 491107 166520
283 528140 385542
284 903058 40636
285 216791 659571
286 120667 608227
287 303196 924011
288 875678 516472
289 461350 163200
290 841663 846707
291 78831 889678
292 313435 621066
293 565009 846458
294 807239 796212
295 648043 646716
296 427036 917795
297 148934 949278
298 366942 147742
299 186393 190662
300 878214 89187
301 528221 729542
302 376201 802439
303 476133 774785
304 462135 930287
305 296768 549314
306 335243 581877
307 563815 617533
308 263768 923782
309 368653 541828
310 799577 380398
311 199148 712396
312 162422 127603
313 131350 391125
314 232025 500757
315 447878 100892
316 54337 531063
317 866432 292349
318 511463 496954
319 325862 695902
320 357297 641227
321 477805 265410
322 996634 267645
323 447567 714639
324 755373 21331
325 817928 975817
326 915717 685636
327 742783 777321
328 34850 997157
329 863110 83852
330 290975 979179
331 448922 766233
332 572989 655540
333 71508 69832
334 585243 296170
335 169965 549128
336 168409 347322
337 723900 823760
338 464680 513512
339 969613 385101
340 92753 134192
341 528014 148173
342 209782 468698
343 651970 288103
344 958074 210891
345 220840 441630
346 911710 29692
347 525936 808169
348 472818 130482
349 541510 172873
350 802964 934054
351 745026 370271
352 928578 683735
353 447802 767544
354 475853 274084
355 125351 746746
356 39083 652218
357 863011 849344
358 67468 419229
359 240297 764819
360 182722 941025
361 528321 412369
362 493205 235911
363 804101 798137
364 418743 40164
365 375957 697136
366 37658 695528
367 259750 346006
368 95109 875795
369 285161 360437
370 401230 232740
371 47806 193254
372 28169 279814
373 913309 499341
374 536486 290025
375 4067 674681
376 711739 501346
377 796916 105827
378 896395 49498
379 110521 582572
380 588625 572006
381 482382 115416
382 872854 892610
383 698940 845828
384 624048 583196
385 936035 568126
386 882743 950271
387 760752 508041
388 229286 26975
389 615453 387378
390 339515 754603
391 687616 836171
392 451538 803950
393 214754 922242
394 822674 367139
395 647065 249281
396 251747 701964
397 424401 833103
398 349996 97534
399 432502 520128
400 50528 886333
401 883888 149108
402 950510 249463
403 987064 875567
404 49807 992965
405 891073 974153
406 226824 743382
407 935506 339344
408 320259 780417
409 691014 39750
410 542614 601405
411 413326 103920
412 532668 49701
413 684238 733634
414 999761 511288
415 520976 353719
416 977167 622487
417 496304 365361
418 527779 944233
419 900665 112194
420 483691 434336
421 231227 782923
422 824525 45660
423 835955 147826
424 169296 374700
425 148865 616361
426 97773 921213
427 999152 696808
428 909165 261400
429 652804 585148
430 721683 42831
431 974901 937612
432 509274 456737
433 742925 443900
434 918856 889845
435 503388 172432
436 611121 316314
437 890885 926252
438 503632 492112
439 104767 835860
440 140536 422837
441 80830 414612
442 789604 478145
443 378818 39555
444 113213 39566
445 622435 83879
446 25377 10820
447 608805 311258
448 823215 914913
449 892037 898272
450 542028 343842
451 43058 333436
452 234164 726027
453 535531 683160
454 131608 521007
455 317989 869610
456 148186 613237
457 962713 637804
458 17453 964080
459 328807 198016
460 633522 828012
461 551862 20583
462 347817 159546
463 129374 277685
464 82150 164858
465 390721 820472
466 360504 583760
467 517870 270925
468 274650 467593
469 451899 151800
470 460691 414737
471 710748 915197
472 406044 794422
473 532016 4793
474 663002 449259
475 181884 545529
476 832763 727179
477 507551 721556
478 983338 459298
479 815565 963238
480 451376 67938
481 231260 979808
482 60316 903252
483 158862 232989
484 207193 168290
485 105788 12660
486 301078 879547
487 16132 87992
488 995249 824683
489 513031 626261
490 176208 670075
491 462119 118911
492 713482 322782
493 589211 380695
494 523444 614618
495 112063 41661
496 260400 283608
497 46011 448030
498 113659 831200
499 899065 318051
500 799173 707333
501 491761 36741
502 273051 511808
503 83410 713851
504 13697 184769
505 132344 602642
506 935854 200947
507 851175 409714
508 807537 947651
509 933796 612285
510 789592 327662
511 333923 889141
512 369117 398454
513 520899 264336
514 606496 504323
515 4582 281398
516 810986 328262
517 493916 573565
518 734221 261171
519 267736 303767
520 515245 641559
521 446899 911158
522 825025 784401
523 707737 371259
524 914491 647556
525 927131 849322
526 224703 394742
527 313469 517774
528 896347 163498
529 542825 699485
530 777587 822238
531 446114 709929
532 669523 490785
533 155743 24695
534 375922 66773
535 701977 436278
536 33160 286239
537 685154 940269
538 102958 939181
539 575671 851342
540 502107 357401
541 721511 907011
542 726736 182343
543 835284 101056
544 658738 3130
545 417822 709525
546 885249 200962
547 601790 78966
548 608398 160659
549 226004 884755
550 681442 768555
551 795587 63148
552 145449 569729
553 127811 317692
554 668005 131126
555 682490 795291
556 504759 539694
557 281662 68061
558 936988 245151
559 108139 590557
560 882387 995083
561 798691 491167
562 385330 933421
563 640690 970012
564 140790 115424
565 812458 785265
566 271176 444545
567 168852 706816
568 852641 181816
569 625348 658674
570 245354 590132
571 992916 68181
572 120743 422738
573 910834 394081
574 815631 668368
575 438275 638386
576 19868 110579
577 72296 896177
578 497379 351042
579 894296 438632
580 717087 945994
581 692343 9330
582 885771 92358
583 802374 436578
584 418950 858923
585 157227 542906
586 429519 439770
587 152282 244000
588 975215 688112
589 418870 489153
590 436042 289648
591 75715 702157
592 398336 866463
593 92922 261845
594 558773 76494
595 904442 416063
596 762866 766425
597 501447 702447
598 160612 553145
599 915898 876743
600 447523 222722
