NAME : portgen-531-9869930
COMMENT : portgen N=531, seed=9869930
TYPE : TSP
DIMENSION : 531
EDGE_WEIGHT_TYPE : EUC_2D
NODE_COORD_SECTION
1 737977 830112
2 269059 417725
3 168024 2279
4 705949 738173
5 651936 63141
6 665813 347245
7 92538 819144
8 350375 944649
9 631519 29640
10 846880 913671
11 416897 862043
12 437016 417479
13 748674 70650
14 564945 403735
15 670624 762836
16 136644 232434
17 115653 857100
18 393442 116388
19 781759 99950
20 141717 16903
21 65706 150607
22 696672 411162
23 642418 201346
24 225929 973325
25 485393 978293
26 912719 923926
27 697168 250345
28 672751 505542
29 714459 411958
30 24283 51635
31 220519 605999
32 596456 635033
33 997435 515205
34 650572 681376
35 176726 149029
36 718719 658194
37 544247 868587
38 951 492971
39 164874 186671
40 744728 243131
41 356190 152986
42 379451 618989
43 542316 530645
44 635978 480619
45 859665 878236
46 465815 100383
47 923223 992687
48 298183 407512
49 606360 828084
50 410210 149447
51 36471 39258
52 228597 242261
53 622103 759733
54 544474 78179
55 708028 142105
56 869564 233839
57 552293 146046
58 585820 120136
59 682775 603769
60 336849 589923
61 908845 822487
62 271165 27279
63 112558 679460
64 429597 301986
65 246484 241218
66 948496 86694
67 478642 602622
68 373567 122350
69 600692 233404
70 33168 422180
71 847869 32209
72 143770 269742
73 969391 643327
74 829218 895944
75 880129 618723
76 977914 304374
77 581600 168992
78 200951 949777
79 560616 625974
80 868693 499752
81 159040 311069
82 45011 285848
83 294236 837354
84 90069 282551
85 176655 942493
86 290918 786831
87 723639 718126
88 612008 604471
89 240886 102172
90 826328 162780
91 118844 803622
92 433292 746731
93 82178 637426
94 41682 192794
95 308385 536212
96 32280 318141
97 56749 90674
98 131261 61037
99 308569 425644
100 657733 364920
101 402440 727045
102 69615 717348
103 499879 174291
104 871081 834869
105 86814 563524
106 908094 367821
107 317588 332480
108 467471 840898
109 254320 954336
110 154586 233198
111 528785 664425
112 624817 811735
113 540052 563873
114 717215 6291
115 218246 437716
116 733389 406017
117 15358 262803
118 254686 751022
119 486034 100812
120 279259 241279
121 383105 87346
122 38208 75187
123 7427 367855
124 693324 245014
125 550622 567388
126 343821 302278
127 207397 220017
128 631530 996423
129 711686 806812
130 462662 748856
131 688257 770269
132 555609 845534
133 180419 820748
134 329613 242401
135 325052 99616
136 147573 9305
137 403714 587198
138 889377 226506
139 457028 404799
140 180205 543629
141 852187 910403
142 543629 469390
143 749458 963120
144 850407 169823
145 82384 433938
146 421409 243632
147 775759 179643
148 93705 373800
149 683631 451010
150 185809 780920
151 910827 288524
152 64809 6992
153 715201 433418
154 758649 738006
155 470558 668409
156 146015 541862
157 724428 28723
158 327446 444625
159 994509 375966
160 751829 806618
161 137116 878602
162 56591 544131
163 188789 859049
164 944496 396722
165 871996 455959
166 467857 719021
167 934241 511795
168 397614 310324
169 185975 514905
170 141943 304833
171 968610 474441
172 417994 275765
173 296822 542806
174 187040 231627
175 990854 234656
176 429303 286909
177 579013 729850
178 313063 191805
179 354283 553014
180 609377 404876
181 247442 243743
182 596063 165725
183 699798 671573
184 123867 448662
185 731901 784640
186 257584 762882
187 385111 517172
188 377314 850207
189 299589 326741
190 231068 996983
191 504765 391482
192 787344 467120
193 208516 224113
194 122957 768515
195 811996 726040
196 186457 737313
197 783004 357303
198 47248 205728
199 89329 900822
200 898450 446615
201 243217 860299
202 558 993870
203 729890 37821
204 499564 111893
205 521333 88949
206 68847 585767
207 741017 883337
208 218419 510129
209 460739 238760
210 118476 494070
211 582244 223045
212 550211 285286
213 541423 397285
214 762323 391240
215 787281 339493
216 350642 187696
217 805407 142119
218 928135 918997
219 650464 904007
220 248700 698387
221 763374 884197
222 650039 317925
223 143796 963411
224 187101 497717
225 815880 649963
226 443404 698088
227 113540 558957
228 95972 55521
229 54892 858439
230 65735 810893
231 387357 595557
232 863192 822946
233 325574 184649
234 935728 423091
235 739540 255007
236 323028 963021
237 422880 468513
238 50666 884155
239 109504 991254
240 189313 485901
241 342393 903884
242 325505 976388
243 952135 755085
244 324503 982460
245 816544 743485
246 983268 227372
247 164467 993692
248 375359 800352
249 461317 181525
250 267259 259641
251 853907 195847
252 308404 329978
253 307569 539520
254 372583 137152
255 606821 340887
256 731017 72431
257 41894 322249
258 827624 159984
259 431090 869499
260 447587 525222
261 723332 754203
262 155832 479898
263 401100 127181
264 654617 92902
265 160943 511146
266 511571 972352
267 384432 848425
268 754884 269962
269 861989 3256
270 148764 792151
271 323994 455003
272 534873 291322
273 20153 229065
274 71540 684568
275 592592 248177
276 145734 368415
277 20582 756112
278 748069 881555
279 811414 459978
280 575093 37607
281 677530 369326
282 988388 814670
283 16892 276014
284 537558 750572
285 302095 598558
286 88444 746521
287 276906 199409
288 379487 354916
289 733621 399719
290 731829 519544
291 315766 194639
292 517808 123335
293 833615 142244
294 983964 569762
295 831532 478869
296 732404 111416
297 701160 550205
298 703707 577473
299 178096 335463
300 911834 665236
301 495444 671820
302 952739 73047
303 932411 951095
304 850607 897246
305 922496 605824
306 897591 241651
307 628445 96223
308 305203 566114
309 668166 438182
310 110962 439419
311 97917 202094
312 838738 636858
313 103114 416623
314 793782 203859
315 266998 428392
316 504309 836374
317 477222 126004
318 621953 74114
319 566193 421584
320 818132 267501
321 474078 545781
322 458799 392113
323 380952 530309
324 272678 64301
325 447091 287083
326 783690 974237
327 68465 483442
328 160927 659069
329 194597 826735
330 451094 858296
331 384901 429023
332 79114 654995
333 131746 351810
334 782852 236332
335 715271 774893
336 293435 603864
337 991091 823879
338 655728 123680
339 133629 355296
340 475931 444044
341 222026 967047
342 752764 408702
343 43490 75286
344 757260 822227
345 994257 270143
346 291262 329861
347 706312 43238
348 974065 870214
349 554689 634920
350 736384 257271
351 396680 917381
352 588370 3046
353 65057 816643
354 221472 659763
355 439951 85640
356 901809 372369
357 832477 180950
358 567033 55040
359 722710 35876
360 680929 261532
361 797120 147931
362 499947 457999
363 378213 376054
364 15494 988045
365 758822 839084
366 902207 473866
367 915344 390290
368 542235 849656
369 134569 571814
370 841668 988450
371 352575 721384
372 141298 732725
373 473022 143330
374 829913 248312
375 665024 598011
376 854719 566643
377 876098 897299
378 355064 922814
379 2037 198079
380 460811 215400
381 682074 649658
382 818094 451501
383 733064 180424
384 231071 99751
385 707928 423702
386 225126 474397
387 370851 82917
388 406812 230477
389 271833 602647
390 102935 455398
391 374016 817414
392 527234 543421
393 157010 252549
394 655771 463843
395 657225 361810
396 618585 34817
397 863886 417965
398 763323 878178
399 350533 58380
400 325913 242545
401 871497 227265
402 145376 209626
403 223994 37305
404 39409 332676
405 740289 102515
406 267043 538194
407 540853 99000
408 596815 647256
409 785772 400129
410 688177 854886
411 829891 172690
412 773838 465382
413 552205 997860
414 329020 161225
415 858922 369506
416 191067 939156
417 862358 420
418 188355 835822
419 276561 428233
420 946605 509753
421 466776 255642
422 775665 802338
423 531919 445894
424 260979 398503
425 865759 765462
426 549157 189308
427 199458 956406
428 51478 932340
429 364907 144956
430 21270 388172
431 760743 611176
432 386071 230536
433 635738 11400
434 762528 738514
435 567080 150921
436 386277 387269
437 534369 922715
438 305729 640583
439 973231 817431
440 413904 619865
441 632953 184064
442 139954 470750
443 608763 579891
444 553085 631822
445 364682 176954
446 73294 538046
447 861152 795684
448 123475 79507
449 721272 852950
450 496609 891336
451 472662 443547
452 984598 245894
453 132508 365092
454 49353 728708
455 347643 471587
456 379255 733084
457 780273 844315
458 314877 222696
459 750023 590386
460 107060 556230
461 290128 909578
462 241905 675744
463 678258 942730
464 402670 288474
465 790206 940637
466 591229 244523
467 469788 942317
468 240609 899869
469 403790 295639
470 155872 386066
471 829867 962698
472 524762 808451
473 886826 163715
474 296141 185407
475 117426 180745
476 676837 432797
477 62743 555972
478 300106 228138
479 973759 42281
480 5284 232639
481 961301 753713
482 572835 961577
483 641719 416556
484 208322 971822
485 957488 151162
486 926555 564615
487 472960 926314
488 879393 857330
489 846834 685933
490 375637 450119
491 968971 360389
492 283190 557566
493 979335 837516
494 671687 508211
495 300597 824053
496 691546 431968
497 338150 4710
498 459510 265251
499 489738 598447
500 929058 29496
501 316880 610208
502 809770 667306
503 211774 316448
504 149607 505177
505 576636 462590
506 556451 465548
507 741683 181231
508 541093 529333
509 415562 568125
510 502066 376468
511 926817 609875
512 42763 927992
513 834281 316347
514 754845 805653
515 714540 562944
516 707722 341657
517 109296 913047
518 893668 503423
519 618705 101958
520 16473 450001
521 421953 103561
522 6144 924129
523 897235 81671
524 389205 410158
525 170428 143163
526 510405 684085
527 883906 366113
528 321773 975223
529 500912 896722
530 773638 708350
531 697743 47648
