NAME : portgen-594-4183273
COMMENT : portgen N=594, seed=4183273
TYPE : TSP
DIMENSION : 594
EDGE_WEIGHT_TYPE : EUC_2D
NODE_COORD_SECTION
1 713450 723540
2 499573 432463
3 146459 94905
4 953699 362117
5 22596 690078
6 406336 370109
7 526491 383419
8 210673 199548
9 866651 655637
10 148396 93335
11 795585 262079
12 868529 801240
13 758663 57850
14 300649 453574
15 667260 81037
16 634875 329630
17 828265 827193
18 364621 499409
19 918999 95416
20 9465 397644
21 828773 171382
22 735543 240704
23 300115 245202
24 806756 396600
25 887189 405396
26 855706 328117
27 385344 164091
28 348016 383820
29 895274 672380
30 67842 647050
31 175905 858282
32 352651 624951
33 861305 234953
34 634565 285786
35 83304 965470
36 392792 470050
37 768447 743000
38 237629 467468
39 876735 704438
40 453224 374842
41 162575 628268
42 385732 20210
43 905131 776593
44 976979 203313
45 965887 129667
46 864843 633212
47 12112 43995
48 4852 358722
49 402934 992543
50 3075 832646
51 368467 102318
52 943376 512346
53 242820 227437
54 942384 365133
55 258959 571423
56 406841 691961
57 706492 938175
58 782206 542692
59 846170 308656
60 620099 502582
61 832019 642022
62 282711 250657
63 597003 290474
64 526673 256101
65 500179 10192
66 525083 511601
67 445478 881800
68 968001 470614
69 921776 447557
70 238004 362438
71 930422 668322
72 583214 463304
73 297647 222820
74 350501 761454
75 446991 714378
76 832048 146833
77 492363 992883
78 307563 856865
79 656839 61576
80 544345 772205
81 305661 494827
82 127129 896520
83 641000 738518
84 108746 243188
85 640527 559385
86 192191 84716
87 861664 905720
88 670533 685185
89 149658 289828
90 943094 740137
91 633634 465097
92 711755 727973
93 704530 30255
94 384472 548957
95 240799 229483
96 361868 678587
97 807030 678618
98 170247 845706
99 806658 677493
100 792771 612462
101 73162 60673
102 818359 706854
103 80744 366951
104 435077 764390
105 288352 277307
106 472393 107882
107 820776 314862
108 410337 627073
109 687797 448510
110 726273 795294
111 931860 431253
112 450416 28064
113 486223 131518
114 266356 154810
115 824976 303582
116 250107 385268
117 1476 665787
118 267744 525751
119 644321 396893
120 317635 77457
121 342458 935961
122 822683 445505
123 297622 930615
124 228171 778965
125 192395 38729
126 579349 651848
127 852516 489188
128 362354 687893
129 59197 152572
130 439109 554992
131 722629 38184
132 446754 210894
133 934849 536431
134 285198 375270
135 17239 479722
136 398901 908832
137 256115 687544
138 215945 280012
139 578736 961228
140 665709 798330
141 72320 113784
142 715700 269984
143 580952 211923
144 938514 790581
145 730938 731312
146 240553 269050
147 379654 837913
148 678555 433626
149 679846 135139
150 229559 17610
151 351878 266942
152 113255 394065
153 966408 465564
154 936147 582532
155 908235 150431
156 749378 268615
157 421634 707797
158 314439 453578
159 658529 608841
160 532338 501222
161 856585 150059
162 145710 999628
163 127844 131959
164 795576 862050
165 721136 750380
166 343864 996204
167 52992 515278
168 48951 803705
169 692150 7902
170 955545 127374
171 553394 329673
172 258243 229715
173 874726 90493
174 123340 380026
175 710068 546596
176 638049 817795
177 414002 479179
178 673746 355673
179 213950 597977
180 345113 162702
181 773414 928245
182 626986 780861
183 597037 419704
184 10372 191918
185 833070 223945
186 330238 278503
187 898772 985741
188 863172 38789
189 736056 666531
190 325882 772170
191 918008 197599
192 516936 558433
193 976965 415619
194 369217 272131
195 918241 629246
196 793333 500231
197 174832 731599
198 797135 274891
199 430901 272501
200 366542 835936
201 354437 456808
202 54144 937898
203 628588 440450
204 300858 855569
205 502213 258127
206 986455 941819
207 679736 715866
208 369369 273183
209 753412 895386
210 983725 322146
211 988803 737870
212 825376 997133
213 869508 873429
214 224359 960873
215 357153 422722
216 737931 880487
217 164317 67755
218 785714 976189
219 517862 801070
220 189063 703782
221 662206 473831
222 288405 596094
223 640443 55462
224 674854 177698
225 862091 923705
226 50531 470027
227 915348 943820
228 98005 473949
229 292490 986389
230 152184 652398
231 922588 499788
232 666505 798430
233 595920 512624
234 653413 83641
235 75423 313907
236 598328 575714
237 33295 60019
238 271614 518775
239 822522 881555
240 899128 395558
241 580939 237970
242 808689 704754
243 500133 238142
244 213981 365886
245 471834 273089
246 322775 434221
247 725647 875156
248 105453 86491
249 440535 228385
250 324480 121667
251 232940 793298
252 278570 466532
253 342766 812561
254 661338 210593
255 443686 859863
256 259968 926603
257 514554 879094
258 329623 488366
259 774141 791349
260 692976 509428
261 72089 425028
262 759160 953755
263 80967 805029
264 297144 566762
265 717252 459052
266 857437 611929
267 437869 39264
268 135589 654335
269 723415 929595
270 375131 11767
271 464001 422632
272 672909 962405
273 201000 897747
274 675060 771891
275 794189 300424
276 789347 873772
277 511132 865428
278 264229 621010
279 355429 239305
280 330942 688431
281 89146 731743
282 835461 431919
283 395861 837336
284 253693 552148
285 678094 431875
286 813305 2250
287 997159 392552
288 720080 198316
289 913895 893732
290 689526 459956
291 449600 57838
292 235819 28821
293 369906 125694
294 776467 5950
295 643403 298253
296 400641 171266
297 251500 943255
298 198461 461751
299 425472 280357
300 242324 2683
301 983852 781328
302 82364 334233
303 850823 731508
304 637952 482311
305 495522 138534
306 844543 349479
307 595902 32689
308 287790 917879
309 480242 892205
310 233457 934110
311 411863 973336
312 309824 675411
313 448023 31977
314 919885 662925
315 541729 988572
316 560363 431583
317 398210 550991
318 615413 100121
319 461936 203130
320 741031 452026
321 645452 884261
322 772492 709292
323 886389 427304
324 861442 576089
325 495231 166483
326 541865 762546
327 738628 253752
328 442319 552268
329 383117 531373
330 718820 750702
331 269572 434822
332 741280 43495
333 493082 960281
334 576986 886610
335 146300 860485
336 56437 904152
337 396974 66974
338 392245 649317
339 234708 56071
340 233091 895755
341 648860 388512
342 944105 791026
343 718999 125540
344 690303 354714
345 57909 655131
346 523134 575326
347 56829 880545
348 395588 741299
349 487287 705518
350 317047 237072
351 192596 805371
352 342998 599476
353 517623 153353
354 818441 947601
355 534752 316778
356 861964 28403
357 473464 63688
358 227567 694246
359 377993 860734
360 647907 751783
361 472993 871468
362 569562 909228
363 667889 251066
364 561154 797497
365 549350 238891
366 830875 287106
367 521318 916312
368 33791 620457
369 915047 880416
370 563458 24753
371 747547 829568
372 706807 306125
373 182137 651666
374 5763 147601
375 212656 144522
376 180144 689789
377 156167 78155
378 406196 905489
379 284052 426685
380 565684 897166
381 238305 938024
382 384142 509999
383 569231 32395
384 321595 167338
385 881551 575901
386 688482 230392
387 648078 503384
388 571638 783204
389 715301 491407
390 503032 762399
391 967013 134469
392 231813 652184
393 585 892851
394 902964 11319
395 347081 1395
396 298861 747709
397 998865 987557
398 336270 517155
399 181490 203423
400 734487 398933
401 936364 514356
402 644569 450256
403 177509 45674
404 457976 503982
405 77570 513344
406 2525 272733
407 79603 564289
408 598304 490596
409 939158 396585
410 173728 52075
411 850905 118172
412 432850 482617
413 639536 174126
414 585823 197822
415 325875 525963
416 325227 211318
417 413836 989687
418 759874 694279
419 54866 667523
420 53880 509989
421 953693 506378
422 837590 295005
423 150489 180689
424 314858 516248
425 348020 162144
426 931332 983668
427 877547 208523
428 73705 725046
429 100519 654881
430 690381 483229
431 990808 790453
432 450102 567580
433 559651 496146
434 435142 784597
435 413799 417615
436 175737 422910
437 48565 11583
438 120743 867237
439 240624 224327
440 408912 914490
441 73607 930941
442 507440 842646
443 535154 534774
444 761216 846256
445 430036 263727
446 259136 270268
447 253724 636265
448 334252 530783
449 457813 826006
450 174262 283252
451 940064 90531
452 107336 433529
453 88536 390
454 476227 34901
455 673368 538930
456 963829 254262
457 224845 426654
458 224092 720540
459 536728 813836
460 233328 28868
461 38333 609135
462 610335 130547
463 477550 85205
464 315573 615035
465 923046 120353
466 391009 205723
467 550958 869981
468 950661 819344
469 706095 80786
470 618553 814614
471 998045 947379
472 612927 401167
473 225394 650000
474 659932 123176
475 158714 249047
476 215209 842777
477 902960 53908
478 892243 734341
479 539573 237355
480 482868 269192
481 294294 395441
482 416347 858754
483 540885 16449
484 641335 823677
485 201259 574091
486 60608 413552
487 655122 984281
488 813659 195555
489 706175 556426
490 238304 743209
491 545631 78218
492 132166 653854
493 826058 995567
494 789375 692203
495 329095 934211
496 178009 882417
497 879526 44462
498 754006 584493
499 292257 628646
500 587508 29838
501 943824 103505
502 884872 415505
503 703415 136990
504 710611 249105
505 227850 896675
506 944965 847370
507 908259 548657
508 91182 411876
509 515915 371884
510 104748 956391
511 724192 12688
512 236169 171420
513 630266 957102
514 528679 239616
515 280865 676669
516 484944 457070
517 328576 341628
518 798244 698261
519 169959 583509
520 562671 414181
521 479652 417491
522 587455 372704
523 210019 165320
524 646248 708105
525 414196 796904
526 55814 52640
527 347780 910839
528 544894 486754
529 774929 543244
530 617261 5154
531 967030 127102
532 686433 813669
533 417023 527474
534 259914 535554
535 338638 925862
536 765628 807809
537 957688 307844
538 900577 671551
539 664908 325329
540 626526 143511
541 182172 985434
542 622355 275711
543 709638 357842
544 770636 514907
545 924605 270770
546 438346 634404
547 244870 636809
548 648553 671842
549 459802 279611
550 472127 538467
551 500412 320918
552 81578 270684
553 614731 70379
554 430285 72068
555 201201 187051
556 716118 260022
557 618638 346491
558 566808 332625
559 882231 49624
560 165115 745180
561 67671 980303
562 63427 800170
563 425449 444709
564 726230 687004
565 693112 830197
566 241266 592839
567 124128 439474
568 427393 922150
569 366795 275864
570 708903 377012
571 475611 721011
572 349791 179424
573 203098 458042
574 570976 444700
575 211359 203843
576 945611 772797
577 586498 641930
578 297201 907573
579 196789 642104
580 843290 692581
581 703583 154420
582 363165 824188
583 711440 995106
584 910231 439213
585 143393 108765
586 761649 437530
587 838264 961272
588 799568 294874
589 393805 421497
590 502968 517876
591 247920 84126
592 843713 531
593 126613 86845
594 229674 299940
