NAME : portgen-600-4074299
COMMENT : portgen N=600, seed=4074299
TYPE : TSP
DIMENSION : 600
EDGE_WEIGHT_TYPE : EUC_2D
NODE_COORD_SECTION
1 812852 691547
2 833485 915272
3 330342 489720
4 576427 654646
5 737809 646915
6 615886 783284
7 332967 774591
8 905948 127331
9 279722 633762
10 758639 546284
11 938051 525802
12 4050 90271
13 829647 917699
14 480234 815400
15 750782 837214
16 212919 788656
17 868293 227657
18 106242 492
19 772875 786181
20 230569 516313
21 378374 69678
22 389190 236518
23 479444 609180
24 386790 820801
25 725241 739280
26 418319 91884
27 683572 611056
28 258658 24196
29 823253 605827
30 809029 329850
31 716845 790245
32 424076 221496
33 268541 546207
34 394094 96448
35 295146 296768
36 740541 458921
37 908520 19359
38 127964 846166
39 842230 392993
40 831612 805450
41 94446 874407
42 6370 420932
43 120369 422673
44 364579 646797
45 959116 560034
46 606398 676426
47 491034 933801
48 775772 919452
49 161157 369830
50 108553 633277
51 766949 993796
52 989188 919790
53 644834 543911
54 85514 262640
55 490687 835984
56 659617 176455
57 646711 248995
58 723451 40419
59 299210 490275
60 445724 349088
61 385050 24263
62 987895 661869
63 529818 746745
64 469732 988730
65 374525 584052
66 760651 579590
67 902306 995628
68 145833 917990
69 227695 757375
70 697480 79949
71 123462 874304
72 201073 610027
73 174984 582135
74 688531 829165
75 403982 29026
76 449720 172427
77 995305 524500
78 872626 187359
79 91489 993560
80 773956 726844
81 316215 328139
82 565159 410737
83 712521 785313
84 975382 36683
85 74010 141315
86 351887 470045
87 86292 416697
88 899368 212622
89 28957 463394
90 789243 342459
91 655255 476172
92 214773 647681
93 267837 432512
94 14431 491568
95 283106 360520
96 942607 191012
97 683364 556165
98 728062 653417
99 788011 784375
100 710659 962362
101 553178 225137
102 39922 61522
103 373770 973548
104 957654 347624
105 256663 440113
106 172928 599920
107 710454 413436
108 784236 125203
109 644774 8993
110 682675 59104
111 997302 191006
112 326024 111648
113 588137 126750
114 430122 24769
115 42926 925819
116 254968 681332
117 206730 349129
118 169531 55335
119 765717 801336
120 863444 142633
121 787737 5437
122 808893 224002
123 363218 751600
124 864987 571716
125 968028 601311
126 223294 763241
127 741448 784839
128 707393 871845
129 18406 690792
130 891991 318435
131 207830 156317
132 484179 114030
133 652376 167490
134 791027 486451
135 50218 32635
136 260216 73057
137 40965 81364
138 835809 234061
139 449558 541185
140 404254 716291
141 108344 739329
142 132778 724491
143 717989 98651
144 197152 92700
145 696753 2040
146 264307 279265
147 751118 830809
148 882416 714679
149 964471 727529
150 388192 129157
151 302042 323801
152 167462 251737
153 492966 483964
154 630462 16957
155 66849 608742
156 674693 925705
157 994039 889950
158 54127 928564
159 405199 653370
160 231613 937696
161 203019 63498
162 98258 921061
163 730593 936414
164 905595 789228
165 588397 351844
166 603598 432600
167 474335 795511
168 41598 182639
169 745290 242827
170 670363 789424
171 693451 543781
172 861086 759056
173 799021 200809
174 181006 830056
175 100215 946001
176 809084 175243
177 139131 36348
178 525558 869441
179 849465 371951
180 210139 310327
181 738674 387635
182 346593 277424
183 915290 130911
184 64618 234982
185 90929 853318
186 747557 575142
187 553154 285611
188 128612 27775
189 924366 61910
190 395502 861151
191 86949 533644
192 579089 278070
193 613169 215963
194 86007 196910
195 880220 910686
196 118020 510307
197 151898 817045
198 41866 118309
199 990627 575475
200 630444 771245
201 276443 119096
202 434554 239064
203 859052 275439
204 596154 861061
205 423179 309595
206 783434 652554
207 491730 299452
208 192306 228367
209 235737 529548
210 235558 796981
211 140284 489143
212 604538 319683
213 576874 628461
214 140588 314090
215 426559 853172
216 431621 63304
217 638731 85906
218 77716 434394
219 41913 279636
220 85763 384802
221 980225 556459
222 961352 83239
223 770402 628877
224 905769 832214
225 240170 413405
226 977721 676537
227 148915 777272
228 339624 213138
229 480365 348647
230 161348 424658
231 233525 316517
232 775298 38376
233 329369 226975
234 691201 408491
235 529049 563429
236 322598 403522
237 289377 822152
238 819260 463746
239 340227 827265
240 980058 363735
241 148095 791940
242 152741 1901
243 619646 115104
244 288006 600354
245 756536 850741
246 743192 633422
247 750587 522334
248 62204 576703
249 267081 139200
250 263979 306655
251 288649 78503
252 852155 876435
253 265309 185780
254 523795 147014
255 157626 224520
256 925132 880011
257 592110 310607
258 681465 600103
259 565929 252964
260 976172 752666
261 959893 552001
262 144512 222393
263 274779 244094
264 551366 412942
265 556842 633479
266 939951 193212
267 669639 755538
268 438602 268084
269 199830 842134
270 320435 19542
271 549174 35041
272 624181 3870
273 890847 191191
274 488910 528193
275 247554 818109
276 25336 854139
277 582357 630499
278 366704 95437
279 408864 96617
280 437832 997224
281 985949 681660
282 826579 138083
283 675345 890091
284 255829 588239
285 419759 490273
286 111193 37735
287 5409 158063
288 727329 105753
289 969643 514012
290 855689 179342
291 835229 454749
292 975109 559617
293 647530 258290
294 366633 531555
295 80192 548511
296 12255 611590
297 422374 830161
298 908349 511438
299 29632 466118
300 276540 785093
301 221548 974897
302 672504 68212
303 982879 570587
304 879029 22740
305 982969 108413
306 728803 877308
307 16424 889320
308 984969 374358
309 259286 996417
310 229733 163907
311 860459 789711
312 311699 634665
313 268725 136295
314 365231 937197
315 175183 156742
316 226723 946902
317 531043 747275
318 450538 957921
319 438325 85789
320 574647 273171
321 999004 370216
322 301821 916285
323 688052 222543
324 299891 787708
325 561436 772053
326 146206 92434
327 290934 119798
328 558370 274645
329 443853 925229
330 617673 24958
331 132261 793240
332 448092 709797
333 109409 358587
334 575487 100139
335 201267 762425
336 74467 471577
337 434981 457680
338 17700 768024
339 498776 191900
340 76295 994080
341 692442 440002
342 319523 150224
343 24480 433483
344 498810 821245
345 637866 91951
346 382434 338186
347 884522 812222
348 198704 527427
349 935234 844141
350 898584 920028
351 723767 107991
352 711413 567355
353 79611 706204
354 772911 140709
355 95317 124886
356 775834 622607
357 287362 525722
358 642524 794075
359 908717 635870
360 511093 581981
361 423352 731345
362 201554 281239
363 38658 966475
364 760164 867625
365 378069 311495
366 995113 358067
367 96582 951409
368 218245 69834
369 152639 793800
370 507700 230405
371 524765 862940
372 310151 55884
373 668598 651088
374 136631 603283
375 773563 232228
376 767263 67608
377 466072 587088
378 924915 365700
379 11408 760003
380 349109 9776
381 553565 979110
382 633009 864912
383 600120 912894
384 312455 231478
385 857124 991436
386 657443 305434
387 862307 278865
388 814718 355743
389 265273 614465
390 356323 672958
391 955067 160
392 518515 368292
393 757930 16003
394 725057 231670
395 351288 305350
396 757378 921161
397 936676 516264
398 572961 219331
399 632 31286
400 241165 312854
401 385814 522166
402 246959 100604
403 277161 767102
404 549093 97779
405 829158 908911
406 640642 779738
407 408715 43759
408 252398 632404
409 42433 116745
410 291951 380789
411 912261 281169
412 990312 544269
413 605621 135277
414 58475 761702
415 1704 47616
416 806650 167494
417 785307 447411
418 32316 175328
419 591445 474756
420 115894 125526
421 973569 608312
422 939719 970499
423 393089 476209
424 930848 392406
425 910642 437684
426 160856 238930
427 29582 193549
428 506203 218320
429 736859 799547
430 68288 101832
431 175657 74336
432 981885 703631
433 935342 32330
434 840019 438216
435 650670 776188
436 701555 650026
437 206102 854266
438 219933 673331
439 251586 796762
440 38066 387301
441 398417 258927
442 693414 899871
443 871958 732314
444 185608 81675
445 512069 999986
446 335309 153229
447 824086 339705
448 423971 323543
449 402209 85452
450 750565 719757
451 224622 134086
452 354340 523341
453 39266 901928
454 545515 129710
455 321590 773889
456 32711 655183
457 287477 68302
458 766522 22428
459 250249 642179
460 279660 611799
461 630121 754566
462 687650 930912
463 551566 567469
464 295685 682761
465 814999 318004
466 127815 121875
467 475172 264176
468 354589 743234
469 971449 625112
470 133349 849530
471 482065 543429
472 802014 900270
473 369864 580742
474 465578 893174
475 788139 856502
476 27857 719447
477 270452 432560
478 591942 102746
479 658914 90164
480 168752 296032
481 930478 920403
482 996361 472060
483 291824 489282
484 853169 387207
485 698437 185779
486 556849 357075
487 854040 423158
488 583941 910673
489 484114 255089
490 338970 448819
491 908555 205521
492 514009 518967
493 387526 207411
494 125514 3111
495 972352 865307
496 890065 584242
497 926675 947569
498 292681 124989
499 689388 378856
500 316328 459191
501 96628 210489
502 554203 339319
503 947947 822335
504 205438 751485
505 45034 384530
506 977232 655802
507 117811 303444
508 405967 346235
509 993728 48791
510 179378 166834
511 799893 474312
512 70878 239245
513 89151 346359
514 802871 514721
515 475211 761605
516 705234 732629
517 210055 954439
518 471587 252752
519 87710 210564
520 113000 41290
521 213683 76722
522 823733 805518
523 65413 415752
524 513363 687429
525 858418 946321
526 322118 174667
527 903645 554722
528 753956 363999
529 434 599763
530 867732 695194
531 734625 994874
532 638484 3743
533 170847 900509
534 832068 312292
535 238031 990215
536 832872 306299
537 190373 233056
538 844715 625226
539 570667 516156
540 485288 725152
541 345925 203107
542 646988 780017
543 26980 710360
544 94144 206311
545 783592 571077
546 420684 775417
547 972532 122784
548 208418 907383
549 886349 590676
550 960802 440186
551 845084 997207
552 202141 133265
553 600396 119010
554 527678 123627
555 527742 43596
556 269854 794122
557 816171 296654
558 274509 959208
559 22341 515700
560 795325 263463
561 14160 241391
562 351490 797845
563 145130 835664
564 104157 57107
565 632660 725705
566 97547 447039
567 988413 441692
568 455297 551802
569 386936 350333
570 505507 67772
571 688018 578444
572 410985 520129
573 556917 179292
574 423927 174687
575 977654 372753
576 803226 829241
577 958016 235097
578 342638 398044
579 8793 760449
580 677968 48593
581 732074 177345
582 618120 459970
583 355577 691410
584 383137 296042
585 739737 95217
586 535280 847654
587 538045 422572
588 460237 184918
589 283375 116392
590 455206 747085
591 826871 343708
592 379139 584066
593 993630 920202
594 828919 528443
595 86114 763887
596 168665 90894
597 610596 410289
598 532491 840364
599 40398 988413
600 59891 371998
