NAME : portgen-547-5479787
COMMENT : portgen N=547, seed=5479787
TYPE : TSP
DIMENSION : 547
EDGE_WEIGHT_TYPE : EUC_2D
NODE_COORD_SECTION
1 112996 943571
2 778423 282326
3 837051 121448
4 365806 270204
5 85359 940463
6 924765 436589
7 690592 617189
8 710830 753512
9 192228 483320
10 46830 508550
11 580280 353543
12 994862 123298
13 239824 116323
14 245202 818049
15 569007 640690
16 380071 827281
17 275683 809446
18 769131 484528
19 308804 181158
20 287162 912737
21 812354 718930
22 949609 362983
23 856113 501431
24 533020 693809
25 47250 647686
26 867896 202478
27 220360 78083
28 43376 285715
29 667887 968976
30 513194 352522
31 812644 184647
32 983042 172622
33 128108 205835
34 486980 327608
35 761076 209398
36 220492 498418
37 436069 399143
38 640654 377801
39 133183 916779
40 79921 954108
41 448435 276225
42 304854 216484
43 828046 195423
44 844238 103061
45 681337 563296
46 997548 981195
47 420082 77763
48 692244 313936
49 282861 550465
50 722328 478311
51 368248 616241
52 613887 93142
53 199251 591670
54 897624 3875
55 250037 847953
56 441477 564825
57 287639 949898
58 354974 831449
59 764565 905278
60 480377 814172
61 922974 936514
62 605280 282764
63 841149 604251
64 884530 342927
65 199892 48983
66 480177 129307
67 666741 231968
68 512631 883609
69 988585 354955
70 861510 996597
71 430858 938959
72 622684 867165
73 640321 61033
74 375915 137317
75 236614 87993
76 429405 939933
77 350572 673344
78 998134 238941
79 949499 381918
80 580510 315641
81 603085 542669
82 142365 253440
83 417094 502517
84 942141 420474
85 309576 293940
86 455533 627247
87 668664 392383
88 384766 983040
89 585942 931935
90 284630 602208
91 654751 502611
92 762416 884250
93 445898 937508
94 986941 413300
95 814874 10114
96 941468 568111
97 45378 567569
98 541063 803610
99 270295 230300
100 482399 657281
101 475091 443980
102 852686 634406
103 433241 926794
104 177516 466321
105 227445 60625
106 252000 536199
107 567044 570396
108 374173 34973
109 497290 574796
110 712377 613483
111 232222 711841
112 938075 652295
113 818848 11553
114 774561 34258
115 959142 457972
116 805523 119620
117 704489 224005
118 350207 118552
119 935567 192020
120 510077 410925
121 440217 412145
122 700923 201390
123 777891 229626
124 630036 393082
125 748720 529509
126 29049 236036
127 271157 24426
128 851758 355471
129 739490 628681
130 284198 314688
131 991226 985496
132 956244 816520
133 620408 839854
134 835275 365654
135 792504 144546
136 404937 104208
137 826075 182867
138 584434 996185
139 440683 913648
140 800537 463377
141 272062 145880
142 750060 644453
143 466745 820026
144 163375 887968
145 603597 510353
146 283277 569913
147 399515 365530
148 5988 336009
149 586070 518055
150 616955 781706
151 788943 716388
152 592545 285343
153 257447 883168
154 485976 626704
155 557681 31731
156 192095 851522
157 25084 773844
158 31411 421313
159 585981 590713
160 810532 284398
161 253784 317219
162 748698 10798
163 355602 688548
164 511662 540731
165 925420 701265
166 510209 813979
167 355966 768805
168 271282 420540
169 120796 976215
170 613042 45431
171 234044 572662
172 77436 319198
173 256568 966057
174 821214 388716
175 9927 317439
176 824346 45338
177 592635 915689
178 271496 974964
179 360421 823740
180 14061 836906
181 762372 509760
182 13661 512250
183 797687 619433
184 774085 705886
185 517276 65354
186 600098 197265
187 580785 493093
188 460052 208446
189 724584 833008
190 739301 380638
191 328127 687922
192 526670 88514
193 938893 448
194 800317 843716
195 971118 651848
196 646454 414910
197 458939 547688
198 445332 36779
199 991876 584343
200 859146 48122
201 241472 988206
202 649415 629289
203 989312 136424
204 518667 504121
205 976796 271048
206 174647 516705
207 852622 362212
208 190451 347462
209 50821 465973
210 66917 760907
211 627556 189742
212 846740 469154
213 823881 611892
214 547849 951495
215 503781 323627
216 689778 220463
217 856212 468253
218 205990 811421
219 835300 164458
220 898062 591430
221 949627 334343
222 776799 210210
223 24292 456711
224 568170 989785
225 723806 833439
226 488929 40380
227 80562 535518
228 358343 21009
229 131994 181161
230 423299 177890
231 301124 354209
232 606058 385366
233 321421 840303
234 739906 642411
235 337919 733740
236 779292 61036
237 742167 233477
238 271977 587175
239 109180 311221
240 110811 802872
241 479898 366688
242 528196 325890
243 22502 335569
244 614404 470845
245 146832 365687
246 71515 192888
247 826538 164322
248 812137 888590
249 592176 543321
250 938233 437116
251 347530 256948
252 878973 920933
253 353540 122241
254 512183 754671
255 513016 22773
256 406604 661148
257 34329 57611
258 106374 108235
259 527670 441736
260 573228 432830
261 248127 196584
262 704178 900803
263 386209 522343
264 182062 821233
265 879936 149736
266 74992 354509
267 798205 88037
268 396268 818750
269 332358 470584
270 219516 914266
271 807899 172667
272 897617 714001
273 117559 874931
274 488710 925735
275 778112 289794
276 706528 770943
277 663384 788496
278 362124 993021
279 458743 790936
280 524665 534790
281 789882 41598
282 535154 598749
283 214874 233936
284 763530 320328
285 940052 231443
286 619524 601935
287 663624 283434
288 726302 477184
289 533199 915681
290 538678 393187
291 63600 391126
292 296567 345146
293 359853 33393
294 819354 199456
295 873163 162331
296 55219 12030
297 530532 988073
298 294742 205963
299 509043 614182
300 987699 640375
301 341731 573029
302 387056 384924
303 226193 315402
304 474375 318238
305 428643 328731
306 173666 259287
307 917772 362334
308 479570 777852
309 511065 547081
310 304006 8910
311 724893 149348
312 332628 299676
313 889711 46495
314 214879 278699
315 57240 410900
316 2808 214960
317 487038 209947
318 219521 804313
319 473353 934233
320 865575 582001
321 522327 272273
322 895449 864252
323 437438 905871
324 679401 230856
325 98361 248246
326 991084 230344
327 556942 576798
328 637566 126770
329 85991 177108
330 165403 421880
331 842048 540141
332 452663 846641
333 806403 901393
334 363837 53520
335 924895 573699
336 98450 280209
337 448720 55760
338 17826 494549
339 592405 755829
340 662109 762941
341 960504 37770
342 113296 635360
343 568851 462667
344 762297 640396
345 403543 318128
346 440475 419833
347 9337 291876
348 483550 242117
349 823553 839689
350 846425 942889
351 313465 923571
352 568747 335420
353 287742 953313
354 117048 921582
355 7947 174899
356 364472 445594
357 773564 847275
358 981405 422215
359 530803 160786
360 363090 564285
361 77840 524148
362 207094 982006
363 260233 174878
364 711462 113299
365 768018 64513
366 377501 670823
367 747882 487209
368 398468 514910
369 264206 266021
370 653954 146636
371 931863 601510
372 277306 839258
373 240288 916326
374 212739 27331
375 31642 308672
376 530655 710253
377 71670 781912
378 565388 642642
379 175688 81537
380 936952 772832
381 689107 851027
382 267627 861310
383 243036 762962
384 168288 934306
385 606986 65078
386 209476 503472
387 129143 54418
388 33630 367586
389 452477 425181
390 416618 617591
391 999189 629924
392 176347 995186
393 375406 526473
394 403196 886572
395 244173 635506
396 346621 329899
397 659034 588876
398 937160 428391
399 472366 222887
400 805627 872701
401 463848 787557
402 610712 414051
403 309482 900730
404 533905 76484
405 406506 38914
406 239445 289116
407 837364 301445
408 426210 359207
409 191992 678751
410 924150 814645
411 290595 945400
412 128678 734285
413 601229 421918
414 892759 715092
415 744935 132899
416 833681 375992
417 18675 377704
418 378145 710073
419 792560 874901
420 568975 16198
421 334481 724445
422 962421 429528
423 344910 401221
424 201221 924748
425 987646 515241
426 535631 757274
427 477951 672727
428 39020 87855
429 768882 233008
430 35905 599409
431 108169 659003
432 507508 390307
433 704433 515000
434 326695 407836
435 956535 24988
436 157986 267243
437 691105 408908
438 279013 533320
439 467448 455950
440 695265 513373
441 653036 659750
442 679186 145526
443 24729 174677
444 868483 628367
445 673271 863145
446 383377 384724
447 918366 543987
448 858212 67237
449 33339 553512
450 150514 811590
451 933772 745270
452 229483 474272
453 862205 875880
454 78088 332425
455 647997 864342
456 219372 140514
457 559737 172760
458 216031 723445
459 740636 963521
460 532094 637195
461 481660 773182
462 257321 144945
463 91215 412716
464 37760 216832
465 546703 403132
466 455232 135023
467 807952 830922
468 294001 512521
469 100013 506425
470 929494 301284
471 434040 904962
472 96273 36075
473 381484 610195
474 127403 773421
475 452771 445496
476 29476 816507
477 6809 747382
478 356357 798749
479 937317 398561
480 180270 349683
481 775867 571662
482 402930 346713
483 430301 314410
484 44241 523662
485 791276 605836
486 596042 967215
487 510750 86598
488 607719 665153
489 766373 509938
490 788587 292466
491 475398 639199
492 36562 197019
493 627264 883570
494 732092 461239
495 400620 979591
496 468280 576351
497 715149 323658
498 705242 466825
499 394211 9675
500 428356 716330
501 843821 617464
502 984833 160305
503 970097 390277
504 779944 809789
505 120117 472786
506 66657 476077
507 997940 200678
508 881403 199516
509 856512 79272
510 641471 963476
511 920198 34566
512 95305 74945
513 762014 978577
514 982381 350445
515 116500 217441
516 885208 956584
517 389821 315800
518 225809 999321
519 641259 835883
520 315616 427748
521 27057 652820
522 819768 437144
523 59393 433714
524 481045 640204
525 561643 726664
526 484443 43766
527 893174 210914
528 831122 887237
529 227643 669032
530 934495 970776
531 749018 944061
532 494172 692368
533 445729 413837
534 656309 560795
535 141285 447689
536 718470 216308
537 517629 914806
538 479033 876432
539 141391 884391
540 243823 874777
541 750934 313349
542 415949 145724
543 468422 941147
544 462411 697452
545 870071 811972
546 343011 80463
547 694598 867927
