NAME : portgen-470-3556513
COMMENT : portgen N=470, seed=3556513
TYPE : TSP
DIMENSION : 470
EDGE_WEIGHT_TYPE : EUC_2D
NODE_COORD_SECTION
1 13128 471864
2 95112 464760
3 234047 432384
4 558602 328233
5 690106 622697
6 808741 902159
7 536849 282868
8 993544 894884
9 316139 492234
10 829638 623481
11 889403 773239
12 725056 891085
13 649022 39083
14 44098 236878
15 10333 174634
16 510372 294510
17 375992 750874
18 90820 93248
19 797951 721986
20 768372 210857
21 345995 649111
22 364938 968110
23 136959 764376
24 774895 876457
25 913481 586878
26 175372 761825
27 132104 179708
28 281797 718618
29 95872 344238
30 373940 140798
31 634432 836616
32 559861 479248
33 276701 159629
34 537220 568738
35 145909 229168
36 119988 439681
37 578752 242759
38 448108 127577
39 641135 545347
40 609287 930404
41 943211 699860
42 862937 869535
43 540202 673755
44 734649 896743
45 474172 931190
46 556027 229213
47 576077 539203
48 90869 906314
49 70359 122179
50 520001 9381
51 123241 229548
52 267169 983077
53 643667 475512
54 898888 262569
55 639506 608041
56 983968 199128
57 870065 442749
58 584770 405219
59 260539 20657
60 388379 370386
61 89269 415041
62 48736 136527
63 105926 890440
64 172511 595675
65 599092 972596
66 228689 378565
67 905841 1246
68 946435 744083
69 829794 420187
70 284764 134983
71 413216 713992
72 508364 103785
73 841920 140985
74 180476 439549
75 433276 200428
76 733802 474684
77 523086 547405
78 780691 744675
79 323706 265923
80 36641 899584
81 645718 478700
82 977804 504522
83 194825 269976
84 690763 766280
85 600828 443784
86 224743 820990
87 587380 187950
88 636583 614585
89 891955 501331
90 355835 361251
91 566733 906587
92 559033 699507
93 326878 749989
94 400760 401318
95 806420 676459
96 53319 63514
97 819359 840979
98 910240 592226
99 126612 320413
100 467201 227335
101 249030 679144
102 83713 72025
103 633695 827215
104 915650 823579
105 220526 30702
106 343914 922388
107 459503 360181
108 846265 582203
109 659341 136825
110 594282 602599
111 143363 370350
112 299078 373493
113 194753 545598
114 737276 515354
115 554255 809368
116 698935 68375
117 280804 325133
118 17336 644345
119 447084 198852
120 853242 744674
121 90648 263935
122 807035 203821
123 533096 682968
124 764436 445865
125 646225 364641
126 854949 611257
127 766157 657833
128 528399 180654
129 398339 758580
130 54688 989349
131 380131 716797
132 970336 475852
133 940054 79979
134 115352 255681
135 827085 163296
136 817767 213475
137 490599 229640
138 747649 532105
139 604192 641244
140 845093 14098
141 147258 978695
142 460665 564905
143 429237 982137
144 98039 804952
145 385078 937357
146 528992 191402
147 371767 689945
148 926906 877172
149 773336 577395
150 456172 990
151 78776 123191
152 600772 632126
153 217383 876254
154 150591 201251
155 228595 546262
156 82615 593387
157 373501 117331
158 460356 188728
159 345030 280390
160 548945 62881
161 306643 537957
162 799509 826094
163 84520 694576
164 612702 858472
165 12257 871395
166 381514 402941
167 412649 298831
168 931483 553871
169 605193 343334
170 104548 240508
171 637107 817648
172 256006 322197
173 630714 991035
174 391892 545672
175 605425 232330
176 264470 914863
177 565137 584777
178 619476 675834
179 710541 301941
180 700643 663512
181 271060 807256
182 96702 988086
183 909154 264967
184 337380 51304
185 486616 469320
186 796836 799357
187 674965 316615
188 798411 391779
189 972819 214732
190 206618 408685
191 984035 310761
192 157828 348745
193 600334 574257
194 306238 424562
195 389676 666515
196 216490 553888
197 856718 635227
198 443672 837750
199 142683 939391
200 523785 238934
201 18216 177159
202 339054 196739
203 248295 953708
204 757034 216392
205 984442 45218
206 369596 285979
207 912264 34127
208 447021 717171
209 950538 461474
210 544414 71404
211 122283 397988
212 527519 247681
213 451104 619676
214 460303 478225
215 68320 844703
216 634744 756426
217 230290 161399
218 39088 698055
219 398497 123700
220 901724 883163
221 623718 844763
222 880147 318271
223 544231 818501
224 26369 609036
225 184123 823996
226 377446 664457
227 871071 679082
228 604190 261789
229 946869 177654
230 157651 550239
231 555210 633333
232 314668 101278
233 421500 524833
234 405831 593992
235 489895 628519
236 690801 341501
237 277351 720418
238 693957 457825
239 526917 848437
240 643491 189314
241 672806 282648
242 320574 518080
243 289492 1411
244 441758 129011
245 739899 514255
246 292224 804504
247 633804 273204
248 192361 282217
249 567412 159729
250 624314 86405
251 291584 177932
252 965545 994809
253 151189 94798
254 343883 352990
255 389589 602778
256 820031 817857
257 437754 643395
258 258015 750706
259 999528 41463
260 908917 139282
261 957420 246101
262 969678 403490
263 336935 512869
264 375956 282542
265 569228 599159
266 113942 173927
267 458847 40712
268 369283 854949
269 844894 677179
270 260065 538786
271 1882 400295
272 220094 600616
273 556835 46122
274 834826 230314
275 936269 679491
276 906261 284870
277 590501 25154
278 972463 117656
279 719085 924832
280 625525 296240
281 249904 666704
282 92924 850803
283 600896 419735
284 597763 837137
285 86560 211892
286 915879 769213
287 105194 229425
288 233021 672550
289 655600 944523
290 431026 219278
291 793784 451123
292 657016 272988
293 349255 447237
294 81002 608043
295 439816 949547
296 257186 7756
297 590618 48172
298 622906 232668
299 295100 990669
300 367595 884284
301 390522 890302
302 799288 716991
303 885707 455137
304 627853 317512
305 675898 525226
306 36654 111041
307 485016 675978
308 39053 242147
309 76085 44752
310 227897 368227
311 124635 607093
312 469542 202275
313 821370 25576
314 969925 388202
315 343717 777883
316 44697 338087
317 268624 905800
318 182624 682742
319 966107 981038
320 233934 107108
321 371152 36250
322 380146 71589
323 824912 650092
324 538214 388343
325 226801 597329
326 262743 906898
327 646951 589711
328 839586 52434
329 621678 893488
330 534366 202964
331 489030 646814
332 83578 568790
333 154074 403
334 730895 413427
335 851065 388961
336 703933 687742
337 817950 630567
338 105484 217737
339 960142 879830
340 362688 768936
341 403898 76437
342 853836 140753
343 288853 397882
344 254509 699833
345 751726 182220
346 951847 552680
347 129973 844973
348 403174 683409
349 218300 749578
350 966104 607175
351 689949 658383
352 25654 457865
353 193431 186306
354 53061 506197
355 300858 441704
356 797924 921844
357 141761 352146
358 251117 936350
359 516841 238604
360 165616 470664
361 782103 981317
362 447322 243889
363 699011 45550
364 662088 360084
365 437136 919178
366 164675 453944
367 578971 920984
368 971011 482054
369 934675 501689
370 889635 352502
371 881040 15905
372 534217 281061
373 400117 970529
374 105357 886083
375 145962 357624
376 21321 858215
377 312442 46926
378 442500 236005
379 79411 104670
380 486853 711376
381 251630 551372
382 616562 948356
383 560663 782019
384 387627 860699
385 952029 280587
386 830992 630758
387 92642 807992
388 449342 923888
389 668874 400395
390 801389 463006
391 966138 557418
392 873230 725759
393 667547 613302
394 837382 630615
395 360320 188991
396 94427 73975
397 549660 609047
398 521509 250282
399 923262 726225
400 831719 476229
401 301655 704962
402 84693 682955
403 391486 463903
404 984984 586683
405 379379 829197
406 398622 448796
407 744349 297862
408 616949 177654
409 1711 7514
410 426846 310380
411 858757 661401
412 28980 475799
413 978932 126029
414 546064 409686
415 416505 985439
416 938903 82191
417 21015 972191
418 64383 517341
419 813068 575368
420 108809 489892
421 611590 829867
422 203768 49939
423 330234 433025
424 44995 73860
425 630115 395479
426 704217 513575
427 309719 846279
428 537325 219463
429 683947 112501
430 618571 874144
431 650834 409615
432 477873 889486
433 217606 568754
434 245027 694409
435 967628 183924
436 132659 927851
437 377399 31366
438 606163 345181
439 351682 182701
440 938474 759468
441 442082 433562
442 791114 542361
443 334604 529287
444 604318 131528
445 754584 495629
446 272314 118659
447 607739 924885
448 357232 683739
449 452468 172402
450 443776 985052
451 81342 862293
452 135385 870646
453 953397 270655
454 722460 767357
455 511674 8037
456 615145 552418
457 357917 122942
458 601829 532174
459 801875 552987
460 532254 533867
461 116285 72625
462 250632 982576
463 102581 270365
464 792465 506752
465 77969 335507
466 622721 584324
467 671026 930437
468 144323 889664
469 75645 668172
470 940531 802429
