NAME : portgen-462-8482720
COMMENT : portgen N=462, seed=8482720
TYPE : TSP
DIMENSION : 462
EDGE_WEIGHT_TYPE : EUC_2D
NODE_COORD_SECTION
1 177469 660738
2 783797 540983
3 432132 352084
4 489053 775900
5 659382 21846
6 640652 322603
7 675791 160830
8 649241 386153
9 740467 262210
10 31059 871284
11 621769 939818
12 16476 998791
13 701121 858552
14 498029 232371
15 923328 61721
16 443775 521814
17 25112 132308
18 253198 509600
19 151999 177784
20 595435 150522
21 618735 787487
22 313182 557574
23 822948 559972
24 684946 777528
25 93716 834943
26 406216 669132
27 423976 839206
28 339051 655655
29 635626 651489
30 287785 922532
31 200085 311268
32 180465 508859
33 403110 853164
34 9421 118216
35 337881 89268
36 701207 962939
37 168494 196115
38 465067 952637
39 515842 177270
40 659740 45465
41 222925 846540
42 944586 796
43 861636 132506
44 341349 516252
45 729197 400034
46 500178 33782
47 839902 506167
48 449315 655796
49 618993 117066
50 92506 870310
51 44130 507675
52 117787 48250
53 612017 559676
54 724545 423179
55 977570 206544
56 314306 119373
57 922291 887751
58 422353 166302
59 471365 674297
60 59544 747314
61 234170 892354
62 25709 467571
63 45138 193531
64 845151 120243
65 584097 905391
66 228091 92663
67 199700 453196
68 731158 103552
69 924248 56835
70 578443 695333
71 661141 667051
72 456708 981883
73 165863 607823
74 8072 372331
75 461028 255783
76 810644 498750
77 532968 187115
78 642218 951466
79 307974 664591
80 317091 508465
81 635427 667710
82 844736 282236
83 545402 647255
84 662665 940408
85 721887 814530
86 158229 99034
87 213269 803760
88 936669 735419
89 359386 838594
90 825352 93671
91 885556 180559
92 803151 75632
93 269964 560381
94 247927 917464
95 907793 83903
96 440886 983840
97 334947 763912
98 537104 562106
99 453782 652947
100 45213 430443
101 248437 169478
102 546978 367356
103 370227 630085
104 695599 457336
105 917151 81837
106 703539 390510
107 756797 233188
108 67578 651586
109 332763 80823
110 745132 983296
111 193472 9717
112 895194 291443
113 566092 988751
114 552055 845912
115 433533 306584
116 39820 902049
117 921443 743515
118 390132 495045
119 423761 569963
120 8053 618377
121 227617 167103
122 172331 924497
123 890430 431169
124 88646 43503
125 197820 548352
126 10051 607869
127 219414 738629
128 390623 346388
129 248035 803462
130 977224 875181
131 206323 125636
132 449283 298774
133 854219 536435
134 218178 832300
135 342757 636409
136 562940 289259
137 883002 196779
138 973245 585602
139 790302 156564
140 900820 219704
141 740715 748593
142 868687 558352
143 100260 914184
144 452766 622669
145 889296 853697
146 276867 591461
147 227206 371644
148 55437 938358
149 284101 975552
150 951252 304828
151 640866 932082
152 142683 978116
153 807636 261458
154 739182 661062
155 638368 476438
156 893622 625366
157 914166 123527
158 598313 614862
159 898429 77638
160 243336 915861
161 252334 242626
162 881048 37928
163 995542 630858
164 146576 904886
165 389142 711787
166 846420 129240
167 518195 424381
168 326082 115349
169 834426 745160
170 960038 485398
171 15754 375127
172 379332 973435
173 601362 34240
174 710412 189277
175 376101 424579
176 791781 379214
177 586409 239465
178 458407 511626
179 413886 718301
180 652034 692287
181 427031 994021
182 701023 152969
183 460684 518494
184 246034 940730
185 522164 564073
186 904449 709152
187 701537 818757
188 124079 873119
189 656216 641583
190 579521 483916
191 216971 428275
192 252852 696855
193 284755 852399
194 428216 365225
195 963697 807587
196 869315 893695
197 222996 395965
198 580949 306602
199 673590 560574
200 849355 728242
201 378024 68829
202 609755 892185
203 207607 363505
204 126362 889554
205 954709 606007
206 83409 48660
207 754604 844447
208 822971 533335
209 771025 305058
210 572020 154082
211 844904 685459
212 91375 793921
213 186048 835619
214 99397 809351
215 611150 760573
216 746757 766661
217 686873 973513
218 400507 168311
219 673671 408405
220 873883 751420
221 81374 123158
222 793205 809615
223 962682 183856
224 802320 429074
225 209916 745329
226 207205 864238
227 949424 88781
228 981485 611362
229 381955 636241
230 491677 39295
231 689834 717957
232 15671 203289
233 524633 960250
234 255454 944988
235 881764 639115
236 731015 341950
237 95141 826690
238 946877 980666
239 736034 2593
240 812436 574686
241 453664 463155
242 317674 571854
243 70739 28800
244 750990 483584
245 448880 440257
246 912857 728682
247 526640 234767
248 20405 739423
249 28017 966515
250 862737 982015
251 447821 799726
252 616638 635230
253 291665 744049
254 546564 377570
255 18042 952684
256 860372 898371
257 187361 51420
258 126438 961152
259 191316 780903
260 182884 785210
261 932232 288939
262 82251 899749
263 191293 931288
264 725312 459910
265 535024 202827
266 434102 358463
267 984551 859751
268 714314 555292
269 275794 266253
270 445415 109586
271 837483 970087
272 300700 663670
273 508024 623917
274 646431 626890
275 43474 89116
276 14111 568106
277 431490 659910
278 547912 89358
279 815174 756886
280 920916 736372
281 468255 280310
282 932154 908455
283 115201 890284
284 597670 523690
285 543396 502521
286 314720 564425
287 737429 93767
288 771099 364126
289 857449 422340
290 351837 101935
291 116113 968425
292 538994 798651
293 734572 153792
294 426308 76095
295 744550 824029
296 957622 752103
297 722857 942894
298 794865 273057
299 232658 206932
300 892571 143897
301 766468 224090
302 275053 941538
303 973002 45685
304 29112 632838
305 925337 394120
306 663049 739078
307 12336 96887
308 778750 716151
309 557453 989260
310 113589 842143
311 657626 390738
312 631119 399498
313 736053 90630
314 289372 795890
315 120765 725413
316 335013 224610
317 497002 957716
318 438886 377034
319 956088 442106
320 19901 18420
321 596338 437048
322 962506 902407
323 166402 566884
324 120984 323358
325 206841 704235
326 983685 436767
327 86166 167158
328 808883 541857
329 727087 317336
330 502652 595967
331 89596 587005
332 612936 906916
333 797781 226000
334 776572 109929
335 930484 211866
336 595167 234094
337 782419 409353
338 858457 220859
339 304571 463961
340 590614 194195
341 363542 972035
342 293238 524798
343 635816 748008
344 611674 590085
345 159935 212885
346 600462 846159
347 511621 808034
348 423253 362244
349 654628 553152
350 43949 945543
351 262313 657022
352 732743 12645
353 340692 11649
354 143529 561368
355 531341 60875
356 930183 137001
357 157400 289766
358 995505 243437
359 75383 804901
360 483663 435537
361 571372 223419
362 65979 984941
363 949553 938144
364 501350 769774
365 68661 846807
366 77329 743202
367 932619 529738
368 264012 226540
369 814634 3471
370 529293 392378
371 672624 806772
372 106422 724398
373 641513 377042
374 780179 526680
375 858481 485108
376 860893 884854
377 484491 197141
378 868213 519110
379 724403 203005
380 748632 114151
381 197015 140057
382 32075 138962
383 388251 123410
384 30579 433002
385 648252 618462
386 463257 548703
387 946420 998554
388 574643 686517
389 738928 868837
390 116727 430442
391 213741 298345
392 21141 954509
393 649792 937272
394 711126 793657
395 141487 140601
396 195961 381632
397 355218 910830
398 929120 123920
399 860351 107867
400 149754 954995
401 638113 911341
402 409952 428039
403 271367 562547
404 863713 529982
405 547349 930941
406 807984 930746
407 61518 608030
408 918190 815383
409 784838 121245
410 209841 264331
411 263058 922711
412 283247 693256
413 980348 551916
414 138751 518380
415 727187 12096
416 822804 208946
417 321488 185786
418 622458 282995
419 236827 413110
420 36318 834409
421 152433 589881
422 583815 877155
423 877542 273249
424 98384 661961
425 930481 377204
426 985169 341970
427 380680 137658
428 132191 429167
429 589853 224166
430 805580 988372
431 325719 450602
432 493663 712939
433 778508 218102
434 346930 184362
435 730488 644940
436 716998 122876
437 190763 832637
438 279162 921087
439 542030 145589
440 561065 551181
441 962063 914585
442 712800 738814
443 686376 372201
444 715283 608548
445 407277 404355
446 936064 52465
447 682622 391378
448 117410 29556
449 399117 751177
450 597993 956454
451 731219 952795
452 100896 379299
453 415141 70583
454 629170 641865
455 451281 759989
456 713883 981304
457 816888 401225
458 52307 273254
459 767980 102285
460 595529 748951
461 818984 595753
462 586368 774033
