NAME : portgen-594-3833308
COMMENT : portgen N=594, seed=3833308
TYPE : TSP
DIMENSION : 594
EDGE_WEIGHT_TYPE : EUC_2D
NODE_COORD_SECTION
1 561856 510998
2 591726 878196
3 881394 585541
4 888315 90253
5 701819 730211
6 212374 816315
7 35936 628251
8 264621 795587
9 971093 493748
10 939251 686955
11 16408 160219
12 261206 422558
13 566268 809433
14 541876 992255
15 717453 240493
16 815284 260695
17 162532 97042
18 39136 580489
19 495077 173018
20 229670 86139
21 951004 622079
22 218370 513467
23 932448 80542
24 695413 516779
25 713760 195415
26 53871 477381
27 691888 232044
28 630613 301161
29 348465 494683
30 839060 300904
31 90463 715297
32 860582 615680
33 779207 590295
34 597945 522469
35 695802 184078
36 100173 454313
37 779988 743835
38 633084 539027
39 468330 29161
40 791945 265107
41 460967 47192
42 153195 416548
43 150030 99987
44 400112 546852
45 317835 448840
46 982544 972607
47 477215 45591
48 985966 496690
49 842090 474534
50 880382 393421
51 612212 666251
52 724834 448652
53 734448 6678
54 324186 275340
55 82014 530626
56 901048 801613
57 176848 390219
58 318359 117855
59 238082 814991
60 629714 282516
61 748205 123410
62 642086 302381
63 571866 433921
64 729479 331335
65 9387 626405
66 214841 192990
67 947147 261318
68 364058 659354
69 870344 762975
70 98189 32174
71 861904 585121
72 917138 35319
73 700635 859134
74 330521 174833
75 473725 552044
76 767211 510754
77 465147 253977
78 178580 419221
79 719104 463515
80 84594 75093
81 136334 561210
82 177151 49840
83 668721 315926
84 884475 141528
85 689584 459225
86 787334 63248
87 341266 77669
88 515304 237450
89 658262 388109
90 123801 152644
91 714817 265964
92 246741 934293
93 490070 653630
94 15839 897306
95 592597 48131
96 774879 728815
97 73391 638963
98 244839 798656
99 243855 839468
100 520014 463185
101 200871 942411
102 51031 321080
103 837227 501247
104 264013 530854
105 763906 524949
106 403382 821797
107 870918 36462
108 300214 407519
109 487818 538187
110 805000 870065
111 72071 45006
112 621513 226398
113 258354 844922
114 12217 20186
115 240442 14057
116 973437 127408
117 624202 598852
118 749262 893019
119 395045 210279
120 634078 82551
121 165812 477651
122 92306 722531
123 976060 729872
124 107301 846992
125 380608 399916
126 786439 223669
127 599026 505956
128 489748 73462
129 318208 452179
130 571817 944208
131 106201 53733
132 896775 681355
133 359137 925731
134 729491 148386
135 60401 570342
136 300217 640825
137 157578 405083
138 83626 848401
139 445980 115556
140 736650 184892
141 526714 560037
142 448368 296234
143 907856 919703
144 230632 942847
145 239715 823530
146 163528 246659
147 149877 63735
148 782334 524986
149 320072 687223
150 638905 127658
151 283891 991744
152 110341 195716
153 873202 226401
154 775301 302792
155 598100 570044
156 842829 375361
157 212463 748287
158 780679 859542
159 903856 833039
160 899020 834150
161 605659 42267
162 509481 932743
163 286450 308472
164 530483 961861
165 531880 857225
166 73100 143188
167 517456 166605
168 342062 151353
169 347573 700080
170 515554 48313
171 15846 397592
172 43826 405564
173 217871 121260
174 737177 217133
175 777285 473861
176 994502 358210
177 155342 781680
178 54557 140703
179 474288 943735
180 853654 721849
181 878827 75220
182 787238 549786
183 554198 445236
184 331534 806899
185 530415 659419
186 122364 686722
187 55754 425159
188 839648 247448
189 886925 727800
190 878185 145747
191 834183 586748
192 108207 810031
193 978397 997880
194 355950 967669
195 612407 896825
196 819819 540674
197 169664 856134
198 925949 329123
199 341838 618667
200 565916 970422
201 234334 9377
202 338947 631537
203 639678 407754
204 250002 345311
205 803282 56677
206 784753 506619
207 331328 956828
208 902030 338152
209 905555 931103
210 623837 225074
211 103398 712866
212 240982 559993
213 425085 112987
214 347775 424216
215 785480 431894
216 997445 541614
217 924518 821508
218 360993 327564
219 255419 151378
220 908001 640244
221 92324 424846
222 343832 387333
223 793427 106952
224 299691 609671
225 431049 812961
226 981348 917621
227 833186 134022
228 972976 692720
229 84858 517439
230 270543 312113
231 152334 98623
232 437309 163038
233 964353 359906
234 162787 943994
235 163401 795077
236 38461 295884
237 500054 810875
238 243725 185777
239 879679 106960
240 587016 732365
241 28128 830335
242 153672 473367
243 279559 898821
244 104304 761480
245 857154 1087
246 164777 311425
247 987977 112923
248 601783 796439
249 924791 532956
250 143607 607650
251 227273 192731
252 22654 698684
253 784833 151013
254 763948 359819
255 854462 74154
256 588415 323378
257 660284 269456
258 147336 840909
259 110646 324386
260 561254 167913
261 435115 629830
262 800386 555750
263 567803 845729
264 273229 801370
265 26042 92712
266 421828 519860
267 252497 512861
268 143949 704749
269 170050 884216
270 326031 438650
271 788175 779918
272 200225 689241
273 565971 534946
274 511038 432227
275 545119 756053
276 523210 123421
277 506914 50895
278 185821 707413
279 940233 509792
280 554734 80083
281 980962 879732
282 33788 415812
283 285979 808496
284 123152 971043
285 703484 612389
286 329870 678418
287 779266 805200
288 644703 311693
289 122916 749490
290 369928 860390
291 905496 763437
292 246636 945958
293 111749 542096
294 486071 836685
295 226882 335452
296 581597 199007
297 180731 713641
298 108779 109756
299 652 395025
300 44538 254278
301 412030 761547
302 62298 684729
303 850557 759772
304 876785 560955
305 939145 643725
306 221341 103548
307 282909 219281
308 498486 781954
309 699001 320146
310 307033 176222
311 807844 728127
312 926504 449206
313 200358 568323
314 616120 94537
315 954643 884930
316 434908 561960
317 810345 726203
318 639048 801948
319 480527 27354
320 447472 329795
321 843094 165925
322 529652 50660
323 527608 853469
324 272503 731524
325 513283 540456
326 493636 906115
327 440382 159608
328 819369 850070
329 951202 336095
330 45680 48609
331 279245 849430
332 113483 609350
333 800630 55415
334 573895 232248
335 691673 645017
336 509451 967476
337 806862 766576
338 682585 901729
339 287745 766896
340 629837 350288
341 617120 280025
342 48856 906034
343 605684 585477
344 448476 200994
345 925572 583633
346 228052 248278
347 335680 802455
348 820344 875618
349 359062 763075
350 368075 625878
351 565723 505606
352 101686 162995
353 923335 213611
354 857258 534347
355 553923 233891
356 401594 750207
357 410522 462047
358 820556 30966
359 513750 311028
360 789006 925012
361 696352 810820
362 864173 65795
363 79293 3844
364 865789 643867
365 843241 468973
366 44471 753397
367 212973 395945
368 948693 866913
369 869502 586809
370 85477 574717
371 71727 137447
372 411988 560
373 887280 417232
374 384105 269885
375 723161 816499
376 9828 715195
377 919834 899101
378 581407 812325
379 292633 705740
380 214301 56422
381 344108 270448
382 448870 979205
383 162164 264146
384 338218 409962
385 574766 403324
386 646861 243864
387 587867 972506
388 915184 981157
389 890986 965071
390 484388 266967
391 711211 160049
392 429566 786819
393 124864 774022
394 304527 233767
395 233781 684546
396 528694 459539
397 12042 682153
398 927856 827862
399 549580 439482
400 85375 906122
401 526245 419033
402 785497 456194
403 105287 849779
404 285628 133014
405 774236 807384
406 507798 58865
407 471959 529754
408 527727 884569
409 258405 766717
410 51348 334301
411 714566 898736
412 324587 668644
413 877078 227827
414 458367 131672
415 867219 65405
416 695529 757971
417 190835 677003
418 759168 652346
419 688090 899811
420 259091 240295
421 515616 537809
422 182418 899480
423 969980 629958
424 134952 343398
425 805074 700028
426 369494 417907
427 572263 19970
428 210593 768274
429 228198 108494
430 697025 452941
431 161689 385816
432 873922 533940
433 291768 969988
434 876446 572478
435 559773 897769
436 749616 915007
437 961642 351320
438 964806 296658
439 326473 304616
440 458051 108803
441 999629 349873
442 434647 414277
443 903716 309712
444 884048 656894
445 385235 789179
446 775900 115611
447 340038 361322
448 490679 600609
449 576167 831098
450 934673 673322
451 303485 830336
452 885347 696270
453 700399 19621
454 983260 157985
455 116254 900881
456 884226 571304
457 723258 907845
458 677040 46077
459 45778 512600
460 43261 691158
461 393821 45347
462 637804 886451
463 594283 919280
464 29659 265371
465 650921 945185
466 313397 168487
467 188362 557170
468 224577 428324
469 626614 526801
470 737237 857638
471 263933 371448
472 613632 694076
473 395358 730552
474 477806 453586
475 767038 571399
476 570949 310795
477 180177 989488
478 359925 134997
479 641973 328177
480 471693 272074
481 393006 456459
482 420748 258615
483 636947 512777
484 957671 29182
485 512487 946487
486 568270 592191
487 745561 471861
488 120208 83025
489 865169 648315
490 526526 459286
491 277306 701482
492 793678 378846
493 552178 856938
494 747739 929746
495 920222 711799
496 470652 597432
497 14314 790749
498 289367 671741
499 625886 141770
500 573867 312332
501 865382 829491
502 927060 307751
503 294093 869467
504 517117 801331
505 437310 502986
506 387257 712226
507 407955 759893
508 801421 795573
509 442145 629998
510 969247 965206
511 886891 815900
512 455314 200154
513 81105 738779
514 665131 437809
515 177768 250741
516 565907 63838
517 211005 23539
518 72029 565079
519 293526 33784
520 577424 756604
521 414793 117741
522 960499 955015
523 824908 654752
524 142118 814159
525 709644 550588
526 6610 188076
527 964002 323126
528 746425 801544
529 618486 903521
530 235722 729013
531 575940 483332
532 223906 680706
533 88193 269516
534 751727 452939
535 934984 146669
536 653455 627985
537 920354 418659
538 958596 698814
539 851898 132187
540 453729 279560
541 120293 761609
542 202086 448755
543 674800 82575
544 839932 530298
545 935345 802512
546 813352 840587
547 98800 430755
548 103148 786808
549 197386 541839
550 996419 126094
551 802853 9930
552 360430 430083
553 430295 245000
554 985989 515246
555 648326 663849
556 961611 88187
557 968175 433209
558 915660 735353
559 384532 793151
560 577557 301385
561 72129 209887
562 456519 808890
563 343815 643524
564 267554 490271
565 988364 713595
566 712824 336652
567 483861 789879
568 317949 32105
569 793433 768877
570 533094 939447
571 698043 46780
572 952741 633960
573 730383 603464
574 384068 289909
575 86939 459624
576 519253 707115
577 553475 282824
578 413269 466201
579 526069 570550
580 112134 398189
581 451567 217112
582 982151 708878
583 965806 914830
584 135445 334215
585 702826 312195
586 351285 94623
587 706212 117933
588 782131 365014
589 656412 173695
590 395621 877614
591 117455 697003
592 378136 590174
593 262028 495711
594 354500 774982
