NAME : portgen-576-5635884
COMMENT : portgen N=576, seed=5635884
TYPE : TSP
DIMENSION : 576
EDGE_WEIGHT_TYPE : EUC_2D
NODE_COORD_SECTION
1 829761 105050
2 844901 981262
3 290502 286474
4 114187 998617
5 923241 50366
6 320950 258478
7 814250 178858
8 951810 788611
9 730024 381174
10 30606 67611
11 808312 587118
12 375261 382225
13 51372 871807
14 197432 134070
15 652701 632982
16 571458 277356
17 918164 726698
18 321226 859282
19 493248 403640
20 788642 90175
21 673403 98421
22 310811 843358
23 75782 413477
24 420052 44926
25 410866 982627
26 433387 280149
27 774707 667261
28 641726 552404
29 186885 118203
30 660035 431220
31 793226 710547
32 209975 833066
33 376963 222528
34 947667 970891
35 103076 538333
36 368558 685098
37 970307 47979
38 634224 528162
39 812410 707999
40 740498 498967
41 684921 79229
42 474034 221481
43 839756 860910
44 67381 85098
45 349735 98698
46 911614 522356
47 300564 250308
48 721616 988305
49 128114 262832
50 209134 547620
51 601066 712052
52 304427 911899
53 297705 354157
54 806115 553226
55 827505 780815
56 485023 101787
57 768467 561337
58 519605 270869
59 409983 959666
60 111449 388657
61 94414 684834
62 761757 555455
63 937267 656506
64 380670 58407
65 750273 280066
66 722047 259183
67 880494 959682
68 13943 583134
69 310761 912696
70 701876 568886
71 450927 107715
72 973649 961078
73 4283 226780
74 760599 745108
75 313041 65110
76 607635 69706
77 512558 929067
78 825573 341882
79 831558 344744
80 897956 714570
81 43395 893418
82 851350 258619
83 329888 377308
84 128137 807389
85 557054 292825
86 510270 664874
87 646624 46338
88 781022 24707
89 172276 832689
90 729881 595384
91 824947 35925
92 160451 35703
93 236671 828629
94 407833 621874
95 629794 636635
96 454997 503372
97 355642 409051
98 58616 786052
99 461090 927310
100 180055 979575
101 54503 927909
102 15227 717657
103 240162 571709
104 909254 476854
105 692396 996944
106 934049 209683
107 714950 261321
108 259573 540023
109 537775 442299
110 200003 543835
111 916217 200826
112 627333 577478
113 238321 582361
114 649647 928966
115 806176 209312
116 115452 695421
117 140293 732937
118 661334 615264
119 320975 899130
120 776130 696647
121 290853 965534
122 421871 85958
123 720417 254170
124 876039 778164
125 170729 476254
126 136405 532124
127 121134 970743
128 864123 359082
129 787615 282290
130 56323 624898
131 250734 10124
132 700724 995748
133 706090 968514
134 787811 628991
135 540903 5402
136 663984 759610
137 271569 723748
138 407430 384093
139 79692 656590
140 713355 879238
141 794745 367357
142 872643 181277
143 958578 105328
144 994696 144544
145 26846 692820
146 827452 691983
147 358226 770727
148 32663 531243
149 693965 698123
150 678528 336324
151 174478 219448
152 64809 291491
153 681509 769048
154 659481 939857
155 12164 758794
156 364385 643070
157 255443 363502
158 797445 558751
159 651897 929996
160 963084 174847
161 274549 89688
162 950463 204579
163 830924 444535
164 694801 980077
165 42238 638382
166 724611 139835
167 644425 954560
168 514852 151674
169 111913 509140
170 383831 399827
171 453431 64700
172 181460 851998
173 418270 737764
174 741520 153647
175 939803 588128
176 836441 713887
177 655884 40146
178 611712 34642
179 575023 110249
180 776638 529835
181 657134 150340
182 556025 612337
183 305363 299685
184 461610 403445
185 945231 59681
186 817230 498249
187 990193 374956
188 338405 560661
189 433803 910316
190 592867 796281
191 869512 584551
192 203439 512403
193 981247 574271
194 583810 32088
195 649196 215167
196 690063 708467
197 563908 324150
198 582596 955181
199 74506 806503
200 513592 857609
201 303960 831203
202 560780 143521
203 718616 251890
204 510447 143481
205 58899 37441
206 450832 542934
207 461052 561470
208 839771 948666
209 586432 231875
210 29740 350182
211 225179 655106
212 889853 87622
213 755721 986026
214 937469 846672
215 656340 86515
216 50213 290321
217 851417 555425
218 345449 326577
219 123499 641968
220 672631 32580
221 987839 351935
222 2347 299014
223 989987 34956
224 818614 476286
225 568429 596569
226 17711 227833
227 150163 427076
228 807395 13638
229 979786 5354
230 798071 392038
231 128391 868479
232 470850 26318
233 49601 98897
234 540587 162038
235 571483 804815
236 130052 110146
237 663445 433170
238 332470 997345
239 504943 462776
240 280226 742082
241 6240 932114
242 48600 264301
243 958124 181734
244 819471 825098
245 505824 246551
246 785990 961460
247 70485 867816
248 902528 877693
249 688489 569176
250 966543 992642
251 530013 355838
252 196059 826346
253 590329 85597
254 179232 885862
255 468951 625661
256 194167 154688
257 499530 551520
258 606048 166930
259 797993 603034
260 123790 171908
261 410408 971410
262 195495 578840
263 274801 774214
264 914087 837099
265 842841 246873
266 818112 619081
267 993824 654565
268 547914 851552
269 432584 497080
270 658252 791194
271 383740 216436
272 701307 333915
273 836143 814579
274 765965 491644
275 593014 128313
276 963606 851390
277 726335 719669
278 174529 910932
279 362013 541493
280 278431 738777
281 653012 682152
282 227609 677757
283 241920 977730
284 453380 165615
285 715377 791468
286 400965 306349
287 10020 995476
288 208302 559018
289 245075 475825
290 404311 363869
291 412200 372593
292 558667 104063
293 593861 135960
294 391471 316067
295 412644 570184
296 398172 266969
297 781703 866784
298 390229 77391
299 206416 705831
300 125612 277124
301 569504 290140
302 87332 229145
303 716112 591012
304 292722 622271
305 125808 38568
306 519460 45946
307 128848 708247
308 340605 386043
309 900448 360825
310 287528 164529
311 771313 747548
312 40002 438252
313 221964 110825
314 219016 780874
315 279363 617290
316 266295 622803
317 350016 365743
318 844408 366254
319 243744 850419
320 763458 207817
321 235511 30646
322 28538 248114
323 798870 650623
324 226966 343450
325 644819 279403
326 858374 425541
327 426467 508322
328 10829 946700
329 940124 721589
330 384737 349858
331 347267 442303
332 858812 917991
333 803056 488814
334 17407 880733
335 909376 689982
336 159076 556998
337 716005 8124
338 306154 345771
339 321081 531679
340 427423 275263
341 170700 497426
342 396137 929505
343 270022 823992
344 763990 432024
345 562686 355593
346 348847 363010
347 941043 73476
348 48741 678513
349 314640 20414
350 941960 453098
351 329541 695287
352 916027 369556
353 108703 360948
354 29404 496961
355 238300 186836
356 182710 508099
357 158903 29143
358 1010 984256
359 501259 785336
360 869249 124543
361 174173 996993
362 938773 456277
363 360440 463789
364 640970 346449
365 899421 945206
366 316367 824120
367 293379 240586
368 92553 662601
369 338523 366994
370 928494 285765
371 322732 978654
372 562775 438143
373 181420 351854
374 424237 484765
375 713035 584952
376 37542 968191
377 120992 996753
378 136731 505421
379 401907 675440
380 277002 446101
381 22424 662409
382 568466 952535
383 864103 204055
384 945323 720759
385 847722 649156
386 560019 16494
387 72300 284296
388 87000 205982
389 876000 942020
390 319546 855019
391 61881 965530
392 69446 453320
393 922782 653957
394 255653 340844
395 376482 888497
396 717278 617764
397 519271 279338
398 725745 306237
399 906353 278478
400 351143 975438
401 475853 482217
402 165218 858016
403 523071 72012
404 898744 667672
405 73971 482773
406 249767 61063
407 298957 388505
408 728822 404660
409 143137 289128
410 226789 557866
411 297702 666844
412 369616 872284
413 173302 77802
414 851276 214284
415 761225 14987
416 307237 208327
417 868048 836773
418 605251 818
419 666572 680941
420 724497 518121
421 510820 966525
422 114054 818616
423 590795 50433
424 248147 646987
425 106035 647943
426 454961 692069
427 517252 336156
428 668200 267525
429 614168 328445
430 252764 522252
431 405439 217803
432 943174 555849
433 971953 283242
434 947008 480340
435 797710 678389
436 156512 496150
437 183092 578846
438 102905 605632
439 149592 33460
440 204083 905776
441 463633 522831
442 961519 238972
443 609547 89433
444 265152 312198
445 864819 322009
446 53809 186231
447 883230 46108
448 361609 14669
449 783432 535208
450 715711 985162
451 900841 214687
452 442904 200258
453 184309 932129
454 730549 278279
455 726608 578767
456 2372 301969
457 463625 930754
458 468442 219208
459 334573 897066
460 194240 957283
461 499809 411799
462 764629 812548
463 777548 941824
464 53245 982833
465 394536 170775
466 875083 871312
467 306851 625316
468 903403 161663
469 59205 30764
470 770529 390339
471 754860 368086
472 117958 907536
473 822200 642010
474 421602 70682
475 268559 419784
476 961424 800599
477 140671 544935
478 110079 29529
479 907836 817588
480 296854 22645
481 872923 699784
482 507749 336269
483 823906 634286
484 184011 556089
485 108554 826432
486 797606 263890
487 628506 774455
488 995859 699210
489 271128 219693
490 702468 748018
491 33988 235657
492 685978 371891
493 297851 175298
494 363562 970582
495 801409 269117
496 977651 503116
497 922210 944097
498 592733 490970
499 739579 343502
500 911676 122990
501 370881 201908
502 368213 520540
503 385796 725766
504 114620 768780
505 247084 934780
506 665967 937253
507 16179 27737
508 44993 369807
509 777574 563652
510 743536 332936
511 894707 840509
512 644412 985564
513 455551 595698
514 895676 107965
515 388659 270092
516 584589 502348
517 972609 767688
518 82051 96734
519 219478 658240
520 326897 928043
521 397724 799909
522 227046 468472
523 374409 137142
524 858703 936645
525 488545 997035
526 595293 631613
527 954842 641584
528 538400 868533
529 229298 600525
530 438489 289061
531 506288 456379
532 441882 319040
533 537056 866057
534 710207 547706
535 653328 907851
536 511103 840928
537 75106 746501
538 737642 263094
539 885666 2828
540 447163 587017
541 366399 295151
542 669476 99597
543 763804 128210
544 60465 653569
545 230631 215994
546 386526 671772
547 4912 419046
548 416940 556795
549 724802 480545
550 730830 111314
551 251475 855875
552 489482 901528
553 630635 300141
554 962136 855244
555 877780 410190
556 808067 575729
557 369893 222494
558 902535 834516
559 451466 22836
560 902100 980260
561 141255 229662
562 816875 542013
563 656375 655228
564 351446 173578
565 115865 437501
566 300958 30421
567 125048 36973
568 778949 790669
569 925257 446981
570 197062 929287
571 676743 37629
572 751468 250371
573 74738 156863
574 854896 462899
575 762670 761711
576 205349 551223
