NAME : portgen-412-6957364
COMMENT : portgen N=412, seed=6957364
TYPE : TSP
DIMENSION : 412
EDGE_WEIGHT_TYPE : EUC_2D
NODE_COORD_SECTION
1 817541 178099
2 429379 546582
3 655577 645381
4 979769 613999
5 998961 385428
6 83460 158704
7 687617 125881
8 672678 256233
9 719000 558042
10 243689 587528
11 234473 11063
12 245190 478964
13 572540 533497
14 68430 101777
15 894573 411451
16 690051 593091
17 642444 871210
18 260824 599810
19 944078 580104
20 856930 923851
21 811799 689605
22 458852 693871
23 60221 527974
24 521881 967765
25 76600 363466
26 80919 695592
27 637128 919546
28 123613 224450
29 535655 558169
30 285757 55767
31 701303 399665
32 757069 75110
33 573629 393854
34 699852 993746
35 65660 144704
36 734351 751235
37 481441 880223
38 506608 538881
39 373934 325644
40 355350 348090
41 997842 510261
42 816020 838805
43 710147 290385
44 836022 567334
45 297580 866970
46 899958 950331
47 514444 712226
48 189500 60563
49 208163 578629
50 187262 521340
51 154039 196237
52 612414 728510
53 365624 570657
54 879571 798322
55 209398 833227
56 388428 968321
57 260588 418786
58 155809 750971
59 885221 44842
60 885610 513065
61 185690 121223
62 806483 544319
63 990664 538113
64 138820 752931
65 514599 935950
66 659309 575611
67 116245 522123
68 959662 29521
69 249673 397233
70 682996 959175
71 405164 791179
72 681724 784515
73 681279 778735
74 143848 970124
75 721561 651386
76 921742 455232
77 64029 251311
78 862030 578427
79 79992 90290
80 768848 336102
81 320984 482338
82 115326 250223
83 428062 597248
84 286596 476073
85 737507 377073
86 607123 915096
87 323280 234223
88 591322 730458
89 57193 555171
90 682288 412236
91 458121 48530
92 984082 178496
93 614966 176970
94 460285 866022
95 94060 362413
96 742924 773599
97 659726 305922
98 352052 490068
99 467899 447500
100 193192 950821
101 721541 588676
102 287835 309325
103 193264 873212
104 471149 885532
105 636345 685060
106 118141 213970
107 996230 406434
108 593178 547384
109 822612 809403
110 898171 937994
111 129349 839096
112 282881 786685
113 655532 18446
114 627261 13955
115 40958 718110
116 259308 171660
117 918825 997228
118 294094 244151
119 52300 577648
120 585318 67581
121 354358 650882
122 967851 156066
123 233064 903828
124 490718 873040
125 650390 333605
126 862806 453943
127 406541 475082
128 691513 549881
129 669851 290606
130 15230 949113
131 820912 893501
132 300214 568764
133 330701 467259
134 246118 840163
135 173370 689350
136 56665 949572
137 159012 564565
138 75188 675405
139 432554 807798
140 95172 105650
141 348595 336654
142 998724 91845
143 897197 365806
144 871446 350061
145 666527 826835
146 998032 212136
147 404277 895968
148 10915 404786
149 491870 403285
150 80878 557658
151 471273 682920
152 777867 544739
153 985009 526151
154 455219 314696
155 577884 325706
156 678435 319789
157 624079 188395
158 951081 608776
159 489224 404246
160 557848 925915
161 975388 842833
162 759285 615711
163 218077 373745
164 171704 614272
165 579556 549036
166 220186 117858
167 229914 769466
168 427215 28805
169 712575 810329
170 140763 288421
171 876582 467199
172 792212 740611
173 851446 155198
174 452850 788565
175 677891 637169
176 233082 877597
177 823729 531841
178 337471 353414
179 453005 8401
180 117524 956203
181 813576 644889
182 173932 289463
183 449123 211235
184 527577 883467
185 336948 795882
186 155925 700658
187 726354 920678
188 692833 97790
189 19103 227444
190 278240 864662
191 920739 163302
192 496748 623352
193 735460 575297
194 943925 940450
195 320342 215980
196 501228 829108
197 473381 344881
198 132495 175924
199 740845 871533
200 47778 753655
201 136094 225406
202 510325 813229
203 716429 69779
204 380849 200377
205 796381 762174
206 409488 512555
207 688059 901543
208 454975 984468
209 171508 829051
210 156968 273199
211 470390 656043
212 835689 583292
213 659787 930519
214 190332 913125
215 204248 623053
216 716941 818726
217 431062 516065
218 455173 408184
219 475243 595204
220 168376 750992
221 403788 114874
222 783482 47143
223 745590 845185
224 993418 890088
225 685093 201975
226 985591 827719
227 667284 424725
228 36714 317368
229 794343 994260
230 358055 308245
231 594536 785644
232 32000 45389
233 358385 294613
234 729072 640915
235 155953 609789
236 991049 281420
237 143957 954992
238 287607 642671
239 988758 410963
240 546578 342419
241 136175 196072
242 555070 896003
243 28516 931296
244 786726 385673
245 157679 160559
246 679112 834327
247 439251 558586
248 759943 122368
249 970917 828490
250 759535 102919
251 856426 582455
252 343509 342674
253 65799 789519
254 272649 771281
255 396208 105417
256 530641 408670
257 836580 197496
258 629132 760209
259 346393 473413
260 285446 236016
261 323696 900582
262 881380 53034
263 753363 408593
264 937910 801282
265 889192 498087
266 370021 217477
267 14755 441161
268 811777 727505
269 359491 357573
270 266870 268306
271 584903 313312
272 100227 921662
273 836863 778529
274 952947 386217
275 805223 351349
276 184458 169634
277 939297 261447
278 732897 638949
279 567699 902348
280 530896 338294
281 430027 915075
282 504410 127901
283 520514 217329
284 308443 914917
285 360633 850603
286 807262 960176
287 668189 934097
288 51558 154061
289 961285 619932
290 320136 114413
291 840893 35562
292 270385 550898
293 68060 454946
294 713066 886853
295 920646 594448
296 419062 444573
297 996940 416267
298 461044 624726
299 645123 166130
300 870103 682801
301 817244 333014
302 66080 690810
303 510455 148895
304 899248 388399
305 193387 277950
306 925882 680846
307 981701 936448
308 919232 985453
309 918135 88142
310 666857 895788
311 572206 142313
312 44813 677831
313 33358 474247
314 894096 977378
315 423641 902663
316 254812 572885
317 426544 42185
318 188530 160047
319 53861 333937
320 631665 82606
321 536811 624924
322 219996 24858
323 22242 276748
324 399760 319108
325 382909 986796
326 730630 667744
327 742488 967440
328 427988 244358
329 906470 23894
330 502280 350407
331 95034 565311
332 756733 110781
333 741139 300958
334 460850 956842
335 914206 642483
336 585693 599027
337 705233 680060
338 165157 904461
339 399825 77373
340 249843 788999
341 567777 870202
342 475098 73234
343 807628 689500
344 816152 315763
345 301046 887571
346 699197 97018
347 419730 989182
348 496912 937783
349 919691 539935
350 859700 117780
351 876923 322386
352 69265 593909
353 419018 860428
354 192645 669254
355 159811 738488
356 428206 590706
357 722848 614708
358 651210 998016
359 145581 767550
360 613868 803355
361 381267 920915
362 97141 796426
363 765560 263306
364 529762 111323
365 261042 304729
366 711815 730570
367 917561 511355
368 360793 977071
369 147353 860390
370 422023 809612
371 543919 48601
372 701895 497690
373 506304 778281
374 999876 623304
375 223622 233606
376 408021 808367
377 278893 554970
378 405964 146352
379 404825 557910
380 233116 441947
381 713074 332255
382 247230 350199
383 194568 379604
384 888811 225157
385 108403 872928
386 998139 522277
387 543928 380262
388 395333 572899
389 642022 542170
390 390461 619207
391 858480 971851
392 878207 819094
393 591655 379559
394 483340 567362
395 316786 981189
396 88259 922196
397 751986 549094
398 811473 21642
399 504673 321632
400 102356 933404
401 136259 457705
402 232842 604414
403 375125 436169
404 930160 459798
405 963315 26404
406 663012 837463
407 241123 251926
408 353688 790877
409 580269 698135
410 538726 172926
411 874930 567178
412 122801 174998
