NAME : portgen-502-1795037
COMMENT : portgen N=502, seed=1795037
TYPE : TSP
DIMENSION : 502
EDGE_WEIGHT_TYPE : EUC_2D
NODE_COORD_SECTION
1 427851 279439
2 202081 653181
3 100164 9435
4 157605 150695
5 764468 85536
6 929664 612642
7 258047 316683
8 813413 736409
9 830528 768692
10 829452 710549
11 766821 567081
12 615719 599182
13 703465 488374
14 925469 660106
15 2712 601874
16 739483 228554
17 978086 698116
18 824195 615358
19 923074 24276
20 296050 855295
21 175741 92236
22 767506 746942
23 872215 546832
24 573598 897353
25 936841 248613
26 377230 657785
27 478203 952447
28 778664 199297
29 301352 503964
30 828986 484806
31 86361 133329
32 854644 909173
33 909794 837428
34 845136 511105
35 444467 266581
36 162810 933174
37 831851 580839
38 333319 109036
39 88878 663271
40 820517 504168
41 187021 421504
42 831119 517906
43 515513 606154
44 373909 68912
45 788321 986766
46 770221 411968
47 579808 29468
48 692484 242566
49 260385 186667
50 413623 763179
51 457953 910326
52 76835 432672
53 61591 955725
54 826665 960296
55 436933 172510
56 825387 232439
57 715642 842219
58 714584 674392
59 553520 825175
60 216689 667228
61 577043 658469
62 97482 681288
63 808628 252483
64 856338 399178
65 519247 377594
66 282371 128582
67 226338 648007
68 678781 954581
69 705862 988899
70 803322 841121
71 52634 548733
72 852223 121093
73 409723 111752
74 314486 898520
75 220840 440000
76 386227 861206
77 667419 36028
78 480808 329371
79 683988 428828
80 753891 107010
81 249863 837766
82 156974 595812
83 119876 276654
84 380216 594549
85 432496 602831
86 359906 655000
87 604335 776688
88 281000 715836
89 991049 61453
90 200480 479256
91 568495 427510
92 645286 412236
93 127730 444604
94 971607 630525
95 528131 402126
96 574364 111312
97 556402 200490
98 481214 397633
99 944398 75534
100 840093 693886
101 120702 253032
102 698039 741583
103 871505 958717
104 215919 255182
105 908297 36203
106 357763 53463
107 900697 351764
108 532646 138550
109 281363 956484
110 114597 722242
111 332255 304681
112 754455 738609
113 482129 106873
114 956960 862751
115 905183 322282
116 499917 735867
117 153155 164277
118 121493 515031
119 526813 293522
120 879590 989180
121 163241 15123
122 515927 805888
123 69870 269683
124 356856 817793
125 718360 374341
126 440673 81646
127 170351 517810
128 193969 384835
129 99877 533762
130 620090 356473
131 431904 922397
132 375592 919117
133 872962 342640
134 537535 94808
135 281894 262962
136 781693 463570
137 238123 740256
138 281569 250609
139 134329 236645
140 544640 97293
141 6996 423198
142 242660 548709
143 890378 577519
144 360274 234037
145 291315 778852
146 977496 432004
147 11627 616628
148 207486 699670
149 776999 775671
150 524319 819261
151 135353 120211
152 273152 621067
153 367345 17474
154 838985 621642
155 627431 616449
156 24560 865839
157 242447 841237
158 378977 999899
159 910769 758964
160 711630 173291
161 565640 761864
162 570489 462632
163 127608 661482
164 190417 617056
165 372910 264094
166 411623 512687
167 609213 928191
168 72733 141156
169 180751 401423
170 169732 890479
171 666750 601310
172 522406 118023
173 213212 215631
174 861515 548995
175 489019 546004
176 509252 159943
177 402760 260224
178 407637 622666
179 510997 344961
180 548334 226188
181 836723 437562
182 451910 736952
183 949698 423249
184 343432 124423
185 628025 163345
186 138383 361774
187 269944 165626
188 664038 405696
189 359103 310264
190 54994 504942
191 150484 845456
192 68722 146721
193 427371 974061
194 60777 872261
195 978492 649483
196 797724 56327
197 773398 6386
198 752095 304976
199 331365 356780
200 453985 807515
201 856527 551251
202 494000 984076
203 395520 663795
204 91221 256038
205 832853 433576
206 561888 638736
207 366468 898850
208 428464 780395
209 664164 445523
210 984856 644722
211 91884 986651
212 670438 820509
213 306817 587132
214 867773 285868
215 770106 242
216 314475 103065
217 477411 621417
218 943054 511748
219 478988 169871
220 718256 646975
221 309896 615253
222 887404 333770
223 557599 811072
224 385889 952888
225 699568 164962
226 437203 45497
227 586674 453742
228 493039 753462
229 73840 872582
230 41022 883771
231 184807 921349
232 537781 185877
233 123679 946634
234 751331 32698
235 341251 617392
236 394506 711275
237 745955 819894
238 207519 46386
239 399977 216696
240 327469 553355
241 513292 995190
242 244845 886334
243 815434 393126
244 565283 291533
245 497737 996419
246 760416 446289
247 828619 100864
248 252469 598621
249 869298 67510
250 126250 511212
251 411094 169193
252 625418 146213
253 651669 442012
254 800651 700339
255 638307 99913
256 188178 782306
257 374845 44603
258 123355 738517
259 92729 436917
260 933407 525058
261 77335 683821
262 906447 830039
263 206298 225312
264 85856 599742
265 168224 765506
266 245735 699637
267 578388 227556
268 365176 730986
269 620345 200242
270 762978 76917
271 300397 128366
272 358125 972679
273 919083 76595
274 539842 998580
275 894566 27157
276 512764 269556
277 899285 360744
278 265477 711457
279 590804 397862
280 781036 920683
281 821667 600408
282 937360 561390
283 799516 59812
284 424180 402165
285 125519 46760
286 198675 94148
287 542351 906250
288 12293 807779
289 784535 545703
290 564561 494840
291 634508 687994
292 818705 247541
293 943838 645326
294 762276 16998
295 428040 305363
296 306805 218179
297 74722 716218
298 878241 206248
299 586015 451875
300 960385 111304
301 292059 994139
302 434019 399725
303 392648 824770
304 450851 651744
305 416905 620151
306 949180 573806
307 969821 475672
308 613877 603488
309 525685 221142
310 683148 593267
311 473797 972305
312 441780 14215
313 754700 204536
314 660129 142625
315 513601 187522
316 356928 132791
317 128797 944410
318 545660 60701
319 718172 343032
320 633663 340350
321 119640 541134
322 333849 834773
323 831566 334500
324 776399 60506
325 961517 673705
326 546119 443389
327 938273 772862
328 754375 159268
329 865341 489608
330 854064 331947
331 106598 107818
332 18080 76555
333 500510 408046
334 239956 135048
335 644106 279377
336 827089 465178
337 259624 9442
338 47148 30408
339 34032 668917
340 259840 595432
341 339194 170520
342 288561 181654
343 80924 249109
344 114710 52241
345 443899 137614
346 820745 583124
347 698925 354285
348 513260 654461
349 281509 324407
350 787624 801157
351 300467 107482
352 800666 366085
353 334511 375598
354 154828 756619
355 691938 505265
356 44558 813100
357 45709 716450
358 511202 523473
359 408892 663795
360 563294 846049
361 126536 915549
362 347423 842949
363 978909 719607
364 664512 893538
365 674931 671549
366 875580 277412
367 976979 754574
368 550874 526094
369 124811 572110
370 670452 557450
371 840217 450915
372 488947 597850
373 11077 905195
374 235700 855976
375 375376 793653
376 989949 387971
377 649475 116074
378 925576 23055
379 130502 46092
380 815211 808416
381 250787 582717
382 86167 134487
383 665048 593643
384 324152 447858
385 705372 606006
386 287773 552915
387 288418 769640
388 856100 738565
389 266073 231348
390 917372 955854
391 589104 618419
392 78327 866514
393 420762 292862
394 191245 842491
395 89526 957231
396 201941 676952
397 866737 64445
398 269677 287301
399 162496 719306
400 741750 272512
401 639121 4351
402 938604 419521
403 204549 371529
404 309643 782960
405 695312 632713
406 831809 288011
407 956566 857980
408 606475 573834
409 715979 21721
410 864809 377746
411 431147 604846
412 706108 432859
413 966885 283421
414 614311 868897
415 565091 484570
416 428921 483113
417 536036 284658
418 124045 301093
419 661853 220347
420 260039 846928
421 576883 169524
422 977682 711779
423 526084 597094
424 970844 433878
425 97560 986256
426 672990 293598
427 154214 257179
428 843590 156008
429 468315 653945
430 295476 903456
431 709676 89296
432 522921 848383
433 55830 662285
434 310328 244787
435 331896 9380
436 602990 282101
437 924161 878553
438 704756 137548
439 450631 448928
440 589268 810876
441 815106 960366
442 573421 661635
443 774894 339625
444 960192 687653
445 228827 461760
446 990764 417066
447 888451 250658
448 243938 294781
449 245362 99129
450 7022 388535
451 146462 521915
452 844609 286683
453 171150 712623
454 720177 492579
455 482285 503965
456 195816 780662
457 425117 833715
458 912691 292610
459 200844 272262
460 604445 761048
461 416922 211199
462 237764 943360
463 862917 81074
464 437492 637478
465 707403 992132
466 417370 958052
467 966643 85303
468 615060 34444
469 535248 739705
470 748943 482283
471 138780 687929
472 83208 467779
473 44837 779564
474 179301 945090
475 387740 162863
476 857289 607884
477 391726 14890
478 971165 188410
479 555271 759305
480 671622 136706
481 177375 980472
482 743636 1
483 365184 507886
484 697454 957338
485 788877 133126
486 113308 255754
487 884521 441581
488 903759 809038
489 819473 222874
490 972195 674507
491 525802 678186
492 965855 570696
493 814757 436898
494 214415 966641
495 720119 107174
496 336990 577910
497 950827 615816
498 368975 883026
499 803407 641626
500 564020 235799
501 960091 956427
502 972895 713233
