NAME : portgen-427-2040261
COMMENT : portgen N=427, seed=2040261
TYPE : TSP
DIMENSION : 427
EDGE_WEIGHT_TYPE : EUC_2D
NODE_COORD_SECTION
1 616963 659892
2 849179 934731
3 761765 370712
4 738994 400138
5 791360 741422
6 204769 46136
7 53969 278981
8 32657 813668
9 280956 878869
10 944799 502794
11 973385 999852
12 72479 874209
13 342049 627658
14 956499 671445
15 541799 855138
16 724580 449174
17 644632 651724
18 531653 737702
19 688387 769260
20 514267 110213
21 95233 778549
22 849747 841483
23 686999 123777
24 449897 498871
25 830262 516160
26 971847 924471
27 722309 185139
28 537421 167788
29 15260 197455
30 403077 24063
31 682325 969733
32 885870 681146
33 646189 426220
34 196389 212485
35 591981 908880
36 363771 782085
37 48607 428639
38 530947 48913
39 277542 887339
40 336787 174260
41 612398 759044
42 268367 517736
43 172813 754846
44 563304 963485
45 5534 105432
46 541312 475901
47 177278 605387
48 746442 313147
49 729941 421107
50 310535 638085
51 846235 562557
52 162083 656001
53 903762 212803
54 656103 204573
55 12325 782575
56 604484 51775
57 191920 297644
58 482750 206423
59 792455 280483
60 934704 333042
61 696278 775281
62 901949 953896
63 62645 801213
64 620001 392605
65 524876 318144
66 392810 72968
67 875013 554212
68 569776 560623
69 567123 970722
70 34985 966389
71 962391 282821
72 28780 672492
73 409154 766031
74 573951 223382
75 542742 945228
76 693146 337336
77 896231 992391
78 245275 773266
79 687543 607871
80 86224 343139
81 645679 685380
82 169588 45936
83 820184 321663
84 22994 519428
85 888490 716719
86 632472 569072
87 737740 989475
88 639895 358942
89 879050 909558
90 708620 289378
91 113669 12130
92 306380 181737
93 672464 707429
94 903380 829077
95 734028 248113
96 537629 47694
97 82231 318266
98 333917 393318
99 545080 39305
100 32596 50211
101 886981 664392
102 514761 253363
103 831558 681016
104 30955 714493
105 319926 537845
106 869886 858466
107 873842 838111
108 805509 597984
109 603148 851322
110 712018 426865
111 776582 983688
112 486831 838278
113 829738 968079
114 54310 484376
115 157916 958879
116 327986 164557
117 589631 170775
118 419492 255203
119 138287 468269
120 376227 74480
121 104280 52057
122 117059 307162
123 471530 553940
124 560863 243953
125 488527 365838
126 339007 60703
127 881388 73717
128 722225 722424
129 74760 343986
130 833871 576355
131 542729 562686
132 338265 245446
133 433565 817828
134 741407 566679
135 366580 251569
136 37121 359195
137 362794 346180
138 87857 715879
139 102300 413114
140 116053 107314
141 893318 710324
142 650505 581561
143 416149 765299
144 826291 344185
145 737209 601663
146 513796 571607
147 101688 124658
148 37358 745084
149 689262 770878
150 219305 755651
151 451639 147748
152 127899 381213
153 472519 628683
154 410198 299826
155 657567 956925
156 896132 730575
157 606776 232207
158 62558 971122
159 460998 213606
160 208088 688480
161 128565 970528
162 347374 610929
163 799930 889372
164 231296 981580
165 873660 459174
166 305680 802473
167 755546 159128
168 211181 162742
169 103547 418297
170 519002 445027
171 304301 612684
172 136097 48729
173 473097 543268
174 224232 490758
175 324728 147985
176 513788 707682
177 897217 760130
178 449970 649165
179 392202 968771
180 170031 309776
181 525135 991900
182 780824 212539
183 652623 283447
184 594478 558047
185 759110 519290
186 746889 970239
187 888878 60102
188 174691 420883
189 73310 587244
190 160959 150764
191 497170 262525
192 811548 563883
193 934038 313779
194 21649 543006
195 506504 927734
196 568264 545500
197 659187 999711
198 698138 334061
199 723806 75994
200 874037 52214
201 469957 636988
202 329799 173963
203 650815 251263
204 896133 333333
205 826091 136190
206 627516 849195
207 462266 242297
208 741512 979635
209 332713 781112
210 514401 318562
211 559641 518484
212 684009 706896
213 49332 109901
214 640440 714914
215 409286 923428
216 524750 739976
217 761152 24768
218 523248 647974
219 800258 569251
220 822371 954403
221 981066 240537
222 28604 187942
223 368093 49779
224 861491 952291
225 950378 588236
226 693621 8891
227 666707 950609
228 527463 729981
229 875835 305031
230 650715 2841
231 451004 326881
232 510962 871687
233 155124 386979
234 820591 274324
235 874204 691732
236 118144 380422
237 830733 926165
238 624941 550749
239 851776 733400
240 179432 319351
241 234066 335409
242 64198 406445
243 472423 197868
244 229013 889464
245 869644 136269
246 827383 525933
247 695047 130638
248 836259 600643
249 409803 102439
250 563001 817344
251 198003 128090
252 772858 631026
253 354170 358211
254 944692 260262
255 478185 329594
256 500967 986370
257 435386 514446
258 175458 925070
259 631834 380324
260 35428 554480
261 977175 718152
262 711323 56860
263 493729 990053
264 607564 199706
265 571994 266729
266 606056 591514
267 255215 849837
268 818384 247695
269 900022 549752
270 230987 547353
271 566033 848689
272 854036 315163
273 159093 109231
274 814610 638186
275 636908 846206
276 993079 210096
277 530444 296271
278 211287 606489
279 872875 923020
280 812642 106474
281 458189 394940
282 29274 930832
283 763560 652278
284 132333 120223
285 355353 66227
286 110460 993647
287 743415 189221
288 561401 767078
289 187707 415051
290 845572 887239
291 117177 684543
292 387064 465519
293 808539 211115
294 562239 324382
295 86277 166106
296 115361 779798
297 194398 164760
298 436892 572386
299 105273 664815
300 753762 392014
301 921523 399558
302 792614 749668
303 729029 308536
304 823032 64924
305 487732 172
306 44249 548493
307 836743 646536
308 991113 678390
309 200542 864514
310 493939 191174
311 547005 467518
312 366461 963338
313 144703 710901
314 201033 993746
315 460192 252865
316 944045 122783
317 927319 845400
318 842989 568684
319 847800 740527
320 474406 130148
321 10573 697724
322 830443 895102
323 619101 647843
324 413337 231060
325 20056 725990
326 371352 111526
327 204623 500897
328 447968 798739
329 472239 947214
330 906678 160344
331 460736 82504
332 590517 357583
333 989599 346525
334 718049 941640
335 27434 343269
336 265053 969482
337 844458 767949
338 819821 435478
339 262895 865564
340 515369 345963
341 238662 253819
342 87068 299847
343 792128 861540
344 532265 569735
345 855801 496464
346 850634 906159
347 713093 131136
348 865095 41090
349 853266 62493
350 75281 183622
351 384948 547773
352 715690 674092
353 487328 117533
354 24458 904775
355 708768 586427
356 266474 902503
357 91413 410214
358 309710 554576
359 369411 459380
360 492487 948508
361 493258 655556
362 866359 843812
363 958321 717280
364 253791 170365
365 280620 702287
366 411020 358119
367 156795 928941
368 79489 336158
369 162406 676853
370 990136 237551
371 492129 72884
372 77247 907293
373 3206 195078
374 39799 869280
375 172815 147815
376 787299 682900
377 781873 372993
378 772601 26829
379 390977 786749
380 594602 151169
381 955127 347604
382 914639 471216
383 94298 193589
384 825256 184119
385 407008 114632
386 514777 500131
387 286565 344672
388 161208 810358
389 873682 493366
390 71210 931491
391 326302 467042
392 575763 129450
393 747160 63416
394 443479 685579
395 834642 885900
396 510902 978286
397 269845 875504
398 722774 991998
399 786319 732575
400 746084 192847
401 321395 546432
402 798070 241323
403 821512 320256
404 107137 652422
405 625832 709185
406 583349 705397
407 952106 708701
408 640267 976841
409 77758 39134
410 748441 102300
411 407269 92681
412 438035 214160
413 793236 968344
414 702060 45241
415 523160 840951
416 703221 221260
417 867533 362025
418 348142 620905
419 514936 867061
420 489182 770319
421 985658 404345
422 937137 732342
423 478631 418220
424 540250 55685
425 82268 754429
426 289937 741077
427 209414 905132
