NAME : portgen-406-5164591
COMMENT : portgen N=406, seed=5164591
TYPE : TSP
DIMENSION : 406
EDGE_WEIGHT_TYPE : EUC_2D
NODE_COORD_SECTION
1 537199 343005
2 322566 658393
3 371117 565739
4 729280 22090
5 943807 415193
6 724051 496210
7 575647 540507
8 324095 786545
9 277352 10922
10 689846 813152
11 989245 978834
12 616494 255066
13 278585 175134
14 766633 924734
15 525104 751561
16 792581 241242
17 980262 769737
18 693445 909028
19 171543 606566
20 175438 578915
21 179708 472205
22 813529 862612
23 747296 631978
24 913187 560184
25 237906 827204
26 22771 540673
27 490409 420694
28 593807 295957
29 362742 552828
30 964948 462088
31 394196 122714
32 846651 364891
33 235484 251846
34 682680 713034
35 793211 692116
36 873357 717168
37 773016 862642
38 790380 448571
39 488425 195800
40 661258 982628
41 812391 213804
42 959786 63015
43 357364 669867
44 394590 615370
45 534253 441598
46 226348 458508
47 813354 483322
48 705558 462539
49 699188 950887
50 72231 298724
51 143553 717387
52 898925 255278
53 14812 808966
54 580887 427393
55 63329 923940
56 901366 747372
57 18575 523349
58 235740 935687
59 309359 363329
60 659333 772944
61 552657 731792
62 640802 494486
63 548563 155969
64 818242 517738
65 847829 981414
66 867684 61031
67 132470 737318
68 81261 65018
69 195229 436436
70 827274 421676
71 360507 31261
72 956036 761308
73 888941 494555
74 817705 318868
75 934758 549588
76 644297 181450
77 103058 90817
78 431040 82521
79 584916 161607
80 174016 949793
81 613737 144450
82 600119 641652
83 563433 870105
84 791336 257267
85 634408 741185
86 117982 990491
87 428570 109745
88 128647 371206
89 628734 549985
90 63446 466042
91 571053 656635
92 343721 898035
93 367676 723233
94 460912 490818
95 173884 211156
96 273682 937961
97 802028 86089
98 303694 370015
99 602690 846290
100 632660 517734
101 865820 267720
102 255422 468716
103 978534 987661
104 837729 205022
105 723140 707806
106 621608 94098
107 987722 962860
108 676111 675776
109 342422 514029
110 337958 193417
111 267414 945046
112 624606 116673
113 875364 850261
114 735069 959853
115 131211 140985
116 533477 423712
117 826844 355639
118 844433 476955
119 668912 380861
120 221924 691900
121 380810 946882
122 152860 980467
123 943742 328636
124 313354 685354
125 210724 453433
126 634946 642836
127 715079 491674
128 984256 442108
129 440876 899782
130 624283 501579
131 318749 456867
132 983098 31240
133 326995 674726
134 941238 7255
135 19118 347475
136 362421 657067
137 303304 884524
138 558470 624577
139 229967 132932
140 132417 433256
141 409384 835287
142 335570 629631
143 822236 76610
144 440613 795604
145 28644 169707
146 535716 661657
147 361743 874448
148 329479 723743
149 643578 268335
150 421996 319164
151 98668 180422
152 552937 777468
153 44048 799659
154 307266 85447
155 669437 907646
156 1494 645272
157 871138 454576
158 965862 657091
159 95124 108649
160 701761 603252
161 31148 672902
162 585259 699953
163 248806 181999
164 104130 525836
165 840476 758811
166 317311 144519
167 463494 224770
168 431761 764112
169 964148 880993
170 663768 165144
171 981485 331963
172 93843 425391
173 138559 862814
174 76398 661789
175 625641 147480
176 619613 117741
177 427859 663184
178 1853 954148
179 716927 328167
180 345706 279935
181 835510 426272
182 421678 504292
183 926160 669530
184 551429 445746
185 316017 103048
186 580693 433334
187 483008 554280
188 983639 913406
189 245043 922074
190 698100 294657
191 465071 775962
192 180130 560540
193 923300 891038
194 722841 959201
195 298609 762231
196 212683 518402
197 564976 560720
198 584451 548150
199 848955 539562
200 441752 225152
201 617770 154323
202 963689 330983
203 682408 843650
204 937610 867319
205 739883 110815
206 231307 757725
207 29557 583475
208 67252 317108
209 861296 860958
210 919841 378010
211 820575 11867
212 3994 90865
213 485277 426370
214 469645 152024
215 871872 139988
216 975796 377724
217 182190 587285
218 63350 707345
219 746405 596655
220 493287 606192
221 29742 861882
222 39360 920599
223 941655 200816
224 514407 474111
225 75442 158080
226 78505 696931
227 667689 301763
228 249356 240046
229 972132 376404
230 267633 975062
231 97244 340955
232 374031 133691
233 81072 369424
234 718365 108957
235 641819 866436
236 802700 387185
237 785516 761760
238 299505 123644
239 344177 702230
240 841509 245231
241 454237 93241
242 884390 896809
243 42744 634841
244 3693 48498
245 506212 693925
246 988980 637447
247 954835 626851
248 803491 642556
249 76366 277599
250 621094 818011
251 856638 812177
252 632601 830210
253 703843 985263
254 812540 770879
255 259019 614514
256 236353 923634
257 870191 573708
258 986081 459796
259 386119 747179
260 330200 438516
261 293058 440765
262 487862 823807
263 9797 990523
264 754583 955305
265 57917 314241
266 311103 573297
267 443211 226994
268 8878 530603
269 223049 310682
270 910727 582947
271 248721 256513
272 718298 67696
273 400867 548214
274 149585 131027
275 617054 812968
276 887973 121061
277 219681 306853
278 506908 283341
279 368965 405607
280 821332 173240
281 762213 501858
282 860152 676071
283 365793 979839
284 205335 802495
285 172840 437867
286 310211 255091
287 130125 517231
288 550542 171996
289 221084 181009
290 316899 726456
291 621557 348975
292 133972 884677
293 552027 809245
294 713145 767139
295 861200 29038
296 325268 420554
297 137841 472860
298 272735 993630
299 126388 201067
300 517153 228870
301 327130 968575
302 814127 890597
303 191410 538997
304 987089 335004
305 754825 697662
306 570195 601825
307 544406 792294
308 847972 341659
309 364016 387291
310 403335 372162
311 853450 4268
312 285342 943970
313 110736 341636
314 440963 239527
315 325821 11544
316 184907 886079
317 426184 619237
318 156260 19731
319 804568 341677
320 36705 210368
321 445228 325854
322 363804 489038
323 175588 320999
324 135212 193871
325 362124 931099
326 552667 886861
327 875245 505608
328 43963 441051
329 542391 194890
330 734337 171678
331 734429 645411
332 298299 544457
333 252433 244341
334 238021 55368
335 616706 526972
336 206447 170145
337 25167 472236
338 819495 966588
339 129022 779733
340 900006 669685
341 799245 246072
342 505189 154143
343 277115 539495
344 587780 881727
345 366803 911919
346 781710 749200
347 724971 509733
348 3920 275083
349 300686 891568
350 669542 208999
351 191977 355478
352 293864 692438
353 131854 306594
354 381671 721102
355 228493 504467
356 853270 660664
357 828087 822418
358 389968 985228
359 920439 788566
360 540536 977350
361 943654 346453
362 385826 407707
363 334995 850968
364 876281 332728
365 340381 512901
366 584917 407920
367 551239 395538
368 816414 138581
369 417985 682771
370 764174 291886
371 619055 799213
372 341190 389452
373 968264 435256
374 363373 317264
375 174737 152952
376 398802 967958
377 551186 156641
378 624081 784056
379 804238 898325
380 876024 993273
381 888609 698900
382 956927 936606
383 885412 54056
384 319473 438634
385 854153 954711
386 621855 603175
387 613828 387584
388 578548 975696
389 795266 229185
390 783625 550938
391 46729 977955
392 456704 347107
393 624292 886017
394 450992 614633
395 510126 762357
396 819107 979350
397 828617 809463
398 670031 15880
399 185385 953606
400 810904 992567
401 639989 134188
402 533639 623799
403 106222 420846
404 511253 204079
405 532348 738064
406 333064 189605
