NAME : portgen-490-2645307
COMMENT : portgen N=490, seed=2645307
TYPE : TSP
DIMENSION : 490
EDGE_WEIGHT_TYPE : EUC_2D
NODE_COORD_SECTION
1 200288 555146
2 566289 704347
3 138259 538923
4 224423 38276
5 546851 250898
6 171188 308767
7 667299 484491
8 192407 138152
9 467652 300215
10 864442 994299
11 889307 187982
12 564408 247337
13 890577 42234
14 53760 49618
15 558276 21600
16 31894 70776
17 881341 960628
18 442685 674306
19 336267 406251
20 578925 664471
21 457541 571688
22 338097 349483
23 847144 606268
24 270228 870695
25 603770 645082
26 657875 111245
27 531863 759217
28 744607 129512
29 673805 605660
30 261662 463953
31 202655 818171
32 459351 882380
33 793357 599500
34 970670 317816
35 637347 586138
36 867923 596956
37 696444 219360
38 336423 778062
39 656119 805191
40 502730 761065
41 368429 448099
42 787955 94322
43 818944 213722
44 611425 998961
45 167271 843184
46 703636 18451
47 768904 992786
48 796547 860585
49 875243 118737
50 13059 69081
51 950148 465036
52 367965 842705
53 276653 209776
54 323289 437540
55 940272 530884
56 518086 674843
57 438389 418477
58 760317 184204
59 49267 466565
60 85832 932771
61 724256 851932
62 304756 568265
63 635990 402886
64 228991 853739
65 942706 126647
66 454773 218579
67 864919 971846
68 242978 693585
69 9709 369477
70 334005 634739
71 164455 144860
72 913128 234499
73 118927 851703
74 713694 200638
75 356796 393660
76 631594 21504
77 176030 886412
78 614308 731569
79 600117 396118
80 599726 583068
81 200067 953811
82 103534 305532
83 366429 373226
84 761715 203890
85 299549 908613
86 470510 848628
87 109769 692172
88 301177 702751
89 675902 418344
90 953956 904420
91 802769 832872
92 254012 359638
93 926579 500961
94 115044 559386
95 605416 869752
96 931869 805819
97 69927 425391
98 164229 315826
99 35091 220956
100 933321 416175
101 175801 295349
102 246682 452375
103 590891 798721
104 767492 816391
105 959832 113347
106 616525 40731
107 790702 729974
108 651198 394248
109 883883 678143
110 141303 50602
111 338135 540758
112 270568 883373
113 732811 175160
114 601946 657393
115 101280 502455
116 935259 859510
117 458512 840609
118 287895 762037
119 42170 524038
120 708440 532331
121 617077 436901
122 418082 554814
123 531616 391111
124 535250 186553
125 692580 989068
126 713879 377697
127 119675 430865
128 480916 316291
129 836837 406072
130 164480 828853
131 756551 243453
132 107951 427500
133 496269 179624
134 622648 235887
135 198357 260087
136 858997 697329
137 985563 152235
138 336722 960437
139 421082 839702
140 402457 416520
141 338323 195873
142 492913 272427
143 745904 691806
144 751558 31011
145 344340 108270
146 139389 806282
147 325681 448353
148 673334 919748
149 451338 265847
150 218091 571178
151 970028 695547
152 784096 276059
153 650745 518006
154 884784 847248
155 684961 789110
156 564732 805826
157 61732 56209
158 689463 950269
159 917772 659598
160 754166 576521
161 728285 356800
162 17796 627178
163 290058 163449
164 913233 709503
165 501490 818716
166 75653 573833
167 154740 613347
168 851787 532497
169 134140 436703
170 582963 795634
171 774034 91960
172 276844 767818
173 379984 782588
174 788485 698503
175 158294 509884
176 6514 741834
177 764357 399374
178 495525 396194
179 540806 170748
180 424272 118248
181 383865 448080
182 264285 889326
183 15076 472772
184 528981 293914
185 676224 906875
186 161783 219268
187 501303 244281
188 570006 986451
189 592443 618422
190 131652 893863
191 622642 742484
192 285230 383242
193 434851 627572
194 309548 265414
195 598271 379014
196 3515 840226
197 760478 676087
198 633851 554765
199 590656 32563
200 197811 393533
201 190145 170063
202 566850 264430
203 887242 264029
204 456603 381115
205 964523 867952
206 86646 275392
207 572477 45257
208 114732 543638
209 687602 588197
210 255475 460310
211 882115 496418
212 96102 282690
213 716730 991720
214 652417 236872
215 357039 305976
216 529847 211327
217 653898 263699
218 807217 347249
219 170007 239973
220 268509 891212
221 939970 721350
222 9938 137960
223 496899 507097
224 744124 477787
225 959357 642130
226 902347 353784
227 675523 891835
228 863686 978817
229 516164 303150
230 457213 539992
231 94022 216630
232 112606 73310
233 927982 365295
234 265454 434516
235 548358 607635
236 799513 209814
237 628839 613344
238 557962 528331
239 820894 204266
240 419004 737912
241 475555 349266
242 779659 817046
243 211953 313216
244 98721 580588
245 335717 441922
246 81794 735490
247 691614 660874
248 91698 730156
249 92510 396593
250 579997 968567
251 686202 539857
252 58783 221445
253 166575 553080
254 574124 858477
255 679881 550470
256 880095 935576
257 967433 15290
258 458198 358532
259 525015 451731
260 981611 197826
261 272784 868861
262 854519 579791
263 921432 259656
264 151030 407394
265 446769 4881
266 954207 962417
267 524385 868534
268 857816 539978
269 381833 764368
270 358848 853421
271 788200 646989
272 598976 137891
273 169137 212933
274 880971 111823
275 739441 832042
276 579125 685116
277 949823 575115
278 14360 723785
279 15471 190249
280 363628 626597
281 171247 809755
282 499628 826459
283 762269 233106
284 336600 829542
285 846152 245265
286 477561 413192
287 712290 149569
288 618701 587668
289 919037 279403
290 565430 197647
291 244184 960781
292 43766 820171
293 833634 144451
294 462788 697926
295 106264 624710
296 203377 552290
297 918216 113583
298 375859 375008
299 934699 449406
300 519189 581469
301 293895 601567
302 546392 541793
303 587858 618344
304 641350 129652
305 741481 869908
306 260996 317545
307 83985 738917
308 423219 618956
309 891539 386045
310 450600 387261
311 298406 887193
312 310352 264682
313 951369 875993
314 866799 170497
315 561710 357
316 946317 789385
317 537921 695522
318 936651 926638
319 876796 304848
320 396952 214677
321 252912 76743
322 247326 719002
323 326303 316184
324 241938 653533
325 162213 499866
326 508208 764201
327 887696 518832
328 635152 504509
329 63646 850870
330 605142 661220
331 741547 336501
332 732699 526803
333 616996 184253
334 70219 364982
335 412613 107035
336 377018 238006
337 223831 950733
338 879052 534205
339 999497 791519
340 629530 446859
341 812347 15928
342 565355 900490
343 258809 609815
344 56685 11118
345 78525 752398
346 856418 511813
347 892234 289916
348 837659 14905
349 852911 296592
350 839950 792098
351 316686 450418
352 24002 715353
353 687518 492280
354 198846 987205
355 260023 25336
356 447824 52527
357 772345 852743
358 804801 229734
359 444267 442783
360 689143 602091
361 331341 773627
362 525031 620515
363 790349 926599
364 214004 508477
365 263215 386772
366 335358 12291
367 531496 604194
368 999035 759819
369 243582 712611
370 95689 29074
371 165548 613902
372 321974 476434
373 421057 82790
374 986781 271719
375 499567 911060
376 800901 344434
377 33376 453178
378 456739 304394
379 918922 419807
380 716317 927698
381 248697 486234
382 891516 230948
383 859787 833921
384 730553 295911
385 431686 722010
386 242952 172547
387 943215 778083
388 801189 986907
389 740250 71853
390 163775 485954
391 7676 794196
392 792159 335516
393 138074 849123
394 120775 300547
395 744406 165114
396 29266 947671
397 280924 373678
398 786122 993000
399 670686 543891
400 675244 434149
401 342539 914928
402 107943 13613
403 903384 6705
404 552274 697859
405 315103 607615
406 183618 618375
407 675401 551203
408 898431 301025
409 205309 517837
410 444826 866787
411 163235 186661
412 620666 997536
413 379470 328024
414 64604 929602
415 874698 794484
416 434633 42391
417 756749 556159
418 302335 389300
419 118795 240956
420 437085 837048
421 643813 602938
422 855721 877619
423 1878 842605
424 327004 283388
425 994208 458098
426 928396 741083
427 669192 880760
428 999516 300148
429 158178 551783
430 711277 514083
431 887910 311317
432 260774 478054
433 963801 580680
434 762654 797781
435 549325 55826
436 974021 921921
437 523629 986727
438 938390 422151
439 517469 739906
440 998019 79321
441 169845 512820
442 218324 360615
443 906574 123315
444 781616 278695
445 592357 721654
446 626646 321013
447 691630 381258
448 863027 721892
449 79308 868993
450 939229 579726
451 325135 587098
452 285368 914886
453 288252 415575
454 522758 308576
455 974185 876201
456 518532 879483
457 959426 989623
458 887436 566896
459 619687 879515
460 615027 241909
461 501372 893660
462 858552 969598
463 730690 386923
464 636553 608743
465 698474 522814
466 899393 208892
467 765720 121818
468 560789 290362
469 553394 228701
470 473179 339677
471 503627 902100
472 663667 350448
473 220282 732986
474 462461 722032
475 650568 476104
476 85339 470565
477 170518 416414
478 680333 116243
479 821377 163550
480 354097 997890
481 862181 294056
482 835397 634508
483 372573 616431
484 215815 608977
485 769340 154449
486 104435 897655
487 228947 138922
488 156570 30806
489 723141 442137
490 289265 614446
