NAME : portgen-449-4043156
COMMENT : portgen N=449, seed=4043156
TYPE : TSP
DIMENSION : 449
EDGE_WEIGHT_TYPE : EUC_2D
NODE_COORD_SECTION
1 104433 79773
2 553656 74109
3 736758 354263
4 151826 448755
5 37917 246166
6 565562 638713
7 346438 424161
8 496767 950729
9 631230 191332
10 73061 791068
11 205406 808247
12 616972 296836
13 463951 660429
14 127983 157246
15 280001 719871
16 70857 257469
17 435333 751761
18 49195 478875
19 836020 912739
20 412721 538518
21 640796 38438
22 638337 383623
23 480929 760503
24 23446 180610
25 800777 461068
26 697279 724549
27 711631 392021
28 351553 846963
29 644440 801895
30 24914 257882
31 518243 239087
32 36033 499398
33 605370 527124
34 376 962815
35 943231 736264
36 927283 450620
37 390555 611992
38 93789 480857
39 96616 224951
40 945283 616987
41 15989 326088
42 132331 22118
43 201628 831770
44 221435 935934
45 146391 522071
46 478499 873205
47 969507 676457
48 611235 190176
49 647882 26344
50 289834 72
51 663887 798495
52 235327 183789
53 445079 371191
54 592217 689513
55 190392 519782
56 625528 708505
57 655504 502843
58 779383 645037
59 269580 359576
60 888163 415193
61 879241 974031
62 672980 943159
63 72376 128787
64 215292 206766
65 166913 722597
66 888639 407103
67 34558 425500
68 991459 307483
69 670583 629488
70 242734 556590
71 562190 861859
72 47770 731197
73 642829 504467
74 200224 26347
75 604081 482447
76 974883 441116
77 859430 567236
78 111433 256784
79 763937 809826
80 192330 137596
81 700607 962729
82 446778 633802
83 957592 763668
84 660735 924306
85 860014 274916
86 444812 243232
87 755494 405716
88 440310 438125
89 114601 105743
90 831726 815591
91 364850 405466
92 14436 29317
93 21989 925909
94 960324 400755
95 467907 227790
96 646747 746276
97 769474 967818
98 111777 318957
99 106364 642054
100 290887 204703
101 389865 94481
102 194621 788489
103 117596 569417
104 426679 830112
105 545247 185523
106 296459 363181
107 341919 964539
108 490848 954330
109 193255 478960
110 522024 638635
111 657304 18681
112 633419 655310
113 885050 350331
114 48611 967005
115 288119 870892
116 11445 284488
117 560496 646203
118 519131 1669
119 63547 49896
120 538469 67658
121 732654 481364
122 878731 829272
123 570486 628066
124 112857 114164
125 82767 761445
126 270346 139359
127 353934 419994
128 193257 105377
129 533984 548417
130 269357 115927
131 505870 376783
132 291643 477588
133 452869 815095
134 484449 512646
135 394053 862782
136 841473 79091
137 396193 760578
138 368288 517944
139 664746 213425
140 462052 779673
141 816347 500193
142 697647 172191
143 365021 634662
144 992845 82908
145 193333 704036
146 517219 550900
147 655843 675687
148 226185 653562
149 85171 118152
150 460983 52541
151 963319 899432
152 652111 303093
153 945098 770152
154 441711 181742
155 54972 558595
156 112532 451076
157 355083 565321
158 598708 954969
159 720939 615956
160 251403 799306
161 729924 366297
162 51662 341512
163 899462 942041
164 426979 93099
165 815480 598135
166 76232 483004
167 158452 903457
168 667141 365271
169 145109 132326
170 573483 410051
171 913722 376888
172 831505 394027
173 974112 150922
174 499238 314331
175 776224 284143
176 226583 992071
177 302672 862847
178 976308 480314
179 740979 748654
180 635951 579827
181 625043 309385
182 608258 644920
183 644872 735643
184 619570 961056
185 591209 447786
186 455731 406608
187 839731 967259
188 572723 737853
189 63624 188814
190 365203 419147
191 201061 678325
192 457148 235652
193 973092 766847
194 874745 513531
195 258585 931498
196 745700 184053
197 541117 125697
198 954319 507114
199 537156 864245
200 821304 236258
201 87297 310423
202 949127 357076
203 83081 548257
204 534922 67019
205 889754 209460
206 605569 227448
207 490069 704453
208 834126 440989
209 768268 482561
210 690600 137757
211 198486 755325
212 139752 354950
213 360488 145308
214 457481 482655
215 884177 24465
216 202930 996604
217 299059 155742
218 813578 973613
219 188256 752694
220 401525 532103
221 998579 392184
222 822930 120827
223 733011 990375
224 44301 186167
225 765209 809011
226 49632 54501
227 980068 796838
228 33328 90692
229 11363 793384
230 543498 109468
231 360001 782228
232 665493 357651
233 210881 213385
234 404517 369241
235 971441 843751
236 396688 582100
237 717352 881589
238 88125 143984
239 775256 342913
240 321621 269795
241 133945 664096
242 939157 774709
243 664464 420701
244 331111 941408
245 944861 600193
246 569096 819014
247 781252 557774
248 135414 416478
249 674831 941341
250 32701 589026
251 215118 701387
252 864545 495413
253 675065 385535
254 115344 205358
255 132374 612626
256 759581 69955
257 848523 943304
258 540371 540986
259 975 107719
260 222236 794402
261 538553 463175
262 336539 382415
263 628633 695301
264 717555 221938
265 206523 702589
266 28639 569898
267 210538 708994
268 510213 63990
269 815573 995852
270 234338 123477
271 419726 223391
272 719171 150458
273 61639 105920
274 482474 398837
275 929140 440113
276 698923 452893
277 734817 330112
278 560387 645220
279 490848 155550
280 985199 611075
281 569961 119492
282 971020 8897
283 192900 536189
284 350783 698064
285 881665 434450
286 58511 602137
287 178578 782123
288 95479 85659
289 728357 6427
290 822028 983413
291 204452 562004
292 236738 595448
293 132627 909147
294 598877 201641
295 516094 974024
296 713206 117509
297 114186 799887
298 64965 817588
299 44813 937048
300 54979 975979
301 377563 476047
302 576809 945727
303 235661 136918
304 216154 139369
305 197484 651239
306 46342 289207
307 639456 11175
308 897868 452451
309 5305 171132
310 943932 375311
311 491376 413735
312 643084 905685
313 56887 582464
314 25328 232851
315 546461 958560
316 869505 588987
317 808943 170788
318 937070 915245
319 922548 225563
320 697579 680175
321 903841 427744
322 257709 140782
323 482647 299471
324 474425 208501
325 743000 482500
326 792260 811961
327 390586 96419
328 106474 788575
329 667104 406021
330 8656 320415
331 214370 990591
332 441790 517308
333 747398 618598
334 31497 498673
335 528527 598397
336 978026 796804
337 428132 461431
338 583051 679415
339 23148 546665
340 799210 268312
341 915360 619306
342 224194 226045
343 744189 878913
344 147197 291634
345 423389 318471
346 883747 423874
347 697035 99182
348 702149 107036
349 999611 796277
350 557731 803232
351 276323 927760
352 409290 474688
353 567140 172953
354 587766 164540
355 352229 227561
356 641377 375469
357 982631 690185
358 436668 790496
359 293555 342608
360 815159 640361
361 618986 235219
362 940942 725294
363 322073 50266
364 387513 953444
365 894291 410098
366 91648 858607
367 194436 571649
368 626934 539891
369 636675 534009
370 789377 953693
371 585357 804589
372 476475 783028
373 699485 648528
374 482931 971740
375 777108 651882
376 719523 46167
377 901986 147632
378 711584 417715
379 733324 837641
380 847753 27249
381 536277 53756
382 375163 398536
383 642204 836788
384 898993 199603
385 990699 788139
386 307565 321814
387 565499 163276
388 920838 572819
389 333232 793310
390 13710 904358
391 316942 549871
392 105690 867042
393 873820 37891
394 483444 795900
395 929444 790146
396 640897 437071
397 543309 1237
398 646128 263542
399 239089 313199
400 862189 126665
401 315295 689621
402 958030 872750
403 334940 169652
404 940476 34944
405 273812 673692
406 934271 937424
407 908196 57607
408 386351 99206
409 510446 373925
410 752407 378661
411 597698 585794
412 337413 864034
413 472844 617943
414 363784 692749
415 828335 751186
416 632342 298288
417 519497 340018
418 970087 379518
419 641674 48083
420 480690 774614
421 527444 109519
422 43492 550783
423 192447 55103
424 99657 679275
425 528392 28184
426 899757 546339
427 484863 111003
428 494322 17006
429 170123 618011
430 902662 955422
431 527977 892393
432 554254 499198
433 146247 824751
434 893931 357413
435 865160 331248
436 999548 831171
437 845532 724223
438 478903 51359
439 100930 226409
440 369711 455837
441 447820 745772
442 790086 872913
443 223208 739949
444 744034 20299
445 193771 145335
446 485586 284260
447 182922 149441
448 775065 696273
449 263986 319268
