NAME : portgen-461-4623164
COMMENT : portgen N=461, seed=4623164
TYPE : TSP
DIMENSION : 461
EDGE_WEIGHT_TYPE : EUC_2D
NODE_COORD_SECTION
1 92780 730941
2 944069 836371
3 671863 621740
4 699416 645763
5 125042 279228
6 956988 740031
7 36489 219336
8 561341 934984
9 789960 851526
10 934536 595739
11 635186 652122
12 108655 583749
13 603935 707971
14 27201 11196
15 7282 214110
16 479545 838006
17 980540 435789
18 207301 583630
19 778864 842308
20 101234 2545
21 548637 389834
22 936954 913272
23 682919 646130
24 512551 233580
25 604284 917515
26 457020 141572
27 912590 330507
28 105921 254773
29 750401 508279
30 629070 88232
31 842876 857108
32 544529 122496
33 730590 567153
34 803077 123217
35 536417 915211
36 422433 556380
37 247242 17020
38 138718 493613
39 739532 778147
40 477828 349162
41 957570 518922
42 382126 919050
43 371233 622437
44 293477 858043
45 705199 640147
46 780553 655647
47 305890 186022
48 580112 992257
49 142592 919933
50 774553 189306
51 906597 734403
52 755751 255122
53 959945 938098
54 759446 993540
55 959274 483483
56 961295 892357
57 803079 988922
58 307678 187229
59 551217 358506
60 542384 738332
61 424561 883143
62 348663 347110
63 8613 688030
64 800628 992120
65 57075 200620
66 734166 745991
67 818873 994344
68 387866 65212
69 715842 393203
70 611371 184004
71 71220 934970
72 315658 966866
73 215586 897410
74 306983 958780
75 177408 892082
76 191629 150472
77 862858 573932
78 455139 160606
79 915529 761407
80 867255 894733
81 222256 366242
82 382169 775269
83 412263 26325
84 576699 836213
85 773335 410268
86 880245 592436
87 181098 650301
88 546703 274088
89 20285 774730
90 891971 848007
91 772500 39221
92 124864 162342
93 978364 367923
94 363822 43604
95 582081 361541
96 488513 879628
97 619868 201102
98 303758 478783
99 753872 665356
100 420162 941497
101 877124 532252
102 66808 329401
103 119581 152408
104 25607 700516
105 595568 87215
106 796783 871924
107 179325 505714
108 406220 342627
109 746374 181066
110 471510 933479
111 272452 911342
112 416050 831838
113 533143 347992
114 525627 851696
115 530720 394295
116 248481 319769
117 179162 804755
118 51224 900576
119 859895 619150
120 756121 635737
121 621549 182756
122 572093 648601
123 89089 577170
124 463578 788030
125 667958 955765
126 953155 902175
127 134636 25867
128 693016 557355
129 353089 262053
130 278176 219005
131 292512 406457
132 944394 959830
133 465666 614026
134 299830 530724
135 416625 829049
136 879048 958344
137 513107 515744
138 980324 370276
139 776705 390183
140 138821 975787
141 994903 263574
142 573520 311714
143 101782 842023
144 375374 219331
145 339088 437197
146 600745 329171
147 202525 927072
148 756688 663205
149 669648 56349
150 668277 718812
151 800465 73395
152 649208 692170
153 960862 689581
154 328655 822921
155 924084 850992
156 181980 133758
157 922964 840978
158 618260 963341
159 203931 17321
160 203141 802461
161 944378 243481
162 862447 697812
163 28584 805653
164 309135 820936
165 554881 290743
166 41621 953783
167 466098 287829
168 793806 861145
169 340609 732541
170 693454 138441
171 638092 358053
172 16190 536627
173 492819 357263
174 466723 504712
175 898488 951035
176 354069 848711
177 501467 377533
178 677191 846681
179 607297 361379
180 898363 99717
181 348971 596114
182 129467 785643
183 212900 823927
184 117567 386337
185 348159 260997
186 496617 699219
187 118833 252106
188 448391 95666
189 742014 484913
190 20621 181902
191 198356 947756
192 922572 455163
193 941771 445507
194 824315 680454
195 74929 969879
196 743577 954271
197 384381 432456
198 641823 938873
199 239219 764083
200 88235 397152
201 615248 981810
202 484091 716585
203 752679 406312
204 926138 46303
205 435762 231683
206 22365 926842
207 286450 928484
208 356140 394699
209 211732 697011
210 143820 274027
211 584708 353484
212 298102 951006
213 645748 514807
214 215127 402247
215 499426 42079
216 169527 695711
217 49151 788937
218 159536 271513
219 661306 994088
220 99023 547071
221 233775 127304
222 536634 800901
223 385170 390092
224 656169 433375
225 786708 127015
226 723745 836971
227 264657 46156
228 227624 919537
229 932658 695153
230 557048 481165
231 745006 932050
232 947280 888690
233 997908 895061
234 390208 485548
235 543314 966047
236 738530 778356
237 910302 16805
238 550282 747736
239 88826 251946
240 723381 726211
241 582148 519974
242 845198 18260
243 297072 237477
244 748431 160461
245 791029 264475
246 881305 175758
247 450774 132975
248 808541 455418
249 217001 519829
250 250619 637434
251 301265 404223
252 709993 60496
253 544866 203770
254 991772 246396
255 749083 990147
256 171106 772197
257 904124 292573
258 599860 569248
259 481276 814305
260 80148 542490
261 678059 870379
262 234928 905879
263 664782 334306
264 68363 849805
265 471938 346511
266 755963 842430
267 502862 733234
268 555104 809950
269 615850 552625
270 418400 727824
271 756200 934125
272 80312 248538
273 586416 10926
274 940829 544894
275 468193 474234
276 387054 367195
277 47890 904107
278 881470 458835
279 901360 976759
280 505392 734915
281 587919 439147
282 827995 21258
283 233947 236980
284 691885 655585
285 706157 588933
286 628418 936382
287 346111 605914
288 155435 310863
289 822488 330820
290 24408 205946
291 432945 91604
292 344413 737022
293 758592 316816
294 14435 481603
295 499286 318124
296 118065 960264
297 846468 829467
298 99406 819818
299 588014 474398
300 93102 275552
301 188438 610008
302 520485 262246
303 41289 295450
304 22782 310868
305 145515 564654
306 444399 419757
307 477472 187267
308 616850 627654
309 592679 998527
310 921852 414128
311 648966 217487
312 562482 430604
313 400495 18409
314 415896 83865
315 564624 859985
316 288081 511619
317 185305 459753
318 761547 13188
319 614131 157145
320 120171 130937
321 724136 15907
322 559751 85158
323 669157 900577
324 397782 415863
325 428972 80997
326 403922 504148
327 909773 233117
328 987471 676818
329 424703 60732
330 500699 28100
331 681318 865636
332 190696 14578
333 840518 428492
334 860005 392314
335 518109 716272
336 229872 176815
337 569555 840854
338 10206 144818
339 307714 329365
340 443132 723676
341 593705 355164
342 583166 536524
343 178666 422444
344 320922 170727
345 619235 333055
346 153183 221817
347 639036 403898
348 901064 547321
349 446351 718896
350 74951 524339
351 592863 68416
352 972731 705295
353 487291 48757
354 920981 373248
355 54451 565027
356 355895 253976
357 441496 167644
358 874917 459501
359 226600 786798
360 113513 293196
361 982140 141108
362 317362 993770
363 123409 161455
364 204084 864260
365 353563 961448
366 223836 934465
367 274914 878105
368 367780 339729
369 913667 415522
370 661607 719165
371 195844 534124
372 57214 326038
373 350914 12074
374 904455 645265
375 280489 739609
376 343236 582091
377 365333 113503
378 300503 658398
379 793502 94626
380 337514 147561
381 135090 505459
382 711640 335285
383 369183 821771
384 196761 115457
385 816729 862842
386 555045 581334
387 506308 373904
388 949960 400048
389 775775 203859
390 693266 465010
391 367953 109458
392 526745 206001
393 826358 718376
394 222824 939628
395 508922 546009
396 142967 798209
397 598793 798765
398 164119 614509
399 27815 683310
400 376078 950865
401 236299 700596
402 951999 815478
403 371655 233778
404 55345 159331
405 287144 582127
406 435573 853874
407 585703 791505
408 4594 336880
409 906666 912875
410 171166 754673
411 793955 513451
412 739379 865863
413 626542 854449
414 629334 690829
415 2248 716181
416 344703 616443
417 916714 111139
418 29437 514079
419 523754 735240
420 201407 489478
421 811710 309949
422 768461 754248
423 752053 629516
424 58830 732929
425 172222 309669
426 985174 336985
427 681061 659897
428 606162 619856
429 783881 840860
430 786041 857576
431 710024 320105
432 957924 797666
433 770416 125624
434 85412 831454
435 39451 375078
436 278049 173736
437 740653 861497
438 769498 456969
439 832389 79481
440 259700 6686
441 70568 788474
442 904788 144671
443 6156 24597
444 658518 119048
445 340722 903812
446 428666 692299
447 695788 826329
448 211428 637973
449 569296 906964
450 984750 295084
451 797126 979348
452 473229 165535
453 239101 196700
454 432197 536390
455 653740 581564
456 961337 664833
457 500137 882228
458 428910 17725
459 624316 131595
460 586237 132442
461 556328 178448
