NAME : portgen-413-9850728
COMMENT : portgen N=413, seed=9850728
TYPE : TSP
DIMENSION : 413
EDGE_WEIGHT_TYPE : EUC_2D
NODE_COORD_SECTION
1 78468 562082
2 205665 514729
3 55253 893329
4 584119 834005
5 719195 616935
6 802045 348142
7 71817 22305
8 690995 69296
9 764797 660616
10 166038 356414
11 229785 305433
12 73060 971776
13 489833 781818
14 881391 919745
15 253294 841755
16 755247 376195
17 810907 563192
18 408552 91499
19 110774 212821
20 283472 417390
21 733144 88768
22 737519 595111
23 787218 971815
24 356362 566397
25 929519 694530
26 735845 966871
27 308310 879124
28 504326 702272
29 751175 642472
30 106177 963753
31 782554 371297
32 550532 301805
33 883790 713277
34 610622 476706
35 235087 719180
36 712933 198399
37 731096 471507
38 620569 262913
39 997122 193935
40 467449 787560
41 30642 238918
42 813568 289540
43 59201 383950
44 825663 509101
45 679401 695274
46 480877 634068
47 977734 564292
48 704456 534745
49 357671 266012
50 974541 524304
51 974692 162427
52 98948 141959
53 663888 496926
54 153302 18770
55 819923 120376
56 876609 242073
57 963070 410902
58 482876 148485
59 393562 986240
60 597348 349045
61 355606 344610
62 502164 710782
63 744487 550506
64 99450 589136
65 807619 123642
66 109611 978352
67 374012 347072
68 910950 788569
69 275847 402666
70 806663 910715
71 990387 839422
72 911752 330356
73 339668 136266
74 131903 266951
75 819804 153950
76 435294 768534
77 458392 850899
78 414693 996340
79 788414 751875
80 231009 875318
81 221079 750635
82 212106 909207
83 129989 37187
84 330320 632714
85 71233 346610
86 16582 126610
87 166436 443397
88 913750 587071
89 886217 651265
90 296089 748147
91 762091 347574
92 358127 932300
93 902562 358975
94 766245 464804
95 217083 873763
96 458248 643132
97 331433 460053
98 894133 863776
99 672986 468354
100 416605 752597
101 250048 480637
102 970862 71656
103 391859 87719
104 410407 526091
105 948336 55717
106 230094 323610
107 534792 357246
108 417070 577946
109 419202 752053
110 15074 266212
111 364201 861966
112 216108 318635
113 96561 535944
114 155748 94779
115 51538 826031
116 176663 360125
117 702929 240371
118 518053 438480
119 812782 881
120 515230 324615
121 939773 14191
122 449730 950870
123 509561 596282
124 427023 12797
125 363492 358188
126 708028 578206
127 416816 590574
128 575933 889922
129 777708 730490
130 553603 953378
131 274937 409526
132 10861 623720
133 115944 215902
134 873879 583922
135 847684 820788
136 150923 406404
137 388561 656885
138 558184 785994
139 445149 625534
140 742701 206638
141 758235 425257
142 541176 98159
143 551093 767137
144 349264 79208
145 124427 302150
146 564600 228859
147 153196 694441
148 173692 533368
149 625630 792844
150 392685 723566
151 151132 801489
152 270095 156853
153 599953 282770
154 37029 318657
155 39480 808796
156 540658 698500
157 606063 251452
158 388778 46077
159 256329 316420
160 450027 582576
161 590272 81035
162 191237 124117
163 669655 349433
164 136308 231707
165 56932 275414
166 748965 126491
167 586053 933905
168 665979 59735
169 819194 289723
170 709381 505015
171 510807 32843
172 629181 541851
173 711878 483565
174 37622 29079
175 24785 824259
176 397059 393923
177 735912 117271
178 974601 24640
179 215435 336190
180 490874 540217
181 463575 747306
182 609276 534464
183 297988 507815
184 69319 64212
185 539574 905212
186 8455 227250
187 291634 625768
188 185516 196349
189 345122 73965
190 149515 645015
191 133998 800118
192 740833 516714
193 811838 1659
194 517215 51589
195 635917 158164
196 990416 754982
197 750148 804168
198 496560 283556
199 741208 3412
200 356334 515528
201 138443 963656
202 879563 379770
203 690261 596941
204 653090 219198
205 305432 972942
206 507425 163846
207 700273 332710
208 549801 708593
209 997157 805107
210 37904 14431
211 766606 65906
212 707877 24046
213 766769 44798
214 347687 911864
215 935507 588575
216 543259 125924
217 768533 176573
218 137589 970151
219 99845 408122
220 966912 103244
221 4501 712107
222 13684 621485
223 391557 924510
224 47104 726102
225 37399 451761
226 935869 829344
227 67905 767759
228 972269 12519
229 195123 702990
230 242180 720109
231 497095 244967
232 252285 202187
233 968441 795318
234 150161 78787
235 941152 625291
236 661488 271054
237 767708 586142
238 78562 937262
239 998000 940118
240 51776 754249
241 849675 644697
242 669683 215397
243 91479 298291
244 873638 566345
245 208131 342271
246 819989 21058
247 466969 341620
248 441755 733447
249 944399 427542
250 542923 454294
251 926509 106986
252 674326 283149
253 602086 291172
254 159660 852507
255 676279 673977
256 138880 628777
257 494858 899909
258 900119 476037
259 777997 910665
260 760432 234994
261 850918 722618
262 535863 486858
263 698782 554502
264 596728 484558
265 984055 787389
266 777602 145492
267 263839 377798
268 615368 220897
269 149839 769774
270 315278 615442
271 520294 962973
272 805913 973137
273 491352 97371
274 485194 980111
275 642838 887253
276 136718 459841
277 443487 755533
278 676692 781016
279 843147 296527
280 667780 381189
281 141333 389885
282 537229 60836
283 153683 175907
284 822864 521720
285 408556 802748
286 990843 797886
287 267826 873178
288 98275 391077
289 279131 780330
290 810165 917765
291 711355 300201
292 816777 602866
293 646056 387717
294 608263 203002
295 224114 439461
296 398032 628118
297 361218 512529
298 624599 722407
299 695147 932734
300 874862 100274
301 818239 704864
302 169945 725073
303 175898 836517
304 643063 840621
305 109476 288975
306 172753 640145
307 72412 228319
308 983156 513214
309 28666 24699
310 436237 431275
311 480760 890130
312 646857 308281
313 984509 285979
314 627940 542752
315 697280 261758
316 748013 438510
317 670853 521190
318 745011 71210
319 227788 588457
320 619709 132842
321 359050 583563
322 766764 792838
323 958700 507902
324 981260 52936
325 528020 338620
326 94467 152394
327 235453 613104
328 352261 379728
329 34011 648755
330 980062 104687
331 608729 54606
332 220911 976634
333 929924 589190
334 873380 279573
335 269619 475254
336 531953 975730
337 496678 97617
338 336808 328365
339 654676 33753
340 956020 604780
341 251968 979184
342 562689 592593
343 653028 693407
344 217599 694218
345 591265 155820
346 197829 948214
347 318838 144455
348 600889 383320
349 86884 669147
350 456030 630334
351 853225 947507
352 96916 923240
353 86652 115282
354 589704 642860
355 960075 658853
356 162129 339792
357 57489 824241
358 906857 660514
359 735768 76455
360 375745 546604
361 502305 204232
362 823543 639284
363 622028 584445
364 878813 573438
365 10965 221526
366 738661 11816
367 73678 297166
368 442650 912175
369 921695 738448
370 685735 992514
371 957639 141143
372 318472 44661
373 653515 993596
374 124671 679553
375 522426 16443
376 504506 513446
377 658182 234504
378 891673 841409
379 873829 799749
380 480589 174476
381 193587 851256
382 957125 967560
383 701214 20986
384 21319 12828
385 170726 913260
386 535842 56215
387 554029 359302
388 42097 988858
389 546050 589038
390 747611 780619
391 710616 79064
392 92848 836488
393 27938 887404
394 54690 106117
395 595952 421664
396 890855 908866
397 567722 772474
398 456671 901423
399 587114 959170
400 2563 664656
401 447545 535632
402 931941 741807
403 305826 425442
404 420598 821693
405 206565 4268
406 786718 767712
407 203796 58924
408 283620 284720
409 283534 184651
410 510888 799790
411 433871 62149
412 10265 506069
413 465714 210
