NAME : portgen-401-2102028
COMMENT : portgen N=401, seed=2102028
TYPE : TSP
DIMENSION : 401
EDGE_WEIGHT_TYPE : EUC_2D
NODE_COORD_SECTION
1 526861 272820
2 423631 596295
3 545825 586290
4 513399 63859
5 925074 427486
6 336752 182401
7 401010 788373
8 714250 758669
9 658357 544140
10 539768 525348
11 974966 725095
12 621612 507098
13 125240 761357
14 828235 390618
15 350480 821517
16 931005 487572
17 105013 893823
18 908837 438269
19 544845 945766
20 720767 961849
21 285386 804674
22 382866 411009
23 990671 122081
24 287859 323925
25 915494 557207
26 441694 219150
27 560118 855182
28 507115 39288
29 167806 529807
30 687458 107556
31 41445 567633
32 343092 963225
33 142099 532078
34 799535 990000
35 797701 592169
36 470810 334431
37 628645 982561
38 83654 755815
39 164976 766429
40 999983 85952
41 593551 298427
42 703160 242924
43 780072 363372
44 144480 141788
45 751724 376758
46 638733 554845
47 148064 128598
48 491038 950954
49 176028 400305
50 327355 234855
51 957105 521429
52 323942 829542
53 963655 143266
54 515990 317194
55 75110 143742
56 894808 26018
57 778083 310699
58 468822 486600
59 419568 214494
60 472187 191144
61 356050 399229
62 662644 562846
63 635064 949381
64 10489 799103
65 18905 940387
66 239825 847782
67 691319 856240
68 191143 567532
69 520343 392460
70 774101 293472
71 943804 929985
72 669600 560579
73 20708 239504
74 892200 585218
75 493534 541656
76 940465 376925
77 381399 386968
78 995030 109322
79 830109 467701
80 638398 396122
81 622922 123529
82 543092 781638
83 199938 964822
84 356417 217504
85 289990 229317
86 594399 834350
87 720960 930530
88 250679 979125
89 17830 275676
90 567816 525741
91 119271 542788
92 160704 622782
93 317465 116296
94 304689 909681
95 656302 226321
96 211115 302839
97 102470 544784
98 699073 109453
99 209025 739070
100 309899 41583
101 221674 616524
102 17402 967792
103 422384 397676
104 216220 758617
105 69502 878733
106 804632 920428
107 811399 412077
108 185007 320083
109 21059 998308
110 82564 90485
111 755796 617347
112 907604 248407
113 7643 977875
114 816948 753167
115 508145 853003
116 762904 259212
117 206173 689082
118 721108 198843
119 731389 748627
120 437774 997381
121 95236 306381
122 827116 565817
123 470524 593767
124 395234 854063
125 537140 721197
126 292504 455858
127 230924 456896
128 278678 962461
129 410350 328319
130 246684 223540
131 666287 467592
132 320842 72120
133 783497 498251
134 93311 245581
135 941552 591239
136 924848 166996
137 461168 361367
138 797980 299938
139 386423 450708
140 969728 45182
141 567524 488628
142 506483 284605
143 186715 295311
144 938370 134052
145 905584 222857
146 105531 485807
147 807074 846535
148 72533 928240
149 845213 465749
150 767836 170586
151 207344 944526
152 884334 491957
153 153673 803876
154 949375 946319
155 270180 983367
156 24090 276297
157 422734 23827
158 118009 180479
159 660518 474306
160 999587 855257
161 653038 627562
162 477744 770966
163 383895 980322
164 282661 969210
165 207693 994103
166 350563 440104
167 180527 986360
168 21092 291226
169 65893 482655
170 166595 6236
171 634793 464063
172 134465 50327
173 569818 477969
174 8062 36108
175 462639 92210
176 645578 876002
177 258055 773733
178 820023 767240
179 763998 897974
180 470864 862446
181 737982 466719
182 779723 263944
183 348573 560026
184 141832 372407
185 454008 640040
186 172417 624409
187 11667 907377
188 209678 777035
189 369506 704011
190 950943 616654
191 216323 384687
192 498346 345246
193 256121 883844
194 660380 916583
195 637787 461066
196 149393 693486
197 28647 526555
198 833818 10384
199 452396 227087
200 840649 792783
201 108462 304050
202 85165 845985
203 875886 260891
204 377656 912809
205 517611 936178
206 106860 847415
207 260186 9798
208 713053 44495
209 438071 253167
210 430125 338189
211 107629 914744
212 531757 661225
213 531577 868366
214 539244 165681
215 31490 948786
216 399379 456697
217 186400 14764
218 509794 368908
219 124500 488547
220 632193 211625
221 445772 407212
222 486457 299597
223 353436 234648
224 161728 367422
225 994978 965452
226 471139 286715
227 195597 891862
228 393403 651765
229 117650 70400
230 336190 506978
231 136391 889108
232 280616 305986
233 490406 699647
234 360958 960589
235 656362 478404
236 882767 70649
237 258189 464673
238 867049 820914
239 719147 639895
240 267821 879812
241 750716 468843
242 829490 524511
243 812395 510270
244 176081 880413
245 524357 810147
246 7949 163911
247 832185 153788
248 328858 375122
249 149023 21784
250 432547 532522
251 515501 521833
252 99600 115165
253 214736 2295
254 457224 671085
255 79467 883132
256 475684 237236
257 546042 526043
258 499028 972479
259 56923 126827
260 977128 115283
261 550624 339174
262 528041 123839
263 962903 360933
264 971049 143023
265 249937 864753
266 363690 48062
267 560427 384689
268 404127 513479
269 922800 303447
270 25483 839915
271 453347 49253
272 903285 409074
273 259522 668775
274 635870 708345
275 190885 967924
276 404073 5999
277 771847 567794
278 168832 467438
279 961405 714910
280 711038 701256
281 79495 153777
282 645602 239551
283 429784 426430
284 333951 136968
285 266520 830252
286 336609 348577
287 935942 9203
288 711210 544625
289 567326 960247
290 955007 495464
291 399527 256138
292 431985 548680
293 785258 209912
294 402460 320876
295 954904 977696
296 179527 785832
297 36926 195230
298 503305 104769
299 113310 894082
300 697864 714897
301 101448 675622
302 753337 695420
303 568397 147934
304 574013 223166
305 782535 958919
306 64978 640529
307 760006 733341
308 521728 293662
309 116850 450371
310 736245 325015
311 313120 439869
312 439104 551622
313 728803 660986
314 595240 240522
315 440806 563275
316 970611 344159
317 177711 996088
318 430486 758998
319 496132 698644
320 26951 491595
321 93061 952088
322 584631 629889
323 664576 739658
324 346727 485303
325 466426 842318
326 509529 872788
327 453276 134589
328 744286 757288
329 497910 757248
330 264934 809398
331 651802 875369
332 196215 290939
333 865857 112889
334 55897 130116
335 68764 782070
336 946934 631547
337 983944 893926
338 815485 440331
339 986593 304515
340 807336 971514
341 163076 837991
342 975587 631407
343 911472 95241
344 147944 886772
345 130231 317596
346 703100 366015
347 629879 244880
348 544661 461514
349 968143 690704
350 814403 224245
351 753065 42212
352 677966 494911
353 679242 671537
354 897200 821868
355 223116 649044
356 609344 611138
357 627017 947338
358 106298 285786
359 245489 951334
360 746278 404342
361 144746 365192
362 315712 844519
363 29005 904722
364 953580 489032
365 214683 143947
366 543130 164724
367 81398 158291
368 362170 551937
369 210974 28249
370 525108 625686
371 849751 196609
372 140494 725888
373 172850 337907
374 50303 785360
375 215875 639938
376 507934 479110
377 476021 670456
378 681114 588341
379 960814 519675
380 132741 127305
381 460563 868950
382 296760 597430
383 799292 412735
384 470644 901128
385 774488 768390
386 235483 460129
387 735459 106339
388 896408 665635
389 889171 645256
390 163404 440663
391 943907 433905
392 356291 87378
393 683384 674179
394 867964 483968
395 358998 949434
396 81293 309846
397 253761 756718
398 390202 389622
399 461150 34154
400 829480 507214
401 448736 405046
