NAME : portgen-419-6136355
COMMENT : portgen N=419, seed=6136355
TYPE : TSP
DIMENSION : 419
EDGE_WEIGHT_TYPE : EUC_2D
NODE_COORD_SECTION
1 605040 97624
2 905393 95592
3 248342 89229
4 287906 111788
5 757039 186810
6 520339 517144
7 281923 309771
8 956435 658766
9 673229 200617
10 181782 981566
11 182402 716636
12 391684 8848
13 923547 354937
14 943133 324545
15 141036 257518
16 949669 175846
17 389443 408981
18 227579 536657
19 50657 868385
20 947303 561365
21 351636 57539
22 203892 184210
23 320997 761127
24 208670 208937
25 252677 511220
26 999655 437861
27 85988 144090
28 954215 429194
29 708181 496412
30 868012 711684
31 38571 419521
32 164484 195673
33 835174 462800
34 313251 97713
35 988774 195307
36 450095 464292
37 947940 670561
38 981911 744540
39 630648 247594
40 54632 494353
41 646756 446720
42 456533 429351
43 218946 530148
44 11361 193769
45 573807 764778
46 223406 952944
47 879611 751995
48 111270 887343
49 109599 533331
50 202299 576456
51 130479 961076
52 154304 758324
53 864463 552934
54 981328 656636
55 925143 424067
56 417832 514411
57 922605 103234
58 488278 85627
59 539909 412488
60 84403 947830
61 353201 779919
62 895413 412317
63 64828 489019
64 309987 189615
65 806097 428976
66 763212 974011
67 322450 630564
68 76520 132345
69 524115 353298
70 941072 133319
71 990238 598872
72 109365 625976
73 411576 443486
74 57530 467294
75 687167 622250
76 577356 919983
77 727233 773323
78 813244 156467
79 638625 523739
80 681803 732118
81 28819 628029
82 715564 791824
83 433828 818960
84 405046 296628
85 691657 44791
86 28096 72615
87 725321 462153
88 370474 433218
89 52685 122090
90 599072 908361
91 850394 786248
92 507812 73978
93 400156 135182
94 258447 530626
95 196735 257560
96 727298 227486
97 661641 896280
98 105222 917623
99 873550 647211
100 255502 978358
101 390801 935440
102 868221 778806
103 771856 791107
104 412170 653255
105 373166 678062
106 898019 107999
107 327003 424243
108 4819 801333
109 966388 819283
110 686602 516205
111 945410 757834
112 41125 713298
113 653990 92656
114 204393 946515
115 690297 579366
116 21047 399430
117 748923 921009
118 10341 742395
119 459244 83569
120 69158 598823
121 168793 439164
122 844024 680530
123 312150 969464
124 186360 948342
125 242290 12565
126 713230 927035
127 956914 676136
128 957310 991370
129 186516 947212
130 768464 29460
131 331863 328601
132 584096 774343
133 509268 458854
134 263975 646473
135 112093 35355
136 614973 18046
137 576993 674036
138 802974 18374
139 800920 364989
140 755987 662619
141 906140 257181
142 178050 660836
143 247502 692446
144 815333 974580
145 411740 551487
146 478419 812770
147 971476 33803
148 983850 150747
149 862171 169987
150 877555 293775
151 168544 821370
152 192354 579670
153 106425 456049
154 748984 296077
155 428633 264864
156 176036 211936
157 535471 216976
158 551041 519092
159 357124 550293
160 790493 358521
161 596682 93987
162 768917 818317
163 866811 793602
164 825691 997322
165 567610 346925
166 269390 504842
167 936355 491123
168 486583 694203
169 721709 961074
170 109795 728410
171 335321 265040
172 184086 53219
173 954804 384432
174 43853 153158
175 166992 190247
176 325056 864848
177 602376 530630
178 24384 663701
179 885014 701230
180 93086 412221
181 734339 787910
182 186281 700223
183 929542 910995
184 27849 482251
185 262171 166608
186 475239 203965
187 383300 600245
188 33464 731833
189 491610 238287
190 793932 203110
191 908587 124460
192 904236 155388
193 612586 481480
194 318560 236132
195 561581 575587
196 666354 239458
197 698902 943186
198 253170 131356
199 881740 583841
200 19754 222971
201 892821 805565
202 359226 963881
203 281660 200595
204 960612 446988
205 918043 542904
206 345140 648882
207 139649 517499
208 745867 494880
209 89007 243095
210 447052 798186
211 29255 444008
212 462496 39200
213 273787 669673
214 844739 419419
215 318585 832869
216 771221 44622
217 320243 251028
218 857969 259704
219 984811 386736
220 409521 117705
221 392472 75465
222 789079 763394
223 546331 222345
224 776962 659701
225 669399 583497
226 286616 462320
227 265255 186885
228 451749 848199
229 485322 108198
230 105912 21955
231 215784 573876
232 37466 800338
233 150432 269674
234 859803 376254
235 971167 523521
236 717918 429306
237 573695 863555
238 511569 566934
239 178752 275610
240 587450 425588
241 184351 736541
242 313506 296629
243 617085 197344
244 7155 519905
245 100595 588295
246 399901 608556
247 415568 885999
248 399787 963166
249 501769 925524
250 251824 979396
251 43593 501351
252 72250 243811
253 399146 550074
254 148813 968626
255 569800 254404
256 841043 965416
257 7602 517616
258 622054 607227
259 158307 151467
260 400550 187266
261 767904 934279
262 124429 991771
263 479928 216566
264 357055 329884
265 464409 961495
266 418120 210125
267 705810 333046
268 584544 218934
269 728939 795890
270 674575 9857
271 39037 855687
272 119354 913329
273 820390 465622
274 484126 423797
275 406070 183221
276 606110 171885
277 461114 290329
278 561275 833467
279 795541 739204
280 659266 180211
281 821135 352923
282 294051 559942
283 215367 985355
284 846062 94272
285 697226 156431
286 123101 734509
287 745396 217329
288 581155 596019
289 473164 834100
290 430495 646461
291 421025 617850
292 670617 284197
293 140360 65196
294 916074 145867
295 117678 599189
296 372872 634666
297 98663 518143
298 886756 304527
299 110291 902024
300 332174 224371
301 992458 650026
302 993302 759609
303 762195 988259
304 501267 176917
305 149969 496078
306 917393 649673
307 621525 60077
308 807339 186468
309 254260 775907
310 673186 910839
311 875064 944037
312 762098 472855
313 163973 473074
314 741207 985787
315 455134 592895
316 94751 296246
317 684131 934416
318 729067 771352
319 996324 610540
320 476857 953892
321 810936 140166
322 472681 206839
323 724124 428835
324 872568 625808
325 354170 413681
326 563320 124503
327 446890 739278
328 129619 696211
329 965895 58886
330 30541 990843
331 991934 890727
332 700059 196076
333 685142 777226
334 176991 414686
335 335952 378504
336 313899 628451
337 421737 259504
338 347519 750560
339 497146 22819
340 343235 467762
341 507179 682321
342 955245 464290
343 600960 204024
344 596186 488054
345 249274 951841
346 594360 581638
347 274588 98353
348 639992 182485
349 718429 213177
350 859319 973564
351 931688 849749
352 282573 886408
353 906502 880999
354 169258 982599
355 138318 925595
356 100024 477841
357 809612 78700
358 396482 410296
359 616138 601706
360 556084 502657
361 58797 963814
362 555366 362388
363 446815 464149
364 345878 535329
365 353002 466519
366 581301 514546
367 884500 417640
368 367737 29338
369 872708 876545
370 67808 190663
371 587885 994480
372 931970 746616
373 893044 630546
374 26271 912200
375 651537 175843
376 836606 183099
377 860174 392800
378 392262 417142
379 965249 864932
380 518670 877164
381 8290 292713
382 914791 947654
383 337709 105544
384 545871 62995
385 185655 765936
386 384025 703938
387 950168 380240
388 666050 875697
389 103639 162566
390 970125 29672
391 498900 480945
392 16659 475837
393 458229 288588
394 599754 936846
395 79931 262193
396 483467 809713
397 690889 301871
398 806638 883946
399 44311 551729
400 80566 17347
401 526906 863704
402 942074 621865
403 676942 355661
404 166440 384337
405 934570 103674
406 817388 28402
407 785001 256477
408 393697 198576
409 601823 612920
410 141016 453762
411 61232 994141
412 982428 168308
413 239030 520321
414 761864 328303
415 703297 310388
416 709257 719302
417 227996 866451
418 212284 470497
419 695943 760181
