NAME : portgen-540-7443712
COMMENT : portgen N=540, seed=7443712
TYPE : TSP
DIMENSION : 540
EDGE_WEIGHT_TYPE : EUC_2D
NODE_COORD_SECTION
1 200661 947603
2 79377 932184
3 474439 724633
4 116221 380614
5 341973 667755
6 678902 983700
7 648122 466629
8 870802 8764
9 470938 319225
10 246311 967208
11 381317 39498
12 377218 677732
13 141382 483653
14 164520 68089
15 872910 98979
16 695775 448009
17 141796 268321
18 382227 102802
19 635154 785767
20 4916 437125
21 420519 503354
22 559354 529041
23 692167 122908
24 854875 417734
25 200330 605601
26 869091 485295
27 140949 622093
28 977314 752652
29 805806 811055
30 549956 371636
31 89478 330454
32 375698 904847
33 247235 175547
34 424345 119080
35 774461 747893
36 153889 53203
37 118894 640710
38 98116 896021
39 898549 755124
40 700418 388730
41 677846 353464
42 518133 501274
43 9500 365321
44 72311 236948
45 21086 206680
46 678457 516073
47 11305 257022
48 283236 367315
49 384459 918644
50 430924 796146
51 224358 99750
52 717315 811600
53 927754 515627
54 967162 639675
55 612592 611992
56 680341 568857
57 789969 343276
58 693179 573404
59 319148 118676
60 621611 879919
61 791087 505701
62 688155 978315
63 523535 54138
64 335888 307294
65 712956 582489
66 928858 258874
67 142531 88426
68 708389 108989
69 563495 174856
70 808094 436095
71 46172 953635
72 615337 141167
73 415592 172755
74 827918 32990
75 733487 229097
76 31427 77165
77 205688 848435
78 867287 965484
79 957219 628888
80 103210 818765
81 952132 792306
82 831580 176497
83 565819 726705
84 953520 648801
85 927684 520424
86 745486 286158
87 385188 392514
88 848492 713922
89 300013 839720
90 111027 558050
91 96919 706999
92 204084 894190
93 630357 136552
94 427294 966034
95 522606 981683
96 155468 914693
97 247172 287670
98 690608 760014
99 568446 222823
100 292675 701670
101 872742 988197
102 921962 175436
103 132178 324427
104 873081 311497
105 218078 730735
106 538190 991184
107 106282 121526
108 663296 37438
109 545134 543910
110 485888 805805
111 158259 730697
112 356126 226014
113 647681 757289
114 364196 209752
115 260335 524064
116 840841 988515
117 621641 380291
118 19860 105735
119 600717 82557
120 230893 592918
121 591417 883383
122 480146 716801
123 823424 424770
124 558567 21158
125 639988 933319
126 395817 358693
127 962487 768610
128 860828 884226
129 366555 541670
130 155575 26443
131 723710 790523
132 80603 625159
133 139318 654806
134 511037 389480
135 298102 238525
136 478871 523975
137 903921 552568
138 409987 799565
139 768210 587515
140 365185 763455
141 390733 822525
142 54177 233892
143 800354 50317
144 907912 996482
145 240973 365054
146 594697 211236
147 784454 992368
148 114047 67441
149 979462 927578
150 306814 23858
151 656560 971051
152 655973 876533
153 542586 573292
154 304516 728594
155 968256 810511
156 976314 370073
157 300697 790520
158 431745 512473
159 6068 88235
160 511111 71876
161 675343 583459
162 82666 274244
163 581965 507819
164 868002 27387
165 9981 836694
166 495049 39615
167 619258 554673
168 787140 20659
169 521828 263656
170 802146 287880
171 44248 819676
172 485370 169097
173 689711 11237
174 128569 510210
175 410403 606228
176 199439 952075
177 917596 470119
178 528808 616945
179 351792 101299
180 89392 521926
181 51464 40859
182 926447 680375
183 766263 156637
184 884703 131599
185 100809 420507
186 383903 495858
187 677832 904883
188 872437 723268
189 665863 612547
190 745435 965019
191 156026 766703
192 937994 488055
193 785230 454189
194 113167 938882
195 788410 630503
196 135956 390228
197 162847 381639
198 903977 548390
199 141844 580486
200 296660 966443
201 345374 516022
202 764774 445383
203 450201 432735
204 14080 429540
205 684889 74618
206 503777 412909
207 312889 458889
208 385969 661236
209 878012 544808
210 776398 217872
211 14793 304216
212 834939 134366
213 75133 867880
214 731083 232449
215 454681 439701
216 709187 236322
217 927658 670816
218 461242 743116
219 453814 479104
220 102085 123993
221 576177 568359
222 162484 570537
223 615709 831740
224 555288 28481
225 306505 36096
226 817306 909395
227 125804 856959
228 257255 109051
229 588364 93957
230 984140 707085
231 978921 534975
232 327455 560895
233 498441 935418
234 250425 742351
235 843179 554229
236 105947 849530
237 238302 740302
238 400566 105398
239 178411 977980
240 877110 966081
241 279516 637125
242 248308 747596
243 460779 174212
244 908866 366762
245 172375 525823
246 492691 711462
247 635924 547855
248 18046 726646
249 330056 422182
250 169971 510311
251 653329 577308
252 151370 340424
253 756579 180180
254 661086 378208
255 396179 83042
256 200185 221601
257 921581 458317
258 214394 267459
259 899050 779599
260 542849 771794
261 605362 828243
262 572380 332868
263 900900 528639
264 698160 897878
265 983722 220385
266 444311 800203
267 581800 794068
268 765896 57915
269 715543 789991
270 533202 193320
271 275161 129267
272 823913 400581
273 920461 664447
274 139082 303056
275 646955 489407
276 28486 432178
277 438460 949585
278 66000 853126
279 995507 357302
280 574528 698664
281 464637 871095
282 845005 202859
283 807881 70917
284 397687 521000
285 537855 549946
286 128376 595993
287 132644 53442
288 743307 173184
289 389782 622794
290 266867 47774
291 533131 340857
292 323349 285057
293 755748 573215
294 955197 378941
295 986186 694978
296 660227 194543
297 252135 983256
298 64943 679167
299 996623 770471
300 657274 747277
301 274665 516287
302 36189 599181
303 956275 687628
304 108828 153402
305 193837 492785
306 897928 616565
307 371115 879549
308 38436 270093
309 618959 861748
310 137915 128713
311 74294 627215
312 863725 790577
313 275281 612088
314 559804 533462
315 97166 55678
316 64355 236380
317 428956 774082
318 149845 916565
319 969742 443800
320 246621 485654
321 954255 93448
322 241026 857473
323 620683 33012
324 330817 461558
325 707975 452854
326 119363 463160
327 673305 601595
328 682921 38284
329 87331 262106
330 449335 39710
331 717886 665028
332 906781 708183
333 538529 804479
334 375539 513642
335 258866 5424
336 939276 157401
337 153773 685060
338 9349 611134
339 953910 262130
340 107655 236996
341 524757 297697
342 84126 57456
343 337791 399327
344 329598 720773
345 235552 345366
346 541025 456099
347 184933 241196
348 546377 796853
349 939675 555965
350 848123 9549
351 79101 68687
352 353902 470979
353 928097 821666
354 379034 615849
355 263803 283594
356 708685 366558
357 26554 103969
358 498684 261786
359 480094 665584
360 161805 741675
361 864803 819574
362 665518 249317
363 926323 870589
364 803498 682794
365 756963 187683
366 232100 338061
367 998326 824061
368 528310 158199
369 271143 980157
370 558772 76005
371 919233 664014
372 558967 493876
373 480562 721451
374 790581 935616
375 314873 675788
376 993354 256881
377 799002 660440
378 777449 741040
379 70360 529841
380 942668 769898
381 550523 398876
382 57076 187798
383 364360 44671
384 807590 532677
385 623406 777232
386 471205 544478
387 350711 486016
388 748320 607922
389 20571 5077
390 471868 185282
391 800228 273657
392 740125 987064
393 637160 833223
394 280984 810527
395 459700 483638
396 350609 738465
397 356750 781539
398 604799 374755
399 313302 72951
400 745555 872640
401 700880 785503
402 463748 129590
403 875560 719696
404 516756 811937
405 23280 944225
406 460055 259833
407 70140 459030
408 419289 812057
409 42126 275537
410 582998 989605
411 731369 734639
412 787121 750765
413 76351 685701
414 80730 221120
415 610456 28624
416 91166 208633
417 981797 527642
418 725227 540395
419 203517 281095
420 567775 825103
421 791096 5447
422 227528 470095
423 752269 615969
424 951344 605984
425 705187 919098
426 294024 92181
427 462494 716931
428 781474 492246
429 803706 936105
430 404363 335164
431 516178 235660
432 244161 198176
433 153128 454608
434 32304 600044
435 706760 803319
436 860712 436141
437 570349 663900
438 695580 639187
439 272144 70189
440 969291 584104
441 881995 144624
442 816757 275291
443 512445 855505
444 964471 783620
445 374513 270619
446 508091 603473
447 574334 764456
448 964390 354955
449 435098 563628
450 774514 113081
451 343825 881155
452 636693 121082
453 37103 149400
454 275424 187203
455 204486 925969
456 527774 20085
457 561591 133744
458 827073 912705
459 661326 479705
460 233786 798173
461 19510 468675
462 825530 593679
463 459493 979557
464 799448 449266
465 626796 546180
466 363763 84940
467 865702 43322
468 56330 861909
469 583032 683013
470 448217 599739
471 194178 484766
472 549834 576340
473 251109 39415
474 777942 980655
475 304963 984832
476 555506 985831
477 936831 228333
478 749318 258885
479 15452 593370
480 64752 175193
481 566367 592410
482 738986 604747
483 731790 43008
484 470250 985251
485 882635 787657
486 134763 680671
487 174741 248953
488 242667 33678
489 531843 597196
490 844360 200608
491 964105 206077
492 384513 451603
493 979813 771352
494 345954 260955
495 311531 13321
496 391658 597781
497 800378 660559
498 464976 513507
499 310025 300880
500 333673 217430
501 507572 180746
502 136294 104355
503 20727 349428
504 601318 485228
505 248519 977966
506 912930 754497
507 281838 51430
508 783534 968585
509 792032 78426
510 139771 218283
511 732982 169370
512 651578 665204
513 280085 954017
514 544376 70386
515 228226 893238
516 432359 46614
517 348676 866394
518 287677 209608
519 924239 333082
520 668068 11227
521 979319 267528
522 121183 93248
523 280339 222288
524 946202 135173
525 380474 510958
526 969130 239639
527 72654 440434
528 785071 460957
529 832069 269900
530 816678 811119
531 425189 268236
532 817160 237292
533 998646 645402
534 633313 188589
535 771091 561245
536 22383 656858
537 697952 628812
538 249152 493343
539 96715 211144
540 880132 819128
