NAME : portgen-502-4326684
COMMENT : portgen N=502, seed=4326684
TYPE : TSP
DIMENSION : 502
EDGE_WEIGHT_TYPE : EUC_2D
NODE_COORD_SECTION
1 880974 508692
2 409391 645127
3 392087 88483
4 415259 98431
5 742222 305941
6 886379 337680
7 997672 234188
8 931348 964011
9 30984 467383
10 739652 278197
11 779699 504552
12 611851 308360
13 163916 149856
14 648902 135189
15 724485 185565
16 478152 103096
17 691035 817328
18 646103 267052
19 215509 742118
20 145271 309619
21 975892 517726
22 783663 540659
23 103730 270682
24 311571 577616
25 716600 776801
26 74887 643305
27 148469 787572
28 577309 777877
29 817656 592063
30 999023 125035
31 872973 673140
32 953160 432602
33 330049 368653
34 554017 457012
35 130458 660666
36 652440 453368
37 750783 962851
38 203309 136394
39 356082 824278
40 731050 386039
41 332199 56839
42 136165 599450
43 312592 805012
44 149936 258432
45 487279 277450
46 713035 758496
47 611660 484604
48 657179 522524
49 766943 820811
50 337349 967336
51 914600 487292
52 846565 330561
53 444601 18048
54 507139 549018
55 474980 772296
56 627941 559223
57 104783 721573
58 411999 114476
59 61479 468555
60 775423 807524
61 601709 733205
62 119662 163121
63 746066 165147
64 606802 420221
65 518249 185261
66 629254 807063
67 349297 958753
68 758097 772975
69 952055 414592
70 187450 198115
71 743533 681381
72 483009 679754
73 675740 979830
74 638834 448539
75 738538 492031
76 915721 346721
77 302562 152088
78 338082 107536
79 137995 887811
80 572463 671625
81 65992 92547
82 361568 276865
83 28763 946560
84 76214 425029
85 45832 432169
86 475642 612939
87 730016 283392
88 891803 254988
89 430643 967574
90 825038 638530
91 27152 718991
92 847758 846623
93 119269 536707
94 445495 72432
95 929990 811537
96 696760 527026
97 368760 755280
98 722472 130593
99 951364 199617
100 787951 420751
101 549187 671260
102 623500 100008
103 464879 196729
104 498962 455938
105 32818 801375
106 662040 65563
107 957821 760925
108 974865 538965
109 723787 606287
110 554392 898170
111 995195 876597
112 637077 625080
113 882982 804382
114 989439 630007
115 818512 695073
116 756025 974704
117 934755 23663
118 976489 961589
119 761170 86833
120 871758 580303
121 812919 839208
122 518039 31819
123 816342 820163
124 889948 743679
125 872297 918090
126 141154 321356
127 381104 92878
128 664726 574482
129 736504 599837
130 123519 503290
131 435559 412129
132 584179 452514
133 988455 822832
134 547523 926002
135 944583 154701
136 649016 980107
137 733989 636302
138 757016 673839
139 495493 544199
140 960354 308500
141 67877 389601
142 506488 315222
143 259513 343895
144 390525 482240
145 35207 153657
146 414065 835168
147 142249 717056
148 931286 832811
149 105218 881736
150 274802 142503
151 324670 345749
152 783325 563797
153 850212 751552
154 814867 65882
155 833364 320830
156 183956 254264
157 564629 969861
158 89225 600391
159 269880 867122
160 521227 155643
161 717613 665786
162 651199 802080
163 830031 303267
164 196782 170192
165 786089 5464
166 858971 429610
167 710834 639523
168 124544 813613
169 824972 536627
170 225996 659122
171 74015 523403
172 961012 879563
173 436043 748278
174 183968 340169
175 887025 628019
176 636029 935026
177 95647 269338
178 283531 895059
179 634914 143801
180 439253 36599
181 926580 278240
182 839885 174242
183 246815 660553
184 293251 685065
185 533817 340946
186 416422 929710
187 980097 893208
188 519614 782587
189 570139 381860
190 518548 934972
191 668353 52981
192 730939 749489
193 78883 580731
194 589724 536592
195 392708 463990
196 520361 139906
197 2809 885050
198 242699 144304
199 543305 67803
200 359949 653456
201 178139 802107
202 821620 952052
203 959665 583048
204 204087 346157
205 190454 702800
206 305334 98322
207 751093 975262
208 516237 786673
209 275430 954835
210 931543 102510
211 117247 225447
212 325116 880361
213 162807 614314
214 108089 28044
215 933542 936566
216 578500 223981
217 191406 815748
218 629637 570031
219 301887 755677
220 233252 292210
221 305300 634889
222 605049 290197
223 346743 294914
224 814790 122448
225 722243 628384
226 36215 515261
227 134260 423382
228 74956 954157
229 610701 5872
230 322415 389634
231 281160 448410
232 112905 898244
233 397499 670444
234 493272 460895
235 628518 221323
236 971883 152982
237 232591 303158
238 66295 601986
239 91186 901733
240 805404 208649
241 3613 102217
242 705629 543908
243 655406 130089
244 111076 293161
245 418248 959192
246 76758 840991
247 127158 11929
248 320326 152317
249 402298 301890
250 223902 744757
251 203727 913056
252 317043 513594
253 624771 933997
254 809631 590352
255 767976 944866
256 843081 317540
257 587623 363222
258 312875 440168
259 321251 100976
260 577918 245182
261 268146 191382
262 236993 883761
263 17595 58827
264 835939 718997
265 678386 132297
266 792354 500834
267 133757 860538
268 365567 686072
269 514593 342407
270 231032 215237
271 808838 10100
272 715243 173066
273 691046 885376
274 603998 243397
275 994333 261499
276 316377 683301
277 623503 91604
278 952402 702892
279 779299 456504
280 148027 938698
281 419404 467224
282 359319 552739
283 136028 832981
284 602297 414557
285 672175 427499
286 836170 77854
287 106642 316418
288 928804 584845
289 567878 145388
290 931358 314702
291 279527 379435
292 570970 739687
293 712893 325130
294 141515 581017
295 724509 532585
296 83775 100035
297 670231 803533
298 379066 730983
299 903457 398824
300 244261 106201
301 317498 458609
302 312038 679630
303 981971 936942
304 112331 883815
305 378711 627272
306 561377 198281
307 731994 615441
308 854923 319369
309 796992 555785
310 173673 405045
311 929524 203472
312 170296 565974
313 110001 377561
314 765816 427011
315 334447 991862
316 472513 684062
317 766676 304086
318 753325 81245
319 647440 955528
320 884764 393523
321 528137 585729
322 407344 319464
323 603061 880302
324 929738 104256
325 693532 1504
326 965166 476445
327 64377 252399
328 633687 633435
329 691932 7952
330 926305 900725
331 289502 156802
332 999051 985187
333 99135 975647
334 790937 412530
335 12379 974621
336 389630 692736
337 862253 172168
338 439878 453078
339 139095 917897
340 932287 476565
341 685628 757863
342 500705 433721
343 702359 315711
344 685010 781488
345 204950 777677
346 290308 234910
347 943148 910142
348 3893 835400
349 723476 235175
350 879586 149983
351 741206 11841
352 171968 216966
353 315875 207302
354 975740 630655
355 550039 317975
356 948425 910443
357 803001 148628
358 610417 54592
359 213653 88908
360 981294 263734
361 252171 555761
362 532944 862396
363 233414 377788
364 520767 645286
365 856292 232575
366 477337 508439
367 367857 614312
368 528140 775185
369 954862 352076
370 823304 647767
371 102057 596101
372 800194 941216
373 525505 734547
374 701966 80751
375 676728 626105
376 314632 78190
377 378883 647010
378 672645 232766
379 643984 557656
380 688826 540690
381 252440 623663
382 807351 902271
383 215918 352323
384 110248 861784
385 623123 875870
386 352626 132902
387 412180 355188
388 949101 173981
389 176878 885933
390 189751 647
391 733803 963111
392 956459 315602
393 980134 853674
394 701088 465585
395 398393 175817
396 664936 93077
397 728953 947433
398 295141 969155
399 183921 445005
400 992115 351524
401 557668 816032
402 891000 676080
403 892301 351521
404 121730 63280
405 666875 818970
406 531678 178398
407 159262 513009
408 875753 159362
409 894709 859917
410 607130 246763
411 168401 665242
412 869669 271598
413 318201 536593
414 241901 736100
415 462887 597579
416 52250 113597
417 219057 370780
418 468969 555405
419 803848 443450
420 439848 820772
421 958965 841170
422 858455 151630
423 7415 999693
424 223408 457355
425 629232 758548
426 727253 447821
427 982118 394535
428 299273 444071
429 596975 520219
430 207111 336896
431 547672 678279
432 623432 846103
433 860005 690508
434 319943 7632
435 505593 876059
436 935954 437354
437 230685 848581
438 519509 720580
439 683124 475133
440 972325 874130
441 939617 721682
442 528988 125990
443 49907 373971
444 490165 372953
445 510775 778460
446 235461 796216
447 937857 563788
448 884817 521611
449 610484 9873
450 632120 286834
451 316569 748274
452 485029 755102
453 818930 5571
454 918832 856127
455 344628 925302
456 953905 224021
457 9444 428650
458 101434 751456
459 740422 59643
460 961286 338394
461 80023 310070
462 375511 218758
463 559490 187679
464 952324 475583
465 29651 513938
466 801748 826996
467 130505 47023
468 920224 715595
469 712237 100338
470 24555 298450
471 633548 430522
472 411667 172380
473 698436 925391
474 420705 719098
475 4298 697137
476 569286 134901
477 980221 118182
478 485085 489572
479 617769 438006
480 834877 103334
481 293333 818493
482 831571 46177
483 291753 523383
484 812354 837063
485 730214 176043
486 330750 21324
487 55344 264148
488 769107 945122
489 329848 257328
490 733672 69918
491 569910 514317
492 640705 926316
493 220604 983254
494 995425 84327
495 755269 396841
496 903241 875174
497 370123 848512
498 967699 612224
499 375177 147519
500 403273 753314
501 595542 163376
502 985425 934380
