NAME : portgen-471-1398649
COMMENT : portgen N=471, seed=1398649
TYPE : TSP
DIMENSION : 471
EDGE_WEIGHT_TYPE : EUC_2D
NODE_COORD_SECTION
1 581206 350578
2 320902 532839
3 820457 854939
4 652437 714618
5 207070 478590
6 902733 952904
7 140270 830307
8 655070 72344
9 472942 736050
10 699374 229567
11 662610 915722
12 821024 756909
13 822643 217279
14 175412 530563
15 390539 420983
16 534639 862817
17 772190 981242
18 767300 508208
19 555389 17659
20 208772 27584
21 633953 580075
22 222016 530769
23 422217 786946
24 286342 370787
25 187153 5191
26 442594 799895
27 27068 41327
28 641214 718388
29 578387 339659
30 765539 312248
31 299550 634777
32 505846 179486
33 844637 322657
34 730887 609501
35 408089 868123
36 786002 102154
37 548896 694182
38 786972 862715
39 888653 779696
40 115695 104254
41 638891 835752
42 765024 78290
43 121433 899862
44 356970 592704
45 136605 444642
46 777320 945888
47 609569 340648
48 241581 531798
49 31179 527834
50 743796 559502
51 898293 506645
52 255091 82899
53 366300 606842
54 34870 948778
55 919893 741351
56 361417 985683
57 203054 320896
58 534928 353662
59 25207 165198
60 937904 312839
61 291477 203053
62 865705 848587
63 969830 279357
64 847063 465997
65 327882 180130
66 827844 939875
67 859802 374343
68 742836 653208
69 632697 444128
70 543361 767771
71 874654 191772
72 654799 823765
73 153164 574266
74 80182 760982
75 370817 962223
76 684735 565182
77 199952 563666
78 731657 958417
79 646842 880747
80 340062 713091
81 974144 590742
82 405416 152122
83 866697 169645
84 330884 379288
85 167731 960661
86 273479 264225
87 794380 975681
88 628103 726295
89 3101 302039
90 116929 11412
91 632515 966315
92 125934 614790
93 205985 237102
94 534458 707680
95 507646 573191
96 322324 253408
97 276396 582700
98 494292 610429
99 397391 679118
100 195662 426869
101 571165 778143
102 644052 359404
103 329708 718419
104 439247 585162
105 357680 494555
106 423958 939161
107 373101 766871
108 390767 720735
109 314346 822716
110 657830 256267
111 772254 651766
112 183626 740862
113 389495 495335
114 620172 434976
115 645973 909684
116 287047 417939
117 944358 622374
118 587453 693353
119 593214 359063
120 224022 485250
121 922755 711742
122 49850 251378
123 800936 670557
124 69782 535534
125 193204 998956
126 990256 962415
127 33144 285977
128 139821 153226
129 833785 21678
130 771951 636354
131 125205 80184
132 361139 872430
133 571799 712216
134 889311 121722
135 965934 720210
136 650953 778812
137 629512 658873
138 266011 809839
139 618621 897648
140 601041 236268
141 661550 598494
142 663025 9618
143 784478 206863
144 56799 71928
145 50574 875237
146 804042 471491
147 393129 503812
148 834296 143943
149 82230 390976
150 985367 991097
151 51936 172133
152 934492 956935
153 337406 391761
154 299390 23526
155 501499 932957
156 96427 761856
157 971103 896713
158 832312 653713
159 687054 857327
160 38133 427855
161 629986 498334
162 136355 974837
163 668273 478820
164 844319 672576
165 321466 874249
166 510449 595094
167 396149 668083
168 139841 899693
169 627390 766311
170 177306 130764
171 519808 199471
172 33795 622718
173 245251 305707
174 335136 418292
175 835538 355476
176 299624 409653
177 69510 111117
178 480648 456841
179 775984 266409
180 817094 437712
181 764371 533078
182 846220 370735
183 413148 896955
184 728061 348385
185 651462 526604
186 318576 268762
187 21788 682657
188 128231 220332
189 428824 25237
190 494188 211431
191 702836 577910
192 855482 883753
193 109878 977370
194 748874 25413
195 254935 242885
196 171632 279005
197 114848 650702
198 812187 251045
199 177683 351137
200 494487 24918
201 876883 309899
202 924103 624107
203 652639 721714
204 554171 185756
205 1239 503277
206 707967 750570
207 11473 574208
208 266080 485366
209 418229 195518
210 558547 162102
211 719272 376923
212 853897 626543
213 649720 8677
214 344659 397681
215 30017 406516
216 666161 243067
217 23997 990911
218 503464 952266
219 566436 281274
220 617673 624511
221 559140 553356
222 466866 92833
223 523613 794708
224 425107 488304
225 981 803510
226 906386 780001
227 321120 87970
228 358757 633815
229 285901 933192
230 120643 700373
231 155278 272896
232 568083 376727
233 944137 154610
234 283703 918640
235 50594 471372
236 60259 929925
237 194536 755036
238 255716 939270
239 55803 765927
240 267786 15904
241 722775 411467
242 277038 329643
243 251238 393264
244 674984 647270
245 46773 348853
246 668562 647795
247 230679 146300
248 564252 629215
249 358820 711829
250 837116 584342
251 738904 659180
252 220518 985077
253 80735 494918
254 502963 991476
255 836732 965492
256 958831 638631
257 886418 771789
258 31810 507482
259 42217 421783
260 812474 314921
261 795790 571873
262 81523 466252
263 732468 401078
264 709406 209459
265 674301 760797
266 436307 64327
267 929194 302293
268 57073 84143
269 525049 505248
270 297833 743756
271 351047 253201
272 834795 731852
273 553062 96689
274 566272 764426
275 413831 163173
276 919809 149360
277 37528 76319
278 148034 674576
279 729985 918225
280 928003 996591
281 969868 997714
282 693642 92976
283 614445 705629
284 803836 154565
285 218727 935121
286 941209 277790
287 7951 649301
288 395112 646429
289 534345 5204
290 318218 57892
291 671093 791180
292 281455 677710
293 790929 438592
294 370684 836218
295 687847 351444
296 280307 370484
297 286520 362711
298 802546 73257
299 245250 185494
300 336739 906632
301 562343 561067
302 446208 355939
303 492080 128628
304 867904 359817
305 285390 709441
306 303891 893766
307 230377 576559
308 716283 599384
309 711194 330931
310 290430 541188
311 460379 618341
312 817825 312095
313 372778 380142
314 831581 652012
315 157220 266483
316 778525 174528
317 719814 608776
318 754001 777326
319 560803 704896
320 961427 191544
321 727398 39753
322 545788 146659
323 891064 661965
324 552658 974425
325 989933 422404
326 241675 593237
327 28273 70256
328 128107 387815
329 841253 837432
330 601937 714753
331 567825 163008
332 398390 93845
333 982042 264137
334 347978 83717
335 685494 54317
336 46726 736768
337 340998 868025
338 299512 867141
339 590068 747569
340 183987 984963
341 538888 994148
342 50074 442467
343 698658 615516
344 776137 625968
345 626733 489863
346 429348 477085
347 19401 907109
348 144818 990630
349 698755 677762
350 847147 23922
351 71897 805088
352 790437 4969
353 883515 247527
354 543163 585805
355 371597 512590
356 611677 215284
357 210699 112074
358 285404 90739
359 143607 491280
360 949027 991412
361 565382 670215
362 236569 661571
363 982420 241637
364 946330 336028
365 984510 51984
366 323978 4263
367 375972 671396
368 373286 323603
369 783449 938000
370 157063 607919
371 471909 284857
372 676941 635320
373 924481 759132
374 240516 357829
375 924688 903180
376 44299 362726
377 693252 795162
378 699944 67634
379 429116 119040
380 631683 559912
381 464077 605162
382 428742 763677
383 40681 326820
384 538343 575378
385 187593 526271
386 850223 785777
387 566592 45846
388 947113 202655
389 976963 441406
390 961627 914786
391 812521 827290
392 704344 424597
393 587907 718815
394 575520 612294
395 630715 46465
396 785259 208071
397 750406 630791
398 757696 686131
399 718264 631094
400 688207 721825
401 782169 799109
402 396202 9902
403 90658 217009
404 658382 268654
405 207255 981128
406 492113 816821
407 488325 585218
408 774652 256005
409 854755 797950
410 5981 354549
411 608555 907248
412 887171 465768
413 744101 51113
414 389575 556689
415 955187 730104
416 544273 708308
417 234151 980498
418 422672 995700
419 338964 119126
420 649945 331901
421 864059 777570
422 606313 276165
423 437910 878010
424 320900 284638
425 886690 706582
426 296556 161575
427 675906 958103
428 177551 73860
429 564958 415703
430 587229 94958
431 878044 539255
432 618709 875353
433 117068 714542
434 210508 212159
435 147307 896641
436 935105 570117
437 911260 299399
438 57992 446979
439 231342 929068
440 288216 670241
441 486155 973872
442 969460 860229
443 852059 5017
444 89599 358797
445 863430 708130
446 785192 126805
447 971819 753303
448 396796 293942
449 866310 306913
450 218172 990930
451 646668 391832
452 996422 216448
453 220426 322684
454 192115 815677
455 106043 172534
456 984261 206160
457 552273 879099
458 309766 751239
459 567436 865405
460 478557 823126
461 848231 903594
462 993986 156376
463 249973 543273
464 573694 694811
465 78973 735308
466 254864 415664
467 823024 115682
468 685980 279995
469 421598 90360
470 550462 100820
471 437581 224193
