NAME : portgen-599-7341903
COMMENT : portgen N=599, seed=7341903
TYPE : TSP
DIMENSION : 599
EDGE_WEIGHT_TYPE : EUC_2D
NODE_COORD_SECTION
1 568336 651806
2 898822 323960
3 267738 110732
4 578856 963809
5 682230 927272
6 791113 147087
7 890827 504938
8 976371 608556
9 816207 43681
10 874637 336611
11 39128 683188
12 511372 316021
13 206305 645475
14 996832 178419
15 388219 975433
16 527579 124353
17 138834 163883
18 79465 363459
19 35463 555079
20 10590 81495
21 498128 296613
22 39443 637240
23 877095 112476
24 536484 757966
25 939894 850231
26 676487 824279
27 803366 196066
28 762643 443982
29 512971 734939
30 244494 904279
31 75269 23777
32 953218 600734
33 429143 494499
34 107644 253587
35 627843 863894
36 72071 58241
37 103787 24406
38 660124 214848
39 879821 315306
40 553377 762322
41 132503 261892
42 933925 483940
43 900163 503802
44 171134 538099
45 734739 584966
46 255814 781876
47 927236 146695
48 9423 439887
49 192826 15036
50 977116 662246
51 232655 221178
52 204588 177572
53 717728 414594
54 890354 319426
55 295902 258841
56 272848 974871
57 199 659528
58 648464 293393
59 96541 806523
60 591311 989256
61 301673 92607
62 276470 965596
63 631239 850893
64 853653 926215
65 306678 245530
66 324493 560394
67 19403 294536
68 489473 157632
69 261693 274396
70 835475 606770
71 407261 364611
72 946788 745482
73 283292 163207
74 505405 961639
75 515455 158530
76 586234 266611
77 708358 731586
78 337753 672260
79 201775 910051
80 688098 560095
81 152900 615958
82 483950 689132
83 851580 908236
84 28082 254717
85 376235 485257
86 787988 134901
87 291067 432780
88 403022 35061
89 384248 544884
90 627843 958979
91 649117 943601
92 238117 746582
93 92629 708535
94 76444 330271
95 442956 581237
96 129549 6976
97 898160 350218
98 818782 272359
99 73544 514007
100 342460 248231
101 778958 960520
102 333795 556476
103 509412 642632
104 28494 961776
105 638956 629217
106 595816 871503
107 467095 106860
108 430546 145924
109 717798 133731
110 870349 579220
111 834692 514074
112 912256 128004
113 706298 827467
114 801106 734590
115 923368 760390
116 6567 422472
117 905928 998626
118 363163 777614
119 476506 131256
120 316035 946704
121 990737 942712
122 459921 863735
123 746545 615474
124 94719 770155
125 643920 991314
126 471252 338953
127 590639 582069
128 241663 356486
129 54592 335169
130 193313 731798
131 166126 897237
132 645740 692252
133 638480 653103
134 411581 603359
135 360315 815071
136 51205 947642
137 489811 879035
138 107967 495739
139 923434 330187
140 886341 349812
141 772875 465937
142 541277 191569
143 594264 109329
144 776731 213675
145 360145 710059
146 366032 873146
147 770940 500964
148 895498 43094
149 452900 580886
150 755767 250806
151 692039 764532
152 883814 294107
153 218439 5315
154 797675 399070
155 987805 132333
156 579755 840916
157 975023 483253
158 365766 292979
159 126296 144776
160 796753 595385
161 200202 830695
162 847592 109509
163 123032 286673
164 63828 195703
165 660595 102652
166 698063 524364
167 342381 754007
168 770057 931958
169 490913 58024
170 825803 301284
171 983033 631954
172 416922 764760
173 509856 535336
174 25554 661431
175 377931 608825
176 979265 257197
177 920290 653115
178 552742 167674
179 422150 129806
180 524050 286480
181 514402 739650
182 573266 686520
183 149300 947800
184 423994 210263
185 973396 830429
186 267424 464865
187 766844 187928
188 616120 943005
189 910404 194476
190 556766 955357
191 864522 934022
192 671652 374115
193 588249 958412
194 951097 655860
195 604707 822256
196 507963 280650
197 84628 995374
198 33860 518168
199 865109 228994
200 148639 566851
201 624932 831078
202 104664 422574
203 744302 45243
204 585544 546175
205 64865 594329
206 216576 766290
207 525098 701794
208 778516 233752
209 655022 577892
210 652660 631131
211 82690 195000
212 61623 406545
213 205496 436346
214 360200 344270
215 443625 570876
216 357461 364228
217 129610 962437
218 738780 98232
219 408923 969858
220 595598 354497
221 303390 373205
222 3199 973575
223 739565 312963
224 219026 678082
225 789877 597513
226 157967 520839
227 785368 577763
228 209390 260703
229 701467 142227
230 683794 646070
231 636319 615686
232 950577 710368
233 290939 843371
234 763090 551523
235 962228 465553
236 14725 976939
237 788015 55147
238 473164 561851
239 409631 483860
240 197155 944793
241 734879 217972
242 660476 797555
243 934557 741775
244 413651 419242
245 671497 895408
246 335142 857400
247 7629 130044
248 339772 326450
249 585189 948052
250 500411 177714
251 903331 735166
252 480927 845083
253 862634 939995
254 860363 987813
255 643206 467615
256 847052 282225
257 470730 788385
258 310928 778918
259 608056 820532
260 370596 964489
261 258182 815038
262 51111 784514
263 562221 279558
264 496012 942931
265 192513 533168
266 701488 421818
267 840653 729539
268 97741 452653
269 747242 872090
270 486627 155638
271 133718 593119
272 48646 707007
273 637226 520103
274 806289 223115
275 567823 60213
276 830437 642257
277 755539 967242
278 476225 481513
279 894512 751387
280 747342 409980
281 192752 988272
282 501186 487568
283 333896 253932
284 233579 763722
285 151159 790824
286 972629 384941
287 252709 310382
288 134051 615924
289 59498 83868
290 308289 80708
291 385046 744624
292 195589 782532
293 340416 713216
294 920631 353085
295 395643 843808
296 219074 983520
297 720931 695802
298 183008 748777
299 340410 738263
300 572955 21301
301 460604 722420
302 914825 487115
303 675167 85813
304 446668 973006
305 626826 763009
306 560881 541427
307 355744 903534
308 190905 209232
309 267340 805383
310 304559 585119
311 913522 495315
312 190766 129858
313 330219 250209
314 470115 765593
315 635215 48238
316 169256 86492
317 457042 545279
318 519826 843619
319 388880 292054
320 591627 131184
321 445875 115248
322 48526 810524
323 930285 723759
324 792754 591073
325 365583 932799
326 278661 574816
327 103047 524717
328 852044 374112
329 265378 369546
330 967288 831548
331 696932 154613
332 381379 495642
333 317133 445633
334 492900 545219
335 973249 467146
336 416478 676267
337 439800 371760
338 306457 338706
339 392267 666049
340 277813 956106
341 984831 100569
342 798305 803667
343 351306 14642
344 705113 961400
345 228146 74193
346 350718 843660
347 318805 124481
348 714706 769607
349 675447 676765
350 504067 591578
351 331491 126705
352 313259 409476
353 947968 178092
354 776510 299380
355 173411 837401
356 668999 303978
357 141399 893095
358 480829 853272
359 835808 256898
360 780936 547525
361 770185 816134
362 41152 381670
363 135654 289772
364 363008 30323
365 423791 128364
366 562195 92887
367 492637 440411
368 287107 680852
369 959169 905210
370 322837 498033
371 178834 448214
372 180463 680620
373 304007 534583
374 802507 937135
375 988826 424933
376 406599 645124
377 252974 375702
378 29382 238604
379 634067 872847
380 122369 267115
381 218923 871300
382 976542 675377
383 658566 220784
384 123514 460779
385 589087 946246
386 50764 898672
387 268071 356003
388 140926 125060
389 563160 665450
390 352287 897049
391 655705 490160
392 907953 156676
393 909441 690895
394 116344 817260
395 781844 66322
396 557338 498389
397 316122 376591
398 447269 280162
399 180143 824460
400 539694 178946
401 971422 137057
402 584848 91776
403 769227 916439
404 737170 96297
405 466261 338487
406 122260 816806
407 91003 56047
408 709777 720533
409 555178 599951
410 228108 378404
411 40641 299053
412 921085 410141
413 974824 913707
414 313824 176294
415 586775 224486
416 387890 466862
417 199189 13799
418 774789 838899
419 399157 851906
420 446899 188907
421 135716 516392
422 589152 403439
423 25681 258284
424 577304 905981
425 401766 533561
426 966337 3848
427 237684 315207
428 791056 504559
429 937867 571048
430 316987 930328
431 517282 885264
432 649398 277353
433 202771 605867
434 227654 687563
435 30366 451492
436 143229 649197
437 198184 694546
438 412067 36792
439 61369 605877
440 619084 470264
441 975839 742776
442 859307 656447
443 707204 502626
444 817463 921835
445 811028 168922
446 611244 711594
447 821540 995406
448 45677 486519
449 318207 894605
450 991372 988888
451 196915 971426
452 286896 931502
453 557721 223561
454 144541 581237
455 608003 288430
456 687095 16032
457 760020 148064
458 319083 805688
459 63723 653992
460 231676 716251
461 287659 333048
462 696190 41477
463 254577 171803
464 362300 266682
465 136825 188505
466 892251 480131
467 997874 330653
468 783168 959807
469 982756 711242
470 337363 901515
471 438902 163471
472 690159 94776
473 881263 278196
474 15403 780062
475 740829 873874
476 124219 51525
477 757780 802866
478 96636 716783
479 973551 956242
480 148333 597914
481 240805 433298
482 243873 706487
483 849527 523623
484 325873 665243
485 266801 40886
486 790284 283660
487 913162 357801
488 592032 236133
489 575267 893323
490 944840 537793
491 198251 406057
492 118349 538910
493 947700 458953
494 236257 291387
495 481126 259545
496 633933 317513
497 444441 296476
498 111231 155241
499 250309 332357
500 502744 645129
501 702928 122079
502 835221 203035
503 675622 718162
504 933176 218869
505 855166 637683
506 480525 682164
507 475116 888788
508 963980 923292
509 988856 947396
510 595256 694286
511 273314 993516
512 162498 621672
513 337958 668205
514 448438 710126
515 682179 873869
516 302957 356398
517 38157 307157
518 57267 516087
519 930940 229560
520 574930 24408
521 470096 288861
522 696130 786839
523 986230 640417
524 155014 822769
525 958518 443026
526 706803 540182
527 650177 628874
528 342171 346530
529 83922 528064
530 145768 159534
531 787221 703615
532 643938 830757
533 167586 191664
534 986034 688276
535 902557 323562
536 768277 166087
537 988878 152230
538 987483 733132
539 343338 533623
540 279500 991428
541 584283 920374
542 564358 522644
543 86648 599341
544 712459 207400
545 139570 865603
546 530053 242663
547 327003 251367
548 256130 304009
549 299982 543900
550 799356 253098
551 297079 621391
552 543269 967089
553 858742 786428
554 975823 127533
555 542226 742830
556 634070 876522
557 388493 280165
558 629481 544557
559 376612 392571
560 574626 863577
561 891682 442134
562 888920 649459
563 26483 146885
564 622818 21788
565 293487 201054
566 757308 215804
567 991396 536670
568 357357 707760
569 531880 284193
570 893162 542090
571 222729 319888
572 632773 275993
573 973920 87919
574 353743 677544
575 224884 109245
576 681190 278193
577 250412 598302
578 495790 81274
579 629995 6598
580 609732 150982
581 254547 691630
582 234370 135
583 520100 314182
584 243748 112500
585 306244 541562
586 190814 699068
587 167686 465381
588 182386 613488
589 191721 290617
590 153668 945208
591 516890 616219
592 412056 142505
593 946506 65677
594 981434 991260
595 16569 43175
596 464012 419380
597 977949 351600
598 351276 523661
599 152201 167391
