NAME : portgen-486-211843
COMMENT : portgen N=486, seed=211843
TYPE : TSP
DIMENSION : 486
EDGE_WEIGHT_TYPE : EUC_2D
NODE_COORD_SECTION
1 512113 621488
2 367371 231455
3 847490 255577
4 499876 689487
5 749509 737128
6 159339 951498
7 295889 200620
8 818767 50367
9 589735 630006
10 159333 101483
11 763121 597226
12 592246 182856
13 499744 168971
14 570060 554354
15 886071 727384
16 371381 568180
17 234003 731309
18 730787 940153
19 293716 444733
20 873806 565889
21 72237 81601
22 211611 73595
23 170366 446319
24 722480 744195
25 644827 760977
26 917152 965145
27 207615 294497
28 799904 943933
29 387485 636062
30 500668 907337
31 961860 55143
32 815680 183619
33 664891 77737
34 739887 222293
35 30253 372447
36 327886 845539
37 985178 398355
38 184331 797976
39 389611 297749
40 382951 555811
41 781486 933998
42 53686 978733
43 765523 316238
44 752500 50383
45 66418 653049
46 200266 71423
47 414479 501358
48 238002 226697
49 96422 813255
50 889264 372390
51 56708 424731
52 361243 89015
53 979491 983153
54 911458 228882
55 528973 483666
56 191432 337101
57 569643 847618
58 707071 890437
59 640664 314322
60 945617 438193
61 981315 926631
62 333028 657863
63 315739 903155
64 484295 896162
65 418864 201177
66 886517 160728
67 768775 899285
68 364378 444384
69 364354 206068
70 271661 875086
71 675574 438177
72 104766 628224
73 671734 273634
74 738394 756616
75 185619 334847
76 742401 200259
77 394390 688087
78 485872 895979
79 655955 461958
80 724637 535106
81 618798 705389
82 957220 653887
83 808091 753254
84 232335 941419
85 175884 433436
86 152042 884047
87 128703 610769
88 695792 781056
89 532240 644941
90 171990 419759
91 247200 22337
92 171525 883758
93 582378 181128
94 203508 114887
95 91193 611123
96 212049 422935
97 30184 838225
98 723043 791526
99 309474 493996
100 932432 890677
101 741394 93453
102 584626 765859
103 87646 720063
104 28733 510632
105 105709 304744
106 692471 541067
107 370764 113513
108 323056 195863
109 675204 118995
110 930844 16565
111 443780 738338
112 8986 285206
113 692042 58589
114 299421 362843
115 523123 975728
116 752322 21608
117 539232 867245
118 727288 706132
119 651573 58012
120 560701 386515
121 505923 84512
122 184043 74628
123 167343 473710
124 413949 744978
125 146182 664454
126 492104 946630
127 970873 956704
128 138355 719786
129 554221 717380
130 38570 381514
131 68489 970720
132 949930 719193
133 798820 607958
134 357023 296135
135 946169 849346
136 781913 930226
137 972812 266389
138 524460 497149
139 767465 52282
140 146850 972256
141 504368 582041
142 324272 141609
143 907238 781601
144 71677 820038
145 68424 119330
146 349109 355438
147 111843 711355
148 604601 575697
149 111700 917654
150 550168 670194
151 706245 361667
152 598127 173926
153 160086 910063
154 622357 829264
155 49465 356753
156 648109 734183
157 648955 919240
158 32404 713051
159 858877 238575
160 114592 223123
161 496258 439369
162 745967 275974
163 143101 420246
164 332098 798886
165 106303 614397
166 874791 938201
167 2816 790097
168 324147 770185
169 933085 405032
170 109204 194186
171 922724 833101
172 705445 845301
173 623071 909739
174 609471 835868
175 568253 184355
176 243598 312813
177 811350 935771
178 795403 768044
179 358850 808030
180 849779 389900
181 976977 217325
182 720060 855278
183 434028 815007
184 28737 803654
185 296168 122664
186 103580 23008
187 670321 930236
188 979524 183444
189 628019 810195
190 480571 375057
191 61395 524068
192 949107 716402
193 637419 657465
194 218141 147537
195 356069 509139
196 741448 129431
197 108863 986539
198 90606 899716
199 162779 775209
200 865776 439627
201 281720 799275
202 355296 193196
203 122959 719530
204 363706 94947
205 298351 137937
206 549903 211313
207 451961 340639
208 648452 847545
209 108462 733520
210 764672 534312
211 652228 253527
212 937878 856541
213 840944 304305
214 667711 477124
215 807276 259994
216 819738 533071
217 511844 342634
218 825154 850082
219 72107 608468
220 67949 789873
221 549003 484620
222 382865 821756
223 856911 487920
224 191553 252321
225 145595 786301
226 232004 685654
227 967932 605781
228 619888 748649
229 287430 12662
230 368042 272877
231 647422 755238
232 26997 508477
233 588933 65282
234 828447 630204
235 483728 160532
236 655992 856140
237 587925 978370
238 302307 966573
239 285595 332096
240 236653 92295
241 16874 655049
242 109082 534399
243 612571 64500
244 506074 3366
245 753700 759871
246 21634 441902
247 124739 907417
248 133881 692863
249 896694 404495
250 519448 890337
251 202324 859456
252 15668 53300
253 769427 576955
254 576572 433533
255 993209 555387
256 242575 284064
257 258961 608171
258 251243 205519
259 630498 119580
260 374596 896070
261 168588 423952
262 110755 593390
263 958208 796535
264 840471 534625
265 208943 725352
266 390001 852062
267 338886 681265
268 849719 732810
269 396087 500910
270 283156 407051
271 434002 386493
272 628770 857630
273 591282 597682
274 331147 531348
275 949208 337345
276 852392 362068
277 195551 794096
278 500336 350261
279 520570 334403
280 203580 36617
281 180868 75661
282 150376 586158
283 121385 856081
284 655293 401330
285 16888 653560
286 874372 99149
287 170371 37250
288 43677 806519
289 228400 316658
290 93054 607946
291 275965 506067
292 331045 172325
293 544483 314339
294 701685 752728
295 559879 993638
296 77516 994756
297 484021 629595
298 532679 334852
299 216122 591519
300 813952 784763
301 369281 14488
302 438294 341262
303 61379 346324
304 31023 23225
305 249612 185996
306 648575 767841
307 774524 209941
308 959100 186111
309 591640 520781
310 53479 786532
311 639958 63773
312 587377 232125
313 284279 859884
314 660855 829109
315 975871 697353
316 775496 205174
317 67045 907058
318 959370 508124
319 731542 121104
320 213225 358372
321 722699 180903
322 699249 773346
323 353680 13742
324 407378 251896
325 345315 672794
326 673997 387013
327 615648 116599
328 9266 164106
329 947442 531235
330 381891 553255
331 614781 909918
332 810000 891240
333 463296 467671
334 68592 1177
335 856260 945357
336 778732 339743
337 175466 380684
338 112535 252945
339 448125 470778
340 222858 120172
341 912441 129619
342 447217 422616
343 82571 865578
344 395174 175805
345 443761 491698
346 439531 730365
347 264843 267867
348 579639 382955
349 5437 318564
350 660811 100735
351 565617 936600
352 29037 225142
353 760353 544377
354 939795 193032
355 34027 143688
356 768932 771637
357 87474 890192
358 113723 884416
359 645074 542133
360 311600 80341
361 462234 750027
362 340366 755525
363 379740 842132
364 310706 950323
365 620330 568157
366 313149 255092
367 436750 79170
368 351240 140803
369 42145 557025
370 308892 198155
371 220503 853041
372 864204 363420
373 29464 689504
374 389998 509318
375 888127 737507
376 72249 55113
377 698233 92653
378 787585 310524
379 499849 949866
380 873902 619549
381 502232 382770
382 884139 835872
383 923184 915891
384 907433 724053
385 860727 424219
386 494418 135756
387 654005 574093
388 8091 407120
389 51793 247712
390 967939 69215
391 342282 360839
392 76421 781
393 65925 930379
394 370953 600878
395 155985 435348
396 233370 318092
397 696297 884673
398 703736 84746
399 199035 290110
400 355328 622344
401 637710 142285
402 541378 818912
403 395224 711409
404 978692 697452
405 26728 857206
406 939571 898971
407 793880 438554
408 386178 184140
409 686472 999465
410 132135 838438
411 716856 617322
412 368724 238383
413 786508 352132
414 594378 835093
415 178869 296682
416 428427 354341
417 220984 110733
418 129644 443311
419 566958 637866
420 614602 881785
421 243906 371487
422 468742 317547
423 718492 616047
424 949367 457913
425 98165 351604
426 490368 363942
427 111240 58646
428 193916 283369
429 921301 430644
430 689267 951912
431 144450 340825
432 82850 144943
433 613299 568083
434 430228 476333
435 720061 770131
436 234772 228559
437 901300 780531
438 348069 352914
439 506082 310078
440 44467 503139
441 430831 163734
442 145825 226957
443 152231 87601
444 271490 76040
445 497434 561560
446 13083 90625
447 917805 844471
448 647012 15347
449 470186 688211
450 969477 365578
451 109965 639288
452 413445 595026
453 920773 326634
454 218116 884283
455 906414 106314
456 11878 845261
457 933210 127707
458 938829 53824
459 423020 238379
460 497931 597952
461 97897 742017
462 506855 354483
463 660165 595483
464 815113 306274
465 859758 21435
466 134797 621798
467 403664 938152
468 491260 585569
469 230523 18118
470 288128 98407
471 664580 33111
472 578109 899481
473 463663 271066
474 583770 563321
475 184305 51528
476 200233 163911
477 828453 948042
478 230780 488167
479 235624 475292
480 103765 335203
481 96110 199998
482 596155 808007
483 441733 978767
484 267151 33728
485 664044 667762
486 470054 859699
