NAME : portgen-553-6841781
COMMENT : portgen N=553, seed=6841781
TYPE : TSP
DIMENSION : 553
EDGE_WEIGHT_TYPE : EUC_2D
NODE_COORD_SECTION
1 756299 40939
2 662677 152300
3 318926 826883
4 725183 4922
5 94787 675774
6 501288 295655
7 932748 697383
8 932694 361643
9 959580 971128
10 21900 897163
11 217704 819071
12 197325 880032
13 106618 156397
14 192625 882742
15 153017 548660
16 348051 1138
17 38525 182338
18 173463 876047
19 58054 787949
20 537458 753426
21 980715 211654
22 761075 64319
23 491190 469966
24 380169 218057
25 709894 354136
26 812162 261089
27 503684 701976
28 915928 755160
29 2414 480339
30 978837 442878
31 768828 937234
32 467463 341360
33 695058 289633
34 534579 868429
35 206192 462728
36 981474 741523
37 261233 667763
38 85000 956614
39 315386 495348
40 964104 351457
41 153983 712285
42 903905 710138
43 779832 410817
44 533675 697165
45 487280 883829
46 341468 189625
47 581756 74730
48 771952 239192
49 950420 93312
50 979318 534575
51 154579 884821
52 253953 358436
53 200152 99876
54 357184 793546
55 922144 505110
56 221485 305248
57 993058 95007
58 101409 579203
59 355477 392733
60 569407 455865
61 339213 441267
62 889110 671616
63 308149 96652
64 487569 902797
65 467611 985123
66 599429 521840
67 573203 458993
68 129971 848734
69 719226 808897
70 608728 200628
71 55339 140941
72 127757 31414
73 544616 900201
74 300514 910140
75 766580 675300
76 751622 47623
77 625700 994194
78 935146 632738
79 311617 794959
80 228464 351417
81 380649 548287
82 184817 721516
83 449770 80544
84 177491 961644
85 550391 201208
86 278689 445337
87 626153 894107
88 704243 291589
89 815566 894915
90 736470 675411
91 785035 692610
92 674332 116193
93 604473 51142
94 337022 851687
95 9223 49427
96 671243 757582
97 258505 407520
98 921939 610002
99 514788 233649
100 327171 253026
101 84635 405598
102 173669 91169
103 890264 59012
104 373290 509507
105 389721 884003
106 295715 459930
107 785736 179036
108 680174 623067
109 289781 777297
110 799576 839768
111 565756 943842
112 634473 297365
113 116573 873090
114 271667 534983
115 3842 645230
116 918298 306058
117 505194 852467
118 379695 325104
119 906874 495295
120 436018 981406
121 761361 559725
122 52110 169454
123 483671 727400
124 123109 961140
125 290947 48848
126 338334 979804
127 229806 681940
128 334727 778576
129 900403 321202
130 711473 565160
131 152138 877995
132 73488 408314
133 122642 735990
134 407819 616281
135 695365 952774
136 499957 328641
137 486350 750728
138 501434 585951
139 714036 952532
140 962638 337996
141 972687 950465
142 823509 438682
143 493092 40303
144 232570 96879
145 729824 643705
146 917284 290592
147 799930 483244
148 481448 432719
149 73375 301382
150 668020 897720
151 13364 170576
152 998502 952950
153 76161 387868
154 156294 791123
155 188847 294423
156 546005 803523
157 591377 67768
158 647875 861545
159 78064 590243
160 926866 689922
161 662615 106437
162 948260 797645
163 939409 329381
164 330139 533400
165 674566 113565
166 429657 922912
167 763685 668214
168 791991 169163
169 359088 755741
170 790807 631546
171 962238 642326
172 170013 39902
173 981090 810847
174 342331 2285
175 543835 152067
176 102580 539974
177 626816 554455
178 468062 90451
179 406891 330287
180 160959 906998
181 28780 400553
182 316 557300
183 332184 903678
184 633510 551475
185 86678 837027
186 519214 75779
187 46408 774798
188 587342 122640
189 479621 393805
190 329582 848958
191 922489 999851
192 372441 767567
193 84785 29103
194 922596 206384
195 336029 888312
196 535652 807613
197 669062 953779
198 112332 886459
199 595918 395214
200 452559 858449
201 331226 948525
202 672703 694877
203 229577 102728
204 167533 859248
205 469670 438959
206 167854 200507
207 994258 272646
208 371345 221167
209 731490 46536
210 444968 445725
211 307760 238295
212 98915 228228
213 505801 570688
214 403076 351531
215 545221 484614
216 955106 620372
217 924135 890623
218 681103 721981
219 5593 99794
220 396222 863618
221 297613 876060
222 761415 890303
223 580551 297357
224 708697 440833
225 447978 541643
226 483383 244387
227 849993 967945
228 903342 710853
229 24390 782080
230 13773 507595
231 97134 67739
232 463025 606052
233 141345 291794
234 439091 103954
235 692094 73988
236 512469 290656
237 598558 903324
238 962342 63373
239 388302 130969
240 324885 794947
241 546298 620995
242 337757 37625
243 387479 887367
244 157346 318083
245 749277 389308
246 282890 901639
247 407699 322234
248 351148 6956
249 277502 858090
250 927961 517178
251 909055 577727
252 115948 653030
253 995345 862387
254 906629 812368
255 580466 15975
256 553506 706307
257 32802 624465
258 224705 195495
259 660039 140791
260 254903 134388
261 14292 581001
262 175992 174915
263 164932 934741
264 174708 945527
265 907979 99954
266 156743 575934
267 550503 308910
268 241441 839991
269 588193 713291
270 812919 191983
271 227327 16555
272 63179 614888
273 375015 701888
274 725646 232783
275 157301 416407
276 832248 331974
277 950111 828007
278 360435 333121
279 27224 807037
280 411589 155354
281 274194 193337
282 999448 388483
283 788648 536951
284 643127 417913
285 249450 522816
286 469849 427256
287 983490 838496
288 302139 682318
289 630889 347985
290 814480 831811
291 907517 367670
292 533938 752625
293 825760 963405
294 576485 162020
295 520262 704489
296 196863 170279
297 463841 290102
298 722134 800071
299 33064 224683
300 312748 692696
301 70999 377661
302 418303 325489
303 508889 464578
304 798035 197485
305 2246 397029
306 756635 865203
307 286775 707099
308 958490 103915
309 729495 709346
310 666348 988577
311 503886 418443
312 105165 556753
313 451817 92187
314 8953 658000
315 329606 837561
316 884282 433404
317 345738 417450
318 75175 42313
319 80894 826838
320 794135 721845
321 233909 867138
322 495671 531684
323 200602 778419
324 65114 907088
325 838284 629946
326 791117 375063
327 895077 475187
328 808414 637595
329 31922 852
330 250313 466576
331 383683 971197
332 403350 280401
333 163120 889497
334 369531 755090
335 506496 180070
336 38800 822407
337 871061 36402
338 197459 128822
339 523366 629977
340 748338 814222
341 60265 8100
342 407687 863029
343 453878 913085
344 30053 65337
345 254330 185678
346 672781 325803
347 320341 614065
348 683044 411502
349 996077 459268
350 334225 71779
351 255053 435136
352 158749 24061
353 569680 783016
354 967376 32047
355 21308 895328
356 607541 966585
357 746521 64634
358 793794 57879
359 650855 789285
360 597357 751617
361 893419 910262
362 420865 434717
363 925016 603664
364 663657 846999
365 466722 414442
366 161446 491319
367 608669 853010
368 206681 93680
369 261578 343052
370 69235 395998
371 262230 240768
372 467980 502713
373 292258 762518
374 904938 885624
375 689048 79379
376 747845 149077
377 992546 919782
378 910333 763734
379 826467 305739
380 817380 476000
381 521437 624324
382 962812 625310
383 633098 366772
384 498605 243808
385 772375 31275
386 152941 765230
387 100237 517977
388 3771 744342
389 917716 501082
390 524383 161282
391 777197 357917
392 29619 990721
393 893004 537122
394 528507 983358
395 219912 839908
396 595075 17770
397 570676 37959
398 243056 496999
399 140531 950002
400 498941 547916
401 844802 403855
402 361240 527765
403 302182 389927
404 119457 1825
405 26778 373211
406 235226 843108
407 85827 977471
408 880925 503667
409 53647 924852
410 382253 136098
411 226241 548602
412 744867 224459
413 186473 749086
414 403989 572472
415 215795 613844
416 624885 915890
417 474304 151172
418 926056 934089
419 272090 52147
420 109796 389336
421 483475 603654
422 601105 83813
423 613666 46472
424 272902 346217
425 851485 493970
426 93009 568058
427 734207 885096
428 923031 928911
429 929550 210068
430 601708 368092
431 117836 67309
432 892029 637441
433 889735 631572
434 242002 2013
435 363804 834452
436 230765 707430
437 73366 888282
438 43088 658182
439 814394 859770
440 301428 257561
441 819535 193921
442 970763 847702
443 496007 557575
444 23861 836863
445 261436 294483
446 692086 270077
447 688343 275343
448 158571 776044
449 530287 712823
450 40725 955484
451 232077 413131
452 44788 593924
453 674435 899088
454 597295 886505
455 389089 365455
456 905050 92687
457 948631 307224
458 676006 847759
459 378966 616685
460 478870 113691
461 101284 529179
462 961287 408320
463 602374 817634
464 662641 479442
465 213846 144000
466 60887 927889
467 470681 935972
468 352510 726847
469 245290 663538
470 171696 648248
471 178608 407176
472 357993 147745
473 193199 162907
474 308789 280022
475 672968 340936
476 113403 50845
477 498976 896725
478 894596 304187
479 942449 108816
480 241413 947587
481 653798 933757
482 714808 740840
483 186847 497874
484 734694 800885
485 114025 513099
486 538969 98944
487 943716 137933
488 287 50438
489 30203 64562
490 513724 298186
491 875184 553825
492 238028 266259
493 490202 127130
494 213080 729841
495 749125 854636
496 992153 444404
497 549512 658597
498 109279 79664
499 463459 220060
500 147458 142760
501 132703 244227
502 766298 374782
503 465752 559577
504 812817 232717
505 406522 767466
506 91106 212608
507 359690 386777
508 955433 209393
509 384244 56211
510 631560 107183
511 34414 514633
512 653427 971264
513 380395 294741
514 332646 568934
515 672180 440709
516 237621 797485
517 658039 746257
518 207079 662576
519 194134 851251
520 310825 280808
521 742885 156869
522 98280 641942
523 820221 477519
524 790976 578248
525 278202 814537
526 747018 894525
527 547879 706748
528 905139 335218
529 586187 20040
530 167702 803175
531 365443 961566
532 921891 125713
533 24581 934237
534 114327 717748
535 566555 477914
536 418416 805996
537 778009 817023
538 360165 139889
539 966754 946679
540 66125 45177
541 708554 312605
542 401231 869005
543 75266 276055
544 875593 532326
545 721676 272841
546 548249 476385
547 284695 832911
548 862392 936889
549 378859 281257
550 281777 680332
551 510765 844297
552 512122 233024
553 105983 434412
