NAME : portgen-545-8804919
COMMENT : portgen N=545, seed=8804919
TYPE : TSP
DIMENSION : 545
EDGE_WEIGHT_TYPE : EUC_2D
NODE_COORD_SECTION
1 256367 367597
2 677782 917113
3 531944 870244
4 375666 913552
5 701309 218388
6 499473 526169
7 245434 316215
8 478724 65343
9 17266 54016
10 233212 423336
11 577628 918002
12 566014 265329
13 77091 133127
14 768231 51963
15 513610 50961
16 353259 323468
17 844601 376226
18 794366 922684
19 136667 693350
20 924234 23840
21 355169 33435
22 950248 607565
23 495506 143175
24 256116 517429
25 259835 364841
26 591496 641647
27 710440 204681
28 914152 932899
29 522996 301556
30 122747 609260
31 733576 682316
32 989317 677468
33 863219 466037
34 575921 637868
35 820709 335549
36 809227 499836
37 794181 868371
38 831840 935981
39 207562 361332
40 351176 144191
41 610131 466674
42 929216 904350
43 317384 670942
44 334150 167132
45 513006 328328
46 346762 498798
47 872641 588685
48 214612 855332
49 239254 81876
50 775724 559525
51 935612 894783
52 166253 115643
53 754709 124821
54 712430 806090
55 887296 243209
56 598748 355863
57 788549 794418
58 262497 234778
59 809675 400631
60 462856 7886
61 226783 494044
62 862143 261184
63 399936 914444
64 333583 678537
65 113661 707019
66 223550 401472
67 474036 107966
68 545442 254268
69 678125 134798
70 641853 82606
71 861267 933518
72 704276 505119
73 101545 852718
74 636654 611457
75 188749 300167
76 521749 560716
77 968215 68705
78 335974 534140
79 420747 58286
80 570201 500441
81 446696 577631
82 164236 804690
83 381942 665229
84 651587 283429
85 692873 409779
86 598123 198218
87 211882 162688
88 486137 666066
89 525829 793438
90 925209 865796
91 493697 275296
92 108336 613220
93 260322 645918
94 237235 669345
95 726024 880212
96 602681 394695
97 441925 232073
98 484482 663049
99 721636 541587
100 18982 435478
101 326888 843216
102 686247 322952
103 806470 246452
104 452380 354995
105 808382 690055
106 296904 751401
107 332261 689988
108 897760 52001
109 135706 932163
110 320207 718892
111 943593 109999
112 264447 257394
113 82890 754906
114 511970 888930
115 356218 239685
116 213686 170834
117 985055 235154
118 568891 742295
119 943035 418348
120 715460 208321
121 510212 305072
122 349137 7132
123 936618 492681
124 130247 184530
125 149183 729575
126 151079 832705
127 185369 779297
128 221792 156054
129 858161 451093
130 754060 64174
131 303417 34032
132 639535 600061
133 179842 991832
134 402264 325129
135 753369 405078
136 921753 951175
137 782979 590632
138 567813 110887
139 924630 485150
140 35602 926835
141 896745 60877
142 134869 292044
143 936267 179654
144 531299 384993
145 55311 577059
146 340031 617905
147 664978 310381
148 286568 559037
149 522092 758505
150 439319 825730
151 568051 645097
152 148928 222348
153 832830 90201
154 697836 893325
155 843029 42138
156 624755 473167
157 395781 177001
158 724142 685511
159 369053 329153
160 313493 620805
161 469739 643758
162 885810 927638
163 837027 276655
164 802246 560631
165 757802 477611
166 413051 31305
167 642120 993463
168 302079 423578
169 665095 957867
170 567901 250755
171 810600 202145
172 71500 434505
173 107319 696272
174 732095 737340
175 473354 9912
176 756790 961461
177 703 961707
178 412679 536746
179 2977 155464
180 920268 409252
181 425105 739969
182 325423 592273
183 231537 422610
184 401666 961275
185 69682 27869
186 953416 631713
187 855799 303580
188 864015 508278
189 643055 924102
190 514958 300280
191 273678 646781
192 640363 348550
193 52506 673082
194 705881 49846
195 761926 879469
196 21911 703820
197 888185 540031
198 297339 178887
199 346346 767920
200 570490 599041
201 53217 807992
202 222381 173073
203 736234 110008
204 321098 652153
205 909201 739597
206 830864 953130
207 393538 40798
208 387340 721285
209 851783 785392
210 294934 52650
211 76264 633746
212 390785 470641
213 974652 145424
214 409332 682725
215 567346 754006
216 187180 990902
217 14901 775361
218 469415 320547
219 253243 599564
220 961209 331220
221 821298 920489
222 754912 709275
223 803205 388165
224 313034 417544
225 565379 151914
226 769554 663620
227 200573 816483
228 411860 62314
229 793090 447019
230 703657 415686
231 856765 721533
232 690943 577980
233 918299 910375
234 198218 684262
235 237593 999175
236 408250 434239
237 220013 143019
238 283095 412643
239 433173 574302
240 58780 912337
241 352333 962312
242 979068 151660
243 897241 465646
244 299958 436920
245 857061 559040
246 122328 568980
247 361970 962034
248 922969 387058
249 700476 611892
250 426179 390561
251 954991 738732
252 358763 653041
253 799581 807242
254 684552 48913
255 919241 946214
256 762355 356169
257 589958 144617
258 293357 287785
259 359563 728909
260 655011 531241
261 209899 586325
262 258083 847032
263 44183 669518
264 75476 566971
265 343438 475853
266 728091 384259
267 655060 112566
268 149981 996163
269 372353 834450
270 858302 609456
271 106082 571049
272 781909 325820
273 349140 536003
274 310897 514937
275 917850 253451
276 311581 133504
277 268454 950326
278 662469 570732
279 83672 246196
280 503059 803417
281 434888 850101
282 190610 309785
283 840131 191306
284 574260 264138
285 795476 757354
286 976888 844625
287 811059 401559
288 219659 76394
289 317871 307756
290 184563 473451
291 585845 829279
292 63912 540021
293 40964 877990
294 193649 345274
295 272435 958675
296 421903 108215
297 38973 100948
298 632568 261457
299 759990 380350
300 106160 272746
301 218131 3140
302 330374 444399
303 667605 482301
304 69592 728433
305 909361 784479
306 377083 738398
307 973761 544384
308 381513 326672
309 811127 89662
310 677217 578673
311 431316 193910
312 157978 522730
313 539223 973747
314 514251 366659
315 733954 737358
316 6802 589438
317 398394 400083
318 96368 847447
319 855518 519528
320 158507 714292
321 66862 103986
322 668056 693761
323 527358 227993
324 950237 516243
325 561724 658820
326 747205 393330
327 646396 368801
328 265943 628692
329 604745 930290
330 348031 820157
331 626782 550064
332 569925 195069
333 717616 273096
334 70341 279999
335 17025 153519
336 376435 294884
337 527937 18397
338 831468 37986
339 547513 789176
340 256786 910530
341 369001 583960
342 18628 913796
343 110575 456738
344 19513 203325
345 682467 823271
346 777106 575519
347 502502 4988
348 337857 771978
349 576049 649659
350 862293 489372
351 680479 161061
352 259457 651194
353 289819 163245
354 374701 732599
355 258226 809205
356 609179 401420
357 247823 524759
358 43051 51263
359 47561 564937
360 857212 945638
361 697047 420681
362 417705 527653
363 473039 215373
364 35426 876743
365 728577 668223
366 663284 814913
367 530949 447581
368 301351 967580
369 336137 493869
370 870744 59311
371 409176 454576
372 346112 736828
373 126224 356424
374 157813 974848
375 531948 122483
376 736551 699305
377 921081 194070
378 826087 865565
379 630111 811876
380 349842 322238
381 827107 880832
382 861855 198915
383 400028 154602
384 55307 510994
385 398535 686627
386 893450 72713
387 32989 734729
388 209086 997741
389 499600 223635
390 701566 607474
391 585261 223550
392 526900 406339
393 841115 782452
394 953058 332034
395 47552 146748
396 912273 825142
397 95333 184117
398 165861 336462
399 421587 611383
400 527741 128482
401 856823 934177
402 273281 924474
403 537221 513000
404 172404 514741
405 352954 43634
406 912507 298077
407 764323 203093
408 409964 1965
409 785498 677737
410 33054 63565
411 733015 443923
412 983253 270052
413 829803 959272
414 799431 108514
415 197507 696086
416 825336 984858
417 870680 657932
418 694966 287183
419 459226 323807
420 996374 839150
421 996954 275320
422 298980 983986
423 413733 468349
424 841888 825281
425 354314 206588
426 537030 313072
427 413876 831655
428 303145 871965
429 63497 615349
430 229507 250037
431 53774 848597
432 518366 513804
433 46680 637186
434 999097 780337
435 789360 941615
436 160076 960217
437 323423 826465
438 526535 419943
439 30047 151597
440 966907 957838
441 895775 184082
442 879007 947469
443 642311 976739
444 466491 356875
445 611251 57780
446 288086 678888
447 534446 54759
448 679073 36737
449 951897 472514
450 457451 993789
451 438301 690291
452 858373 396475
453 310812 352948
454 434064 466406
455 189343 326406
456 405473 706621
457 4097 171726
458 961951 374885
459 314150 463607
460 834731 9942
461 685289 526583
462 322886 795571
463 503313 469785
464 101843 926947
465 515653 173586
466 985879 563640
467 962254 640500
468 552364 189153
469 179984 707281
470 985518 267426
471 662588 2884
472 522144 601309
473 372491 761502
474 356002 738875
475 551445 209288
476 934893 24949
477 956861 283864
478 7910 874661
479 728037 217872
480 844111 121658
481 172963 726783
482 480888 921917
483 663818 402588
484 184477 402788
485 799235 200448
486 18882 575275
487 912161 625443
488 75048 660340
489 569722 39021
490 787660 628652
491 741748 883970
492 82836 393994
493 622 259096
494 82752 40336
495 976682 149775
496 4676 777196
497 908046 785069
498 248543 87312
499 90723 896700
500 526260 712151
501 191780 316980
502 951214 922793
503 467539 50923
504 942112 562866
505 283242 748813
506 791909 687700
507 241189 694335
508 116982 395767
509 818737 695818
510 673373 576505
511 311865 287776
512 876528 87083
513 8667 701902
514 624060 989367
515 157903 24125
516 718227 6855
517 755779 38847
518 836742 54048
519 642780 388500
520 277011 604854
521 440359 386933
522 366962 400177
523 837909 716899
524 900667 820962
525 776402 546641
526 463252 101355
527 738797 502134
528 993924 184925
529 561201 912367
530 86050 413491
531 408142 553612
532 285854 678387
533 308454 404975
534 320737 841012
535 856425 400082
536 495100 997774
537 919416 126732
538 113253 210510
539 548979 374394
540 93159 823742
541 140700 711693
542 903317 744411
543 615983 164615
544 721000 77391
545 730392 431767
