NAME : portgen-514-844022
COMMENT : portgen N=514, seed=844022
TYPE : TSP
DIMENSION : 514
EDGE_WEIGHT_TYPE : EUC_2D
NODE_COORD_SECTION
1 567184 375948
2 746446 529610
3 521860 376405
4 489036 468537
5 563382 857576
6 134955 476168
7 31926 44066
8 240415 682681
9 481710 49567
10 965878 621060
11 451250 430524
12 260575 637552
13 916314 717172
14 643098 435551
15 209830 758948
16 262825 913370
17 88235 834276
18 677649 502228
19 93915 191736
20 449803 315938
21 66427 844737
22 456533 393225
23 243548 391776
24 681128 619673
25 760097 542556
26 536840 811422
27 231203 446396
28 333246 653813
29 287712 912170
30 851960 19631
31 282489 297299
32 18733 247444
33 791149 290217
34 19634 638700
35 800517 848639
36 1552 862036
37 289469 423321
38 84219 639828
39 199320 814179
40 304305 262501
41 429459 730928
42 583591 190198
43 476458 965526
44 894636 840791
45 43126 387432
46 482594 455214
47 391218 601164
48 314386 204390
49 555268 33212
50 309005 603720
51 192455 866949
52 315367 497596
53 113097 805912
54 227830 41005
55 969937 367720
56 759176 446921
57 869043 464528
58 537037 827274
59 906080 417569
60 933057 586758
61 734949 986422
62 329695 196797
63 656184 134602
64 546669 791873
65 310224 278307
66 411998 158315
67 844241 936585
68 503324 982538
69 861884 119063
70 653160 649183
71 59445 477067
72 907733 456368
73 652482 496171
74 125519 194420
75 944980 179783
76 657721 763394
77 722987 30698
78 191721 34139
79 22707 378781
80 994272 130559
81 944027 108767
82 387844 320753
83 308274 282109
84 539187 412674
85 812045 40865
86 701754 711660
87 472588 753274
88 929036 971554
89 263434 298997
90 5075 622044
91 111895 167887
92 797600 179665
93 334280 303230
94 770471 523488
95 628310 221214
96 443350 449210
97 307017 612294
98 947429 347785
99 4478 154459
100 527331 680928
101 232737 826522
102 189345 322936
103 67888 489834
104 965794 543322
105 696418 888491
106 263668 499219
107 750470 773057
108 687208 494817
109 801750 775549
110 373324 960489
111 277630 384728
112 885342 131117
113 808128 875232
114 522315 149652
115 685386 439201
116 5760 720111
117 602579 116584
118 358375 612675
119 417416 24543
120 492456 839463
121 501480 994921
122 150163 667821
123 943584 58621
124 563867 175900
125 804166 72196
126 825470 854826
127 469072 88130
128 675168 512626
129 223943 72760
130 964560 455212
131 72418 941251
132 50866 856955
133 387011 268746
134 349056 82649
135 829472 628587
136 930949 625849
137 971383 301127
138 135019 422804
139 915656 797212
140 455949 295502
141 651288 449554
142 185092 230173
143 366783 64508
144 669245 745624
145 729572 89629
146 263619 334766
147 195070 863869
148 908513 875630
149 23538 849036
150 532802 520780
151 142965 766654
152 719951 508664
153 420908 375916
154 669733 238898
155 721346 610659
156 843380 478319
157 343188 874930
158 191593 737651
159 746181 186996
160 948441 511380
161 245208 500019
162 549847 308692
163 485622 164294
164 905898 462719
165 880219 759103
166 753071 676757
167 75866 845289
168 452121 172969
169 106365 310161
170 38580 629131
171 318327 482248
172 797182 218191
173 844420 763599
174 784919 886377
175 378247 744218
176 969732 560818
177 968816 773698
178 767709 466207
179 690788 874661
180 56542 247939
181 269550 359571
182 200317 92215
183 292331 361132
184 681137 124996
185 30510 427993
186 952732 859803
187 808749 204223
188 541648 684389
189 531203 776148
190 540983 19414
191 473506 31236
192 406176 632280
193 489553 393499
194 476439 983650
195 552958 90989
196 491832 981369
197 279651 610587
198 676398 458523
199 673498 592959
200 676543 160030
201 232396 8770
202 345393 358832
203 270712 938495
204 154642 336536
205 284145 374209
206 989767 707138
207 321703 965553
208 756106 288180
209 79920 589730
210 415816 833807
211 687633 88177
212 448453 870480
213 195597 943962
214 514410 449917
215 933510 603153
216 529747 194666
217 492003 166774
218 29646 766368
219 709533 440623
220 876173 201372
221 313578 886709
222 567834 719150
223 403356 403654
224 532916 409171
225 414989 732436
226 944113 223581
227 659448 73389
228 630283 37729
229 516766 178619
230 329185 504344
231 228961 714018
232 460363 82772
233 60630 103058
234 139303 602552
235 562197 352452
236 755263 670749
237 174740 683380
238 889694 464051
239 428729 375063
240 240196 157867
241 427195 335791
242 120731 429166
243 374192 815728
244 734303 409231
245 106143 926588
246 627064 106981
247 878426 523720
248 446109 642829
249 711968 884453
250 829456 939304
251 974925 157852
252 168974 257122
253 305240 608322
254 102850 230282
255 699197 814554
256 303426 107535
257 72475 402597
258 877280 121979
259 835592 936642
260 636663 417801
261 391089 254850
262 773095 622892
263 377527 597411
264 501775 917618
265 378140 281372
266 361201 198446
267 675866 425641
268 854440 319659
269 263315 718134
270 551886 252212
271 980135 797660
272 772567 688341
273 535498 372213
274 333885 255533
275 146193 848698
276 141054 794350
277 506313 548084
278 578103 776478
279 481986 743332
280 402681 985580
281 345006 384716
282 678396 446985
283 834418 505765
284 334967 384134
285 867098 505066
286 788094 580058
287 790448 787965
288 276747 596739
289 748537 225011
290 44789 601048
291 115424 758442
292 514936 392559
293 936365 976485
294 520050 228880
295 591223 348674
296 984692 879180
297 851035 46819
298 464117 400077
299 7212 984602
300 411593 938759
301 623676 108874
302 210744 545145
303 733273 382611
304 279414 113753
305 611718 601617
306 256428 253105
307 152109 54006
308 888 465825
309 533680 631576
310 982867 434341
311 498553 350365
312 972540 928339
313 881389 679219
314 369314 245303
315 54691 894136
316 317325 634783
317 613292 443171
318 344620 862318
319 606333 460929
320 391671 470539
321 442804 888474
322 246013 156881
323 850121 634326
324 906640 922695
325 165429 784898
326 30763 761908
327 929911 517457
328 621433 988893
329 495582 767572
330 200524 870954
331 776277 818485
332 722082 141179
333 158813 367953
334 7091 995227
335 203885 366561
336 559185 610985
337 466146 197968
338 403578 736645
339 420454 455083
340 306905 892496
341 183637 601741
342 44779 183736
343 117859 498840
344 912700 472113
345 284358 976666
346 855226 611106
347 257043 25109
348 911354 831819
349 422327 48044
350 753303 113476
351 213872 451557
352 615789 272933
353 601261 429021
354 717129 746174
355 399598 122593
356 76192 23469
357 483214 223857
358 15727 165170
359 561441 696973
360 229824 326994
361 945626 959047
362 241924 90409
363 152688 107628
364 995195 193212
365 596707 974557
366 19515 674279
367 55484 184312
368 816303 160167
369 118527 820921
370 168009 952688
371 937398 215727
372 242288 957363
373 31040 896179
374 369182 166633
375 872420 803726
376 836624 229114
377 451337 778746
378 93960 539593
379 396072 431477
380 456630 441093
381 310494 896207
382 578164 446910
383 185194 860465
384 781181 525850
385 192817 119547
386 795988 394807
387 824552 426098
388 490370 716511
389 507709 463177
390 996449 613095
391 711555 563718
392 736582 155613
393 664062 123308
394 96115 608574
395 999117 955837
396 378986 592676
397 628104 48461
398 156699 542590
399 391174 816189
400 466993 314529
401 388470 906004
402 170184 259325
403 92170 272906
404 492531 295723
405 114683 970652
406 443477 787497
407 432359 500792
408 62107 717817
409 268103 529703
410 290210 642603
411 469291 964991
412 58856 878287
413 731077 889984
414 224623 565227
415 333927 217464
416 223979 211985
417 348494 25797
418 169617 924057
419 131358 235790
420 93506 946244
421 855204 566411
422 318364 356513
423 486546 413994
424 533819 749816
425 317383 266715
426 317967 825947
427 482261 249529
428 90550 176484
429 557510 144386
430 89707 168112
431 141547 256741
432 202217 168438
433 115447 877066
434 469133 75845
435 14246 648112
436 183998 518287
437 212319 23494
438 324636 643343
439 482729 809327
440 787737 554593
441 332473 80237
442 475519 165815
443 75916 967237
444 9768 180055
445 910349 292551
446 454924 55512
447 221544 445393
448 762246 336917
449 354092 294869
450 31877 843202
451 931265 724492
452 962079 762790
453 934241 237730
454 350428 316446
455 173613 123312
456 166715 377454
457 234036 797156
458 713188 86034
459 35197 756823
460 406191 778530
461 522974 174263
462 43968 171043
463 716846 459505
464 556207 449529
465 89253 86906
466 292915 166282
467 635713 664424
468 387877 955019
469 846200 678362
470 452627 989882
471 932040 252944
472 773864 131819
473 769577 280660
474 11544 50500
475 728546 302740
476 780709 904562
477 205616 944970
478 550287 764982
479 88778 297655
480 374912 979221
481 391529 672065
482 863819 183731
483 191272 913771
484 603590 102217
485 27579 432527
486 74490 984696
487 28276 103451
488 997820 618411
489 968647 98997
490 620755 951864
491 370727 258552
492 74616 110031
493 695376 620849
494 302463 451982
495 473151 474106
496 351429 743983
497 650783 20099
498 915392 947343
499 224667 670413
500 133998 151165
501 312013 912546
502 429744 776682
503 932013 522157
504 829945 95584
505 249593 929437
506 462519 636796
507 824503 900806
508 627792 647546
509 21281 843719
510 268339 243928
511 689103 933177
512 968218 876413
513 120513 161943
514 554951 251594
