NAME : portgen-572-5327668
COMMENT : portgen N=572, seed=5327668
TYPE : TSP
DIMENSION : 572
EDGE_WEIGHT_TYPE : EUC_2D
NODE_COORD_SECTION
1 518799 138629
2 875999 210726
3 5129 108876
4 878577 836176
5 708807 224009
6 311523 462758
7 891193 569312
8 784036 286488
9 546725 846584
10 642390 862351
11 270607 520457
12 44409 326668
13 539914 811675
14 548735 136717
15 671446 699125
16 957625 196814
17 42133 701753
18 252546 83059
19 956001 781352
20 387498 618794
21 257155 334856
22 469018 701598
23 153159 646832
24 446276 393352
25 837747 812111
26 627142 508785
27 276723 664653
28 507624 321984
29 96496 174245
30 958179 922070
31 152874 97225
32 448677 90012
33 966853 976667
34 993740 189594
35 416152 137204
36 840212 153372
37 8837 830278
38 235209 761821
39 243733 379755
40 819044 217929
41 715179 374489
42 178537 749376
43 546251 860400
44 748136 952120
45 734899 275879
46 89319 766406
47 365199 250294
48 778582 103782
49 326019 638740
50 466389 391338
51 403098 66520
52 574308 619817
53 96932 252652
54 330248 527347
55 118402 647224
56 573848 144375
57 439345 682299
58 832750 386467
59 732025 198382
60 311430 863070
61 650647 355000
62 723205 24813
63 734105 773691
64 579064 389019
65 733346 982556
66 431573 716386
67 261353 171819
68 644081 570803
69 935143 496238
70 916625 159783
71 128374 549753
72 640689 871829
73 625232 734319
74 43200 340385
75 516189 4890
76 524718 936999
77 905393 483832
78 959765 686712
79 805167 402488
80 975736 526128
81 317508 834009
82 610721 958619
83 518850 24094
84 503686 567516
85 57067 98431
86 343266 391639
87 682193 306540
88 338352 713647
89 449606 239372
90 65048 47393
91 968524 176576
92 413283 207217
93 665047 597563
94 105664 302734
95 652969 619986
96 67117 367627
97 439170 818193
98 816516 736734
99 867560 334149
100 533477 911584
101 284712 803827
102 275336 468796
103 36366 348141
104 523716 698175
105 818784 362201
106 581047 502433
107 749518 355749
108 459011 949881
109 394839 792528
110 142102 782115
111 156534 169537
112 34039 145482
113 813719 539439
114 116302 213396
115 270174 990210
116 189930 751430
117 420588 702847
118 466345 466091
119 427057 57533
120 748206 715166
121 202724 313136
122 160631 870854
123 463452 897580
124 333588 293687
125 4474 277077
126 620431 654163
127 63975 543266
128 721653 533281
129 383239 572489
130 2451 570274
131 921084 466183
132 949969 103617
133 159477 267911
134 341801 878664
135 892297 561431
136 616293 101151
137 788053 865025
138 161683 502370
139 105561 490772
140 423829 280437
141 156199 543813
142 210945 699899
143 69126 723747
144 801461 316970
145 543370 198433
146 124289 548393
147 165236 186775
148 98873 101573
149 525082 295606
150 709171 961082
151 792018 842815
152 869858 724037
153 120878 76618
154 443218 364075
155 474140 997906
156 731819 66269
157 29119 804017
158 445984 372691
159 300947 763193
160 4744 57903
161 742828 46195
162 169493 931215
163 769412 773477
164 231292 64016
165 744147 85064
166 59151 741486
167 16631 425923
168 548617 89929
169 514693 406928
170 253914 696435
171 422800 38268
172 312225 485466
173 455605 78094
174 378900 234021
175 417362 325396
176 870280 461066
177 551459 624106
178 901930 50532
179 826183 443935
180 175419 30948
181 561925 36289
182 110160 777705
183 575105 693551
184 754043 543653
185 348412 367889
186 993790 66926
187 345830 679348
188 187623 281762
189 494736 545386
190 29284 718880
191 947293 787357
192 888596 713198
193 523139 22862
194 631325 238926
195 850817 855066
196 335886 971040
197 58516 886024
198 702644 355873
199 692437 632877
200 297842 173842
201 583358 833513
202 204736 698481
203 378102 82922
204 572469 838260
205 100967 879068
206 419206 587257
207 593117 320353
208 695061 590884
209 977773 224135
210 75061 219231
211 1114 121165
212 245810 174569
213 784531 160277
214 862189 647349
215 301245 104700
216 709292 656475
217 444419 150216
218 299674 360036
219 194240 568243
220 18137 932255
221 45088 407189
222 163864 631585
223 853952 214720
224 725230 883946
225 101493 542367
226 493684 45088
227 331632 193142
228 464550 926882
229 389094 54520
230 398807 18066
231 888682 4226
232 820123 168712
233 833979 12017
234 423392 961531
235 466401 480340
236 865654 93826
237 122642 532694
238 725547 956025
239 789533 52667
240 710019 857648
241 771182 807669
242 248541 283179
243 216017 705066
244 836352 275706
245 316236 287657
246 936643 232708
247 101841 537796
248 66600 951261
249 284547 631170
250 906037 897926
251 425187 672562
252 173927 243845
253 771184 686014
254 796546 48452
255 977124 759483
256 90529 113387
257 738283 111150
258 81422 655974
259 902384 282326
260 102111 882718
261 727469 792222
262 55493 568475
263 55153 193091
264 919899 878797
265 761509 39533
266 159479 741081
267 75542 950535
268 767118 657794
269 69385 137391
270 201757 560043
271 802681 554025
272 173595 433517
273 560187 144421
274 177214 533366
275 482642 873509
276 31361 405750
277 869660 866504
278 738446 684106
279 597019 223391
280 476726 113390
281 616628 659154
282 846695 417081
283 956801 536503
284 939792 304765
285 550962 937001
286 478760 369018
287 799684 228601
288 851356 321719
289 922561 188989
290 830028 371047
291 596071 696507
292 402070 648119
293 422904 500324
294 894386 658461
295 993733 230614
296 718002 764620
297 586428 264756
298 81282 433663
299 754341 944993
300 582161 238467
301 221859 988225
302 703337 111594
303 277437 334853
304 3679 221541
305 443600 238122
306 789720 938558
307 229657 246111
308 395387 852008
309 72726 581938
310 335799 523138
311 782162 994798
312 722604 312494
313 715141 490535
314 665680 688089
315 951164 516502
316 318040 701020
317 745388 591906
318 581327 657513
319 466850 155959
320 252731 570895
321 427598 312447
322 322661 470595
323 448452 723203
324 42015 273933
325 549614 590747
326 767983 66251
327 993829 65658
328 920427 520839
329 242836 111431
330 530267 619924
331 868003 847720
332 968809 872704
333 810523 477272
334 615896 759062
335 797659 672183
336 809993 798792
337 32323 745051
338 755155 715910
339 969 656945
340 392066 194301
341 247698 554248
342 157822 331240
343 648498 470319
344 732210 872683
345 781382 104054
346 41616 707787
347 358300 580547
348 760902 628806
349 280123 577610
350 715439 732541
351 722234 385069
352 881866 355313
353 343049 213734
354 908429 662588
355 417159 450108
356 788629 370152
357 330049 426212
358 578307 160216
359 489420 388261
360 111802 181717
361 197149 38286
362 43623 65117
363 949949 424923
364 916925 677010
365 402002 541420
366 807480 338381
367 239785 941958
368 405671 877545
369 224198 731609
370 752933 488282
371 980899 343948
372 760881 599664
373 906905 3329
374 664164 293182
375 630598 335979
376 711881 603112
377 175607 174018
378 925061 383853
379 145283 939908
380 949641 465503
381 989536 176819
382 909655 928877
383 469208 444680
384 609271 730385
385 519307 574977
386 496052 196237
387 757663 775823
388 469836 594036
389 862678 869604
390 140056 566095
391 279639 977017
392 727368 936498
393 551884 630661
394 428725 310907
395 472750 960990
396 268273 493813
397 212302 177955
398 992229 784662
399 586285 985058
400 129827 312868
401 140651 794560
402 153126 64503
403 56339 734864
404 875744 239109
405 622134 294399
406 955127 834375
407 467157 988650
408 197229 495723
409 964517 731699
410 936648 684546
411 858395 624212
412 600557 206438
413 434326 701492
414 43110 693159
415 719483 734972
416 718292 623569
417 247469 845656
418 610967 445264
419 509859 738718
420 739268 56161
421 666143 697026
422 374259 788204
423 102595 644060
424 893255 5863
425 743629 290737
426 741552 893125
427 265574 394855
428 594576 517081
429 547090 307470
430 453535 611075
431 225004 137026
432 499840 565972
433 628256 258101
434 460116 678953
435 886055 553168
436 602467 958654
437 988070 645910
438 942993 965269
439 358638 205701
440 611862 917244
441 154402 735639
442 239624 108408
443 509967 581266
444 123729 681497
445 217399 352866
446 985148 830905
447 852662 186100
448 453693 707489
449 708955 728348
450 845210 137325
451 285422 687553
452 394001 826384
453 136335 5912
454 653500 157166
455 884888 13310
456 393351 865592
457 90070 100668
458 625927 394099
459 284363 313740
460 112278 920766
461 549145 731767
462 833743 748729
463 267746 914913
464 564652 161685
465 509575 937081
466 311769 201472
467 320813 598552
468 523893 288809
469 645569 138955
470 482481 115868
471 296902 809989
472 569218 296632
473 803720 253380
474 997162 103933
475 918353 538779
476 142836 547269
477 218773 908128
478 825556 83950
479 366739 795448
480 302491 847526
481 360342 514544
482 674684 769019
483 716407 583362
484 296374 793437
485 296948 372546
486 396936 180429
487 395386 573498
488 777930 1875
489 512993 925614
490 923172 183795
491 548173 769204
492 859194 662049
493 576738 797224
494 526787 551793
495 882144 940530
496 992434 852131
497 842007 109935
498 718931 116473
499 414603 995719
500 518702 801844
501 740386 71547
502 180760 734558
503 990606 373632
504 688075 556724
505 331389 28332
506 557163 814946
507 913303 361960
508 855091 508211
509 672537 564749
510 50088 599934
511 168759 300655
512 274735 495104
513 632159 325389
514 999669 660827
515 582892 404298
516 313800 956269
517 594225 894840
518 626631 733227
519 855900 497233
520 806957 68527
521 124686 962037
522 501705 282210
523 771771 691779
524 577395 346903
525 477775 393542
526 116803 753775
527 412826 114404
528 488043 784116
529 477322 285920
530 107926 257378
531 517732 190841
532 749766 262862
533 903645 595125
534 313240 631092
535 590189 163312
536 930815 325634
537 86973 656546
538 483130 414983
539 887828 160331
540 7060 848042
541 848066 713748
542 552900 325514
543 886565 122959
544 206503 331362
545 991194 31506
546 419986 224807
547 907044 643645
548 137711 799052
549 875063 845158
550 799080 356787
551 803951 417064
552 339843 629733
553 545475 403054
554 200874 87312
555 227838 365084
556 577613 145960
557 294725 76420
558 837391 292924
559 283796 106121
560 125151 104593
561 720061 468082
562 832012 233401
563 359360 513751
564 985791 457240
565 111071 80075
566 214109 800515
567 932492 641975
568 270428 702106
569 419023 476480
570 488122 593641
571 839162 100382
572 206211 886600
