NAME : portgen-407-3184786
COMMENT : portgen N=407, seed=3184786
TYPE : TSP
DIMENSION : 407
EDGE_WEIGHT_TYPE : EUC_2D
NODE_COORD_SECTION
1 73375 308855
2 819201 184475
3 921793 383129
4 593975 504733
5 22059 510433
6 96327 591336
7 860641 834605
8 740470 559696
9 480386 313643
10 392366 517329
11 556850 362821
12 295090 101019
13 316491 677263
14 944970 656375
15 454029 291878
16 190105 330071
17 884935 944897
18 924007 320479
19 471521 652015
20 755105 419059
21 147989 771938
22 795006 642867
23 413139 108983
24 814917 719501
25 896967 998018
26 185268 45792
27 274170 639157
28 927833 743304
29 423920 874303
30 260468 601314
31 911607 941960
32 749628 602999
33 362443 324388
34 796329 217773
35 421465 631487
36 744778 760885
37 416676 394347
38 332061 511057
39 88651 655932
40 173186 573186
41 253342 70666
42 395907 852715
43 380270 248145
44 580443 281935
45 582453 599618
46 524149 253747
47 230549 123618
48 674280 387103
49 355262 400659
50 310806 902082
51 20332 158985
52 546314 323780
53 744675 114602
54 649885 421454
55 258887 679688
56 162861 141984
57 291850 660849
58 77164 657860
59 711410 626009
60 928719 975339
61 969126 395670
62 906967 519383
63 611154 585793
64 214571 92895
65 649672 217458
66 861171 667196
67 397044 493498
68 410325 111358
69 778815 735058
70 775550 722410
71 536734 954433
72 353215 607114
73 630492 128478
74 346780 711165
75 512463 88486
76 172532 262366
77 750986 93347
78 40910 353136
79 761940 52816
80 913455 633316
81 335786 914827
82 645904 536477
83 142953 208427
84 788768 684735
85 30356 948686
86 311079 244
87 113546 840233
88 802807 706759
89 644684 813619
90 478472 258018
91 823853 161754
92 179440 16355
93 881672 946344
94 21291 860567
95 350545 201897
96 322589 94080
97 704701 826864
98 411330 536489
99 840886 512982
100 804307 923732
101 483794 533161
102 232692 254444
103 264633 10777
104 82925 734631
105 211675 94566
106 331844 901373
107 702271 711557
108 310727 241706
109 210126 819040
110 125146 606463
111 367541 275786
112 880428 106624
113 464892 777918
114 767551 859102
115 575599 792029
116 623833 910052
117 601943 383906
118 926173 922479
119 459483 467883
120 705628 639965
121 736218 202251
122 735420 744081
123 834356 46803
124 213651 598077
125 361971 633412
126 768938 981784
127 937382 12277
128 299898 573741
129 931217 848786
130 328270 342153
131 551294 615042
132 29003 571710
133 358348 129593
134 165953 958189
135 877200 263923
136 28055 612049
137 457068 491734
138 837525 385756
139 338403 868150
140 806725 891150
141 846700 918765
142 530831 233445
143 240735 8791
144 881049 30233
145 25557 796580
146 756526 501294
147 590682 441705
148 611910 124169
149 745182 243686
150 906556 448599
151 708400 345500
152 791351 470821
153 786711 850172
154 450953 703936
155 771542 291107
156 692691 900984
157 823229 531690
158 585627 49999
159 24360 587297
160 959800 234179
161 384410 922266
162 51632 428600
163 555522 682554
164 820697 986247
165 705022 987352
166 934803 634466
167 96608 515618
168 198458 945716
169 95536 999141
170 647818 190735
171 984431 293751
172 70433 791378
173 412170 834259
174 449661 162081
175 886182 929355
176 303471 758935
177 538663 919204
178 513796 73933
179 248892 275732
180 272362 840995
181 754636 451812
182 56118 580807
183 306676 398940
184 830551 31850
185 119519 751367
186 600338 862278
187 701115 30444
188 930708 625474
189 383603 132428
190 914804 481588
191 433662 544965
192 713885 864027
193 232715 482991
194 578348 515801
195 208942 799518
196 115164 63685
197 879621 896450
198 590397 122152
199 592636 39988
200 860669 786695
201 450656 317232
202 247277 404593
203 495692 758505
204 45050 674635
205 686488 30805
206 495585 733090
207 66789 472843
208 725830 690951
209 572190 159667
210 990409 184523
211 806303 790563
212 171181 332824
213 300711 283105
214 615001 296521
215 534752 172203
216 580424 708967
217 445940 883998
218 986003 700571
219 478176 241041
220 138197 541764
221 910800 418681
222 525391 24419
223 993215 324601
224 892504 546796
225 595739 307291
226 507150 296114
227 505235 688466
228 206271 741688
229 871292 363278
230 418590 795120
231 280329 804008
232 536438 144723
233 120005 76904
234 207699 42370
235 479628 401228
236 798447 25394
237 563928 683118
238 677373 510189
239 285327 482714
240 126553 559023
241 411813 251723
242 877931 739631
243 891874 776415
244 172529 301216
245 763993 909099
246 492872 435805
247 761413 736969
248 743316 885405
249 854752 842273
250 347045 483025
251 39274 409789
252 420243 36715
253 895478 255427
254 418182 765604
255 796592 429855
256 569158 570075
257 599284 509490
258 302248 844523
259 42595 799468
260 401406 234599
261 222151 365426
262 695324 996602
263 361953 388658
264 605151 527212
265 787639 421946
266 92006 519722
267 686122 696697
268 989864 841738
269 652439 368440
270 437383 47351
271 733819 373060
272 899809 529394
273 686947 127445
274 740481 764810
275 375016 354658
276 280254 327540
277 54633 925099
278 391018 519551
279 723666 723545
280 46851 53740
281 602988 49741
282 328220 749241
283 696035 196097
284 670265 69890
285 822543 174802
286 104041 277785
287 424452 46748
288 954345 894611
289 310793 770224
290 605583 842401
291 664991 881606
292 480360 733899
293 818958 42264
294 191502 936881
295 661 793766
296 171472 582548
297 545897 262580
298 943309 456034
299 948608 853061
300 575048 792336
301 816652 970256
302 159226 532614
303 689667 398648
304 847179 320733
305 106141 348754
306 328049 786785
307 722883 253085
308 882267 20439
309 503844 65639
310 805931 240001
311 247489 817204
312 494841 30206
313 358150 133784
314 118558 891837
315 357080 555697
316 47431 990059
317 664083 256829
318 514351 878205
319 158722 227275
320 851631 798518
321 538420 125862
322 130949 760660
323 546277 354268
324 87707 515691
325 904429 809524
326 337476 56770
327 495981 19351
328 744904 826592
329 306173 902397
330 18263 811462
331 239925 619903
332 469102 307622
333 810333 202186
334 655836 962222
335 706807 527999
336 932732 988153
337 161209 996407
338 902524 190718
339 321222 475489
340 285301 531558
341 827611 216161
342 873574 545617
343 315772 427528
344 520956 356460
345 446495 312165
346 222368 196500
347 520467 323631
348 865786 550267
349 964653 134541
350 858135 355558
351 33045 612217
352 230389 372871
353 981913 121315
354 183196 950363
355 703579 317376
356 305635 949713
357 455901 706097
358 589094 43424
359 99435 145470
360 441836 260066
361 237533 521295
362 104086 351249
363 494954 320515
364 757763 788337
365 14494 781209
366 7522 370858
367 771910 967925
368 225922 877897
369 760259 167476
370 956523 272347
371 328092 375486
372 914623 186429
373 74632 701073
374 92413 169218
375 828677 545271
376 792503 176315
377 120047 76926
378 348035 662186
379 840306 262464
380 146949 104015
381 361055 15719
382 993840 431231
383 989283 930149
384 35089 269472
385 631465 888020
386 951011 930217
387 316792 896564
388 467562 61218
389 401247 27160
390 3213 832767
391 480208 495299
392 641388 910478
393 420154 991803
394 377018 340678
395 978641 295773
396 842808 490787
397 536011 68502
398 321336 397875
399 58693 18058
400 718866 13413
401 299825 65253
402 166004 995910
403 65063 297204
404 534926 209568
405 656772 356232
406 285167 499628
407 283823 851176
