NAME : portgen-560-8828874
COMMENT : portgen N=560, seed=8828874
TYPE : TSP
DIMENSION : 560
EDGE_WEIGHT_TYPE : EUC_2D
NODE_COORD_SECTION
1 458249 771027
2 520902 950509
3 62796 430076
4 111186 24913
5 802902 344097
6 180316 802000
7 532923 407939
8 253823 322560
9 103212 368513
10 24306 895583
11 483433 960164
12 830807 123876
13 483899 636094
14 505994 931297
15 68873 903190
16 893222 927218
17 215874 167578
18 437321 646421
19 279695 499576
20 451016 798880
21 677350 653650
22 667959 157066
23 110874 755320
24 212603 117364
25 162238 672858
26 766479 13496
27 993645 243405
28 136504 531031
29 555152 353323
30 513187 416375
31 150380 611609
32 573897 4021
33 666747 526665
34 134040 375857
35 297064 498503
36 109957 985847
37 206275 351448
38 129104 469936
39 966519 587401
40 987371 952868
41 80941 152671
42 418109 652498
43 752809 281612
44 353320 211852
45 500831 910656
46 512380 903838
47 202512 952512
48 688923 691502
49 447375 316511
50 27961 640938
51 788801 625201
52 129992 209369
53 591916 613808
54 595387 341146
55 490596 854891
56 177710 343300
57 852492 602531
58 903994 246542
59 409097 621384
60 315097 975245
61 79290 817529
62 347895 656126
63 709702 484755
64 855855 996905
65 759531 515296
66 874549 625372
67 96805 132479
68 775158 737641
69 300178 815578
70 748504 506267
71 872515 731936
72 896755 525585
73 831365 694851
74 555942 546386
75 242810 204168
76 835647 450469
77 556979 512665
78 766388 163428
79 528396 997513
80 434211 854274
81 313629 779808
82 592641 984329
83 982376 445774
84 446544 326906
85 771166 209142
86 690599 862710
87 378574 110929
88 139598 628821
89 260549 835229
90 889738 546274
91 956358 858341
92 562694 905256
93 201666 94741
94 32731 112476
95 150103 329384
96 291096 973272
97 44412 539361
98 815667 9804
99 353361 785826
100 385987 202543
101 434301 720712
102 656648 696536
103 247809 977305
104 887774 651722
105 310999 671647
106 130697 415920
107 847410 104827
108 563178 340356
109 735396 53280
110 168661 972571
111 92412 660718
112 940919 568622
113 774841 969886
114 206062 682037
115 863119 162293
116 741046 608826
117 524230 218090
118 415577 540438
119 10931 457867
120 342078 861309
121 359344 979450
122 943814 177531
123 236971 630377
124 32353 475789
125 764520 845780
126 803742 671324
127 922706 223694
128 461497 825475
129 196482 438557
130 280959 707371
131 966373 429907
132 309644 449689
133 312302 151246
134 472105 669878
135 867855 932800
136 308003 259606
137 288760 322880
138 168829 421088
139 738012 717224
140 107125 949366
141 773404 767505
142 401078 155748
143 195919 311139
144 299182 74541
145 905788 264330
146 68333 341053
147 590012 409278
148 553306 99738
149 690690 620933
150 8702 815883
151 892365 315128
152 368664 815154
153 72376 36236
154 270245 766958
155 27774 150358
156 526292 121940
157 532768 16628
158 639037 625320
159 839895 900365
160 896383 212564
161 460555 851171
162 661176 51971
163 40434 992874
164 890942 473605
165 250504 132592
166 150842 971053
167 689450 956767
168 423073 651464
169 234736 384449
170 516710 570599
171 471243 398816
172 178158 693224
173 803774 217162
174 679877 538040
175 368843 560431
176 208796 217084
177 370429 876109
178 665041 921312
179 625678 411897
180 392080 420912
181 801499 885795
182 250248 457175
183 679114 127476
184 943782 839544
185 212853 421875
186 945443 301855
187 531522 335951
188 3768 243470
189 480742 785067
190 386930 119122
191 367196 479044
192 81524 829592
193 331093 265046
194 720805 232274
195 277652 295597
196 707681 395192
197 171595 94835
198 625155 169388
199 867293 842206
200 689456 560303
201 736419 894810
202 151109 249720
203 193235 729751
204 135560 540837
205 545016 399994
206 200507 393403
207 134244 96483
208 713230 406307
209 714199 155413
210 832019 509725
211 260182 101576
212 150087 652549
213 685455 50633
214 150745 281801
215 142716 274016
216 107910 939905
217 240050 986936
218 918615 973792
219 344800 985040
220 116361 924785
221 550846 565392
222 400254 767926
223 35414 606105
224 245105 519045
225 409379 574522
226 18643 585492
227 699489 415439
228 452393 796514
229 654759 164173
230 331105 219442
231 384950 150519
232 424475 620230
233 849147 635114
234 993149 366317
235 61068 107125
236 161202 195154
237 746033 257497
238 491082 674690
239 402086 734647
240 200156 888940
241 395874 986571
242 950696 923274
243 889065 957391
244 515429 619820
245 137788 283500
246 980642 978482
247 923971 9236
248 763583 355692
249 819358 142757
250 276844 360724
251 204018 510457
252 318889 520438
253 178648 32071
254 634795 776215
255 526373 495002
256 281085 34938
257 26384 47604
258 238799 406468
259 226547 415238
260 856646 493454
261 815756 850392
262 89473 700344
263 903106 650745
264 876264 225594
265 78848 459010
266 39894 625871
267 208274 705154
268 607855 360935
269 960186 903091
270 684474 482597
271 730843 100191
272 763173 644333
273 467744 130250
274 889009 223627
275 106130 112838
276 479427 593763
277 63908 817833
278 320830 578147
279 302182 613734
280 912583 817712
281 71885 731703
282 91741 43775
283 764158 180893
284 271764 382051
285 579860 108549
286 517458 2919
287 309107 743808
288 14027 221992
289 786484 271639
290 379514 324958
291 348562 262530
292 313011 261136
293 387125 308190
294 534130 164498
295 940995 426961
296 89171 578135
297 323231 575925
298 965139 727923
299 791083 19365
300 630306 245752
301 343766 617370
302 844113 781172
303 764276 216897
304 280752 802772
305 430708 12639
306 44017 137684
307 672738 485621
308 728541 493749
309 408472 515815
310 78636 36234
311 389810 252398
312 751744 334107
313 764782 900088
314 158806 527935
315 979531 797129
316 941239 983711
317 840931 366874
318 280940 210877
319 589791 827389
320 532594 893375
321 899718 18314
322 85861 904761
323 37151 836772
324 826391 989123
325 811142 65051
326 569117 263148
327 39833 833177
328 304512 360054
329 776438 477239
330 500232 553398
331 627106 453363
332 270177 537332
333 112921 25703
334 51822 767977
335 448470 891769
336 667358 419348
337 704672 13585
338 467117 126662
339 212564 918566
340 29595 404727
341 123649 681567
342 27703 426133
343 170022 487876
344 713534 303599
345 253953 255236
346 159054 821813
347 378918 640824
348 226017 480370
349 313641 72276
350 437644 910488
351 624207 907824
352 959528 406415
353 941401 887550
354 235445 613700
355 663155 816636
356 646520 472839
357 223286 244995
358 394343 805293
359 74444 629352
360 311314 632550
361 712061 979545
362 330333 537981
363 267561 759534
364 459819 298257
365 72183 579566
366 891217 598863
367 255411 212958
368 758207 650809
369 458281 782707
370 31789 364729
371 413431 84181
372 992284 621402
373 543175 179509
374 491480 840936
375 373263 466482
376 20551 15384
377 93 858077
378 19271 25343
379 652412 746570
380 648207 290592
381 429269 452737
382 581911 298425
383 403204 562339
384 480555 601883
385 701819 214834
386 313812 233507
387 256089 844831
388 611999 696677
389 979452 472255
390 518710 242217
391 107121 713248
392 650049 781591
393 150297 438479
394 16952 956986
395 809754 195868
396 170254 856397
397 80887 816954
398 50916 179924
399 828091 147452
400 9402 846497
401 200056 19224
402 322226 131045
403 359361 307302
404 365334 218502
405 707780 580791
406 8391 695426
407 936815 452339
408 120337 572872
409 371849 764956
410 247508 223279
411 734247 333103
412 592481 855322
413 14778 294587
414 911280 125044
415 485470 304697
416 331342 760950
417 764475 937918
418 233826 411695
419 776433 197710
420 661253 577425
421 66630 251995
422 709477 586474
423 461620 837151
424 263915 225565
425 802176 756328
426 268643 703047
427 661981 704705
428 515154 439106
429 254748 384308
430 897219 947666
431 530869 167623
432 557248 130354
433 514161 756395
434 985949 350341
435 990718 283186
436 308956 146283
437 962779 491179
438 954636 31199
439 671121 887776
440 340167 575671
441 39838 526972
442 227824 537804
443 773828 163718
444 203701 634120
445 423756 477430
446 425745 426091
447 206992 378066
448 268469 920346
449 289215 218297
450 631838 430421
451 166029 376139
452 885398 226504
453 716490 741671
454 475222 124176
455 930877 351435
456 235404 620628
457 960551 419788
458 521920 104777
459 960631 179182
460 861885 593815
461 467179 767651
462 718503 560297
463 117156 932816
464 260885 736275
465 774689 212965
466 555976 546944
467 956899 988731
468 340267 419210
469 566420 808036
470 15884 669050
471 203087 24519
472 772235 829941
473 10250 658093
474 707588 646695
475 260909 335652
476 659461 552940
477 443607 418873
478 874444 619085
479 419240 896667
480 886237 297279
481 175250 667186
482 108292 261826
483 148348 210885
484 848392 130610
485 409537 863826
486 397189 313936
487 918272 526233
488 934353 914238
489 324044 299630
490 685852 498071
491 513576 364217
492 850037 477410
493 37714 888790
494 438651 695072
495 840382 129381
496 570817 435810
497 398498 152057
498 271861 889150
499 106247 246001
500 895587 96012
501 334049 407958
502 960842 762838
503 822076 295243
504 702903 966196
505 381158 985654
506 180433 724167
507 56285 756855
508 726461 739440
509 268688 956235
510 989965 259198
511 104638 602391
512 235022 313525
513 529777 989230
514 353094 155433
515 704157 639110
516 211335 357847
517 918471 700198
518 317638 789408
519 307932 93181
520 750949 298273
521 620101 482415
522 705107 581183
523 24743 968426
524 200787 84973
525 622279 282630
526 536055 950813
527 541844 256477
528 884677 976201
529 489487 260643
530 445200 32667
531 987310 609721
532 215247 82885
533 365552 698017
534 19060 475101
535 732112 758034
536 538653 183715
537 333956 707334
538 723143 153824
539 60546 978545
540 428848 553575
541 499743 92450
542 710233 671489
543 651799 601613
544 142599 835585
545 334646 619620
546 770347 832831
547 361069 992915
548 759620 436386
549 148459 997773
550 858040 870919
551 907880 222242
552 656124 68703
553 782887 443605
554 240579 870355
555 604677 283063
556 833602 653901
557 925997 825579
558 262319 154479
559 248652 222332
560 323265 929165
