NAME : portgen-485-6198707
COMMENT : portgen N=485, seed=6198707
TYPE : TSP
DIMENSION : 485
EDGE_WEIGHT_TYPE : EUC_2D
NODE_COORD_SECTION
1 444727 762983
2 151030 878823
3 388508 297815
4 747775 612919
5 340949 430734
6 90990 189888
7 617826 982956
8 243056 69660
9 387732 963111
10 67829 108952
11 671977 912539
12 651103 797957
13 76097 819642
14 146599 901761
15 35912 907828
16 798586 275950
17 468784 34839
18 874691 733295
19 764710 930578
20 36423 807633
21 851473 818284
22 690043 785941
23 53598 385527
24 811380 541440
25 360573 890409
26 958434 465478
27 395959 604684
28 962526 168776
29 294198 116190
30 4132 655213
31 533105 817196
32 576495 533316
33 579260 272706
34 499845 831884
35 929358 857529
36 258280 846291
37 602538 177420
38 150518 206498
39 516579 46419
40 835430 907321
41 525443 30408
42 897629 380699
43 374722 981389
44 699455 935468
45 455579 601984
46 233450 932825
47 1220 178894
48 549352 5182
49 215746 512623
50 635423 847099
51 868947 764961
52 706009 453252
53 364965 928025
54 567849 15260
55 229962 981136
56 469321 358730
57 660611 402147
58 421762 600280
59 815975 397601
60 983963 574077
61 56960 987221
62 196461 82258
63 988581 493319
64 140281 149286
65 812454 222492
66 638648 501319
67 816457 854293
68 438000 166713
69 369796 495481
70 958936 774442
71 165413 301853
72 951504 881501
73 545024 246228
74 736363 918962
75 190312 56033
76 864901 66460
77 700168 412930
78 208451 367628
79 948504 851716
80 15252 198252
81 558229 72368
82 56323 455520
83 815723 167468
84 407225 779110
85 857123 175533
86 863916 897013
87 207289 927930
88 709176 990500
89 287053 783530
90 873807 620953
91 544815 288565
92 134033 614202
93 664263 566280
94 444995 360936
95 38570 270531
96 759487 590686
97 638358 783402
98 910525 268400
99 94563 23573
100 172325 554523
101 959175 952833
102 45155 569358
103 511217 576336
104 932426 85965
105 748667 642170
106 922632 587567
107 813145 744720
108 438764 967543
109 434009 272921
110 544994 547322
111 72904 383652
112 606784 302599
113 216358 911083
114 851858 637930
115 416712 132840
116 58074 201087
117 34863 231636
118 698320 957248
119 475419 389313
120 175438 696719
121 132270 172074
122 815942 491248
123 197627 375835
124 983901 335759
125 567044 999442
126 416542 456633
127 606860 39485
128 496449 758087
129 917969 813518
130 871038 553969
131 100916 543112
132 910526 51948
133 509899 750558
134 771624 321897
135 547092 62928
136 983641 98250
137 705877 545552
138 130780 616270
139 776791 567299
140 806149 458271
141 993113 38339
142 766891 862743
143 31923 514961
144 290561 982915
145 721736 947761
146 185623 153522
147 842220 112509
148 713077 34020
149 466196 270390
150 360468 581356
151 599044 416602
152 529610 108772
153 6328 378202
154 689741 744117
155 7561 981488
156 467526 935054
157 91781 923277
158 368345 947393
159 700891 798017
160 338870 475879
161 284362 501234
162 961428 965736
163 463884 567039
164 568640 597104
165 539223 752577
166 926529 32673
167 559737 824661
168 990744 58058
169 946558 843614
170 494397 84530
171 814070 492543
172 644044 245857
173 663399 684389
174 192093 876484
175 648625 146038
176 465380 869092
177 731166 607890
178 654826 566371
179 856864 704949
180 118027 948270
181 431644 846126
182 249719 923031
183 167417 974982
184 291009 845924
185 259877 683955
186 755299 824406
187 149391 192831
188 10499 415269
189 770067 353538
190 310909 897513
191 710175 863691
192 479076 590953
193 320933 80402
194 782953 636706
195 657243 15762
196 767048 100634
197 583737 810442
198 329230 989663
199 343152 451213
200 235358 248129
201 914322 838555
202 565575 751112
203 435863 601688
204 390015 140213
205 286957 574424
206 783417 220158
207 47705 102265
208 181221 331009
209 262389 439277
210 593801 177754
211 631829 839796
212 610565 11748
213 769633 916744
214 258831 398278
215 756968 408810
216 25254 629853
217 66581 736485
218 114095 490016
219 815985 376811
220 409732 989923
221 818012 343676
222 42904 479488
223 383932 927251
224 490068 571988
225 40809 412486
226 730831 944873
227 694244 826548
228 222875 284469
229 771974 829089
230 637016 945846
231 785703 13204
232 730481 297033
233 756411 439740
234 177253 568217
235 718332 253969
236 840941 690400
237 398468 181314
238 446923 686955
239 145552 784017
240 788873 485163
241 144769 429742
242 761262 811122
243 623106 12050
244 899372 769547
245 980073 674354
246 312762 247767
247 658479 155762
248 148981 127612
249 945207 861590
250 32565 696977
251 781699 706050
252 783115 555645
253 267716 301089
254 183611 883122
255 203441 210824
256 385096 2427
257 849016 962661
258 633083 537935
259 354724 574718
260 148051 628799
261 494533 315663
262 535652 21355
263 472269 134890
264 907285 842823
265 913598 145833
266 503343 262430
267 580576 578048
268 100066 142342
269 580725 798600
270 178038 85170
271 657325 324653
272 621495 351274
273 179821 997099
274 712115 637123
275 683492 14091
276 220327 102384
277 947992 886731
278 193633 519269
279 125474 205067
280 455578 125374
281 720363 385011
282 705083 118270
283 553499 60443
284 380931 497741
285 782840 635984
286 825820 717601
287 891225 133960
288 408472 392149
289 367671 648921
290 827722 953000
291 9415 702218
292 387245 788223
293 425470 118332
294 557346 462305
295 24548 39623
296 761411 82983
297 15760 542054
298 259350 939724
299 433427 487535
300 942802 787672
301 629428 63194
302 809401 730492
303 4675 518109
304 715138 159768
305 461260 75300
306 961922 663169
307 180518 415954
308 363962 637379
309 369251 163029
310 858920 613775
311 627016 893395
312 554939 995168
313 6556 762625
314 908199 160733
315 129284 890363
316 677010 207903
317 187660 752421
318 991077 346245
319 521699 971290
320 424260 788090
321 749080 394316
322 603384 410773
323 412607 868015
324 528044 20591
325 535498 496724
326 31524 272693
327 358251 52439
328 110661 421525
329 875534 56980
330 739414 658429
331 996409 743847
332 735507 673169
333 326219 567605
334 59784 769744
335 3347 495947
336 109335 348659
337 627531 362195
338 582250 354322
339 535144 502500
340 884506 585030
341 887091 851219
342 421319 470854
343 893953 933163
344 472395 514490
345 426201 423471
346 286461 751955
347 967943 928313
348 678755 400421
349 766785 241188
350 828523 58284
351 332871 25544
352 136084 950467
353 609632 180305
354 851374 887396
355 158485 177497
356 949129 361043
357 630778 315942
358 371968 244453
359 775904 807193
360 994414 925798
361 800820 818595
362 941221 945062
363 163076 83790
364 212574 677064
365 752562 401944
366 502947 647747
367 344015 707009
368 635901 526047
369 220440 105376
370 98885 649500
371 157259 665202
372 520076 500402
373 622651 467865
374 810734 22880
375 765237 594965
376 187846 89721
377 488625 426578
378 555336 685123
379 681529 429075
380 314565 83585
381 959865 745997
382 788510 508985
383 20238 283927
384 840967 130375
385 693290 904103
386 433719 753023
387 41955 399449
388 737952 711098
389 329969 514642
390 389725 477952
391 402261 783498
392 362498 668977
393 442079 756950
394 859236 835030
395 686770 351974
396 685080 90064
397 412085 194782
398 215780 404235
399 623246 120627
400 762450 911552
401 137895 296092
402 633154 287285
403 192703 404347
404 727222 819648
405 984499 798386
406 825886 846499
407 742305 962591
408 398505 869801
409 333911 593728
410 293204 616003
411 660681 720340
412 367925 781737
413 766208 137627
414 119868 754670
415 206745 333604
416 983875 510321
417 530142 591339
418 652066 555762
419 41193 399906
420 270472 572277
421 423038 265508
422 541825 70766
423 691292 964739
424 722138 630348
425 428574 78153
426 284366 868575
427 913881 428845
428 927676 627573
429 765949 41815
430 635219 636941
431 363154 327315
432 549175 412221
433 375347 560377
434 304673 671538
435 271298 433765
436 147662 703563
437 165153 215051
438 331636 792105
439 806459 939079
440 854060 138634
441 371677 78053
442 119451 569804
443 970449 656559
444 961146 117920
445 215991 91688
446 251088 369654
447 128607 836707
448 424615 719475
449 100354 326774
450 739129 899186
451 158279 783059
452 776287 289939
453 706475 206312
454 749123 344076
455 458395 271117
456 666426 648029
457 825823 543531
458 385852 993500
459 198707 712468
460 987606 655872
461 460023 977899
462 932409 372112
463 275485 364602
464 927276 875213
465 508576 125324
466 42982 462382
467 480683 582943
468 472207 723648
469 252230 575920
470 183952 976949
471 457851 248678
472 130314 560118
473 631664 273189
474 437244 756495
475 561221 60013
476 792198 225140
477 818198 613805
478 856204 695897
479 302375 193343
480 817732 982826
481 954082 173203
482 160124 481446
483 813265 417748
484 517714 265704
485 911866 112663
