NAME : portgen-518-4487305
COMMENT : portgen N=518, seed=4487305
TYPE : TSP
DIMENSION : 518
EDGE_WEIGHT_TYPE : EUC_2D
NODE_COORD_SECTION
1 854775 408978
2 133030 351623
3 532767 799436
4 931225 769478
5 928281 196630
6 408264 908343
7 901860 262522
8 451208 135350
9 642369 250429
10 107769 581296
11 581551 977899
12 618463 975387
13 298503 398449
14 166511 153406
15 608097 666919
16 838138 230373
17 53476 302315
18 552310 611423
19 365349 213916
20 272347 138874
21 165163 578279
22 714973 70082
23 107116 91195
24 245990 319678
25 922147 326705
26 421452 255698
27 887547 557013
28 207632 624401
29 355501 830715
30 799312 921344
31 434086 717308
32 497130 789407
33 31466 829984
34 193369 831777
35 155405 360013
36 889360 322691
37 328281 781064
38 159844 325853
39 90351 61449
40 767755 674101
41 42947 335796
42 354094 686752
43 232833 120830
44 733242 264069
45 270848 722326
46 418053 533571
47 58510 912334
48 249514 842471
49 249998 933909
50 910238 781263
51 844 184540
52 551923 248046
53 283757 85655
54 901604 200794
55 324180 86802
56 891158 91432
57 559866 76986
58 503290 900514
59 658798 584795
60 539893 188995
61 579985 259460
62 921539 374142
63 359168 704819
64 770768 80235
65 497306 74188
66 424249 889556
67 737269 680953
68 782943 951514
69 775929 277107
70 183462 332318
71 462031 148447
72 724175 81853
73 142340 158592
74 612032 684367
75 553166 544694
76 71703 169762
77 436602 836050
78 357014 111287
79 447271 870969
80 465103 332242
81 309726 624496
82 17332 991862
83 624770 742711
84 367257 478013
85 934645 344697
86 288482 974430
87 31629 995198
88 117291 410223
89 822858 85488
90 17128 247881
91 257547 899798
92 615132 165063
93 764462 799753
94 872224 745407
95 56182 40231
96 584257 297916
97 342462 838764
98 43835 487600
99 116818 728976
100 964561 732117
101 335734 526543
102 667239 305284
103 287147 171905
104 554630 271539
105 71588 557261
106 239062 701864
107 814787 424871
108 747985 11810
109 282033 178567
110 948026 137169
111 625893 638280
112 513451 202527
113 8962 761938
114 307191 726344
115 708051 945386
116 855592 551319
117 13900 459867
118 8818 555683
119 85011 190261
120 417078 752652
121 517719 693657
122 797381 919012
123 414338 945977
124 784464 139934
125 829802 281897
126 180409 390473
127 20925 19175
128 876524 784415
129 512643 207371
130 296465 731463
131 86894 364369
132 854460 318936
133 39542 545405
134 904483 895774
135 10533 802008
136 227345 142099
137 348765 666128
138 956760 235419
139 617355 494276
140 326003 224546
141 249295 99819
142 429878 976587
143 858491 491223
144 696858 694964
145 420325 463413
146 651200 189236
147 179727 615069
148 525306 375619
149 344891 131252
150 962252 178918
151 328622 290188
152 813931 605255
153 32601 80590
154 960594 44337
155 160683 385300
156 87557 817678
157 787046 833052
158 80263 897657
159 184641 239390
160 793629 663922
161 200513 773230
162 933521 831614
163 473386 937157
164 328168 743510
165 633526 876169
166 274825 573017
167 333592 940702
168 136989 431616
169 312772 596826
170 896323 960834
171 306582 457467
172 901334 756402
173 262900 877969
174 255715 348113
175 141683 588148
176 47450 601381
177 497725 86083
178 904092 755604
179 956595 873228
180 468266 600985
181 767817 363767
182 148014 199849
183 78718 630090
184 916344 30643
185 570152 202294
186 641942 836528
187 97707 205480
188 616471 599131
189 275504 847438
190 927522 717781
191 980561 454939
192 275243 32541
193 108352 911057
194 425002 133743
195 861984 506898
196 515272 282129
197 26674 694029
198 318892 470054
199 359760 695853
200 139931 663768
201 602464 408276
202 420590 423902
203 607586 592511
204 326138 465184
205 977730 993035
206 330602 822852
207 11244 961367
208 85713 485688
209 337093 453985
210 880956 608663
211 270330 220490
212 890712 906383
213 599829 233665
214 415937 673804
215 597894 23960
216 272993 810320
217 869707 934487
218 387179 157709
219 443695 313875
220 946828 622664
221 573964 971017
222 252786 253321
223 236568 294781
224 391416 120290
225 94199 85226
226 54117 685955
227 97959 115970
228 390774 792144
229 538569 486103
230 36723 449877
231 148815 12262
232 518356 355065
233 419070 359584
234 570066 757923
235 724799 790931
236 94271 216802
237 359786 795730
238 554545 584374
239 122531 774741
240 515609 807685
241 695096 929833
242 637081 148016
243 875144 260731
244 291963 514641
245 515416 27594
246 587643 685772
247 589076 155896
248 528393 357162
249 611231 457056
250 698775 652193
251 172250 616674
252 604681 286513
253 390130 124284
254 48874 949942
255 240825 130042
256 500180 23927
257 970687 9128
258 862233 463043
259 423185 362459
260 826672 61908
261 748352 113009
262 59147 72605
263 618680 477596
264 612120 73272
265 405599 430261
266 535500 172588
267 533915 385566
268 307505 671169
269 959146 627952
270 285782 412101
271 837545 929504
272 687968 453508
273 279241 474633
274 626624 516470
275 537216 50796
276 745041 537958
277 51456 268513
278 116693 999662
279 82758 219115
280 979008 718961
281 165138 420921
282 664160 828724
283 292496 570676
284 335958 517178
285 729886 387600
286 836418 906715
287 825243 775876
288 316867 210394
289 61553 790633
290 955912 619018
291 394837 393005
292 94264 686638
293 265123 114578
294 508428 705191
295 93069 736828
296 335211 441967
297 898065 898182
298 575682 930830
299 104260 912092
300 136641 68847
301 413080 835990
302 560557 918197
303 655958 352036
304 443694 364818
305 3390 2114
306 491234 377567
307 126046 242179
308 383750 723170
309 522856 765977
310 253042 361666
311 466415 423865
312 380537 661039
313 974519 428
314 346157 907045
315 119917 964830
316 766699 696734
317 787243 953797
318 127784 17270
319 266959 852084
320 302888 541952
321 591722 742450
322 452149 731402
323 270413 911345
324 61429 237026
325 923662 575253
326 584673 197214
327 792174 171810
328 302147 716345
329 48747 606760
330 790413 638687
331 85076 591609
332 61930 461438
333 410392 748783
334 925417 394643
335 971766 472404
336 661741 285829
337 842314 677788
338 776992 269200
339 631691 208727
340 358891 258173
341 951681 739397
342 116632 481230
343 879754 175090
344 634804 325805
345 543404 379000
346 91852 872315
347 880318 830483
348 880210 305892
349 900135 774361
350 954410 1212
351 279654 852701
352 878135 665488
353 623572 845276
354 80582 310944
355 292056 127057
356 81541 722941
357 63355 411412
358 546835 212761
359 711291 231446
360 581227 104500
361 848647 151056
362 440233 970553
363 192750 809039
364 407694 176825
365 54215 931716
366 188617 320746
367 916671 231833
368 176632 228739
369 676041 705219
370 934394 666992
371 463798 403357
372 744577 438904
373 530352 940796
374 432082 909765
375 637733 71171
376 898198 723309
377 720146 22693
378 812594 958907
379 936030 646301
380 488856 394833
381 169234 375363
382 376549 625063
383 663258 678184
384 978364 624450
385 881060 606038
386 780678 801526
387 593713 510056
388 206302 125337
389 430910 417539
390 157958 233842
391 873009 761392
392 687969 659382
393 762482 813254
394 944196 291608
395 568574 498448
396 250375 51591
397 824159 328355
398 886314 662272
399 809643 234521
400 232602 405014
401 509885 14543
402 751806 403891
403 198161 136805
404 35340 60764
405 260211 999340
406 14711 644421
407 77727 990408
408 144458 117643
409 551204 48194
410 738748 986
411 868540 743842
412 391848 476045
413 96153 766134
414 49719 189822
415 311894 69496
416 89997 370146
417 157327 158618
418 219130 228587
419 683665 697560
420 514923 644838
421 262050 896002
422 552859 567588
423 629907 506532
424 659742 348113
425 232202 120180
426 612553 619821
427 922627 163105
428 315017 139739
429 857215 593187
430 184760 969573
431 453140 337780
432 545840 615372
433 737289 118708
434 91561 510139
435 360500 637925
436 457900 203090
437 815991 618568
438 388433 248719
439 821215 228742
440 161027 956413
441 908918 456531
442 5062 342320
443 616356 752217
444 824306 541954
445 421329 100422
446 137025 173526
447 337060 876998
448 186937 58960
449 80011 934291
450 179155 381188
451 685317 430999
452 187086 275789
453 211261 156021
454 614758 580306
455 546749 562800
456 315433 315260
457 171858 84337
458 832547 279614
459 719 668841
460 428435 678329
461 38697 157270
462 330983 979311
463 952607 26901
464 16004 540202
465 407306 232412
466 633960 240909
467 681993 598226
468 640980 593657
469 284673 920724
470 509772 336741
471 751497 155465
472 113519 742999
473 61724 979755
474 842542 357748
475 924391 160036
476 42955 539809
477 526985 946743
478 747227 444408
479 749006 588859
480 634808 617603
481 871347 694033
482 70533 210008
483 811303 159968
484 201741 428858
485 22612 852792
486 437072 642971
487 744449 268398
488 635373 498888
489 630284 384240
490 232084 508198
491 277894 427145
492 905393 789703
493 361064 939927
494 170376 471984
495 786923 481012
496 391916 855814
497 898111 656980
498 899669 108525
499 411015 845121
500 107626 562836
501 349471 458301
502 125664 416192
503 882142 615810
504 634415 737282
505 585679 807300
506 274032 277021
507 801935 153796
508 225686 15533
509 795921 413552
510 310338 702777
511 748952 356619
512 321232 459775
513 503321 978770
514 517307 328257
515 386255 19562
516 864472 893002
517 798561 424783
518 234166 872
