NAME : portgen-420-4426989
COMMENT : portgen N=420, seed=4426989
TYPE : TSP
DIMENSION : 420
EDGE_WEIGHT_TYPE : EUC_2D
NODE_COORD_SECTION
1 150217 191057
2 260952 44826
3 912318 274207
4 945893 297349
5 933428 419037
6 639541 554011
7 395569 856828
8 670290 231393
9 292550 137416
10 802296 637567
11 144208 281592
12 783218 940233
13 956233 366099
14 143220 564182
15 273041 837947
16 563773 991184
17 588157 924889
18 620708 631881
19 29180 757295
20 19150 435290
21 305524 630674
22 961081 985562
23 186992 852658
24 667259 201137
25 833300 601289
26 523298 83229
27 567874 336696
28 429449 159033
29 602900 336062
30 424117 280436
31 245026 188597
32 278198 498137
33 113512 8867
34 592930 410006
35 669835 817631
36 564134 91413
37 304116 201007
38 114269 60978
39 713718 446522
40 510784 797200
41 763199 807157
42 140064 992604
43 592921 375175
44 712985 90019
45 811376 611841
46 38950 619174
47 87459 201519
48 871155 214111
49 326557 760074
50 871293 126014
51 138940 220736
52 690352 36099
53 838090 716141
54 943164 575269
55 743774 54274
56 446047 512880
57 524685 812275
58 241486 625851
59 101138 76679
60 626982 899401
61 682309 832856
62 538712 543821
63 678691 343397
64 401061 268016
65 362916 398127
66 117814 138449
67 702747 456510
68 351152 250319
69 282471 327789
70 751118 967069
71 274036 636306
72 463037 911975
73 929532 206094
74 80461 543637
75 522827 527757
76 813049 58540
77 397157 473165
78 8199 490
79 517988 233841
80 684946 587771
81 433669 615375
82 824150 776705
83 780237 809740
84 49842 612710
85 882742 35391
86 545389 557500
87 553852 99224
88 86351 623768
89 435699 65546
90 535621 678201
91 825409 167219
92 583069 775145
93 964458 502438
94 314299 926042
95 676273 541412
96 200476 669760
97 445046 715727
98 421679 716535
99 82454 363813
100 825623 305764
101 770395 14915
102 8015 844626
103 702348 645830
104 475471 622011
105 508707 505760
106 686191 591946
107 557568 143534
108 387294 763909
109 170328 108423
110 355025 63701
111 727286 686028
112 787087 576978
113 264996 530474
114 549485 709225
115 396875 440521
116 148297 813687
117 556838 29860
118 992009 233462
119 609651 439535
120 387851 200548
121 332110 205875
122 571017 612571
123 814125 514448
124 882673 868067
125 450730 891205
126 167050 373228
127 966938 385101
128 157466 956707
129 458076 978154
130 852616 468886
131 36179 35935
132 234160 308158
133 173650 480315
134 20928 944997
135 329409 872846
136 881236 302261
137 657692 463820
138 896651 354057
139 719090 401985
140 419512 308289
141 72398 571330
142 856608 927989
143 404342 112361
144 579527 248679
145 856210 511693
146 212533 664654
147 110126 515004
148 319312 29849
149 548183 107197
150 715919 460068
151 795358 480687
152 448555 142441
153 818806 595720
154 516619 38949
155 980759 45105
156 377179 209396
157 121944 340923
158 256352 371525
159 925809 719155
160 988845 143801
161 932132 913731
162 229077 869340
163 77488 400548
164 853705 515250
165 645013 300930
166 837437 680140
167 421225 374407
168 931109 863001
169 449385 515685
170 671636 32817
171 186551 860372
172 259834 712408
173 579560 298802
174 435576 240785
175 437516 918764
176 176143 32932
177 462184 414989
178 622630 115217
179 59461 74148
180 211332 955805
181 146335 934
182 367312 947942
183 858553 516807
184 949562 409536
185 761362 957550
186 935948 685024
187 281638 70081
188 967658 899200
189 451547 814087
190 246710 962270
191 341086 779557
192 303918 689208
193 154595 836503
194 312828 473283
195 515853 414301
196 913439 39848
197 754322 714086
198 96868 501526
199 578733 189752
200 744750 680360
201 847254 621488
202 994074 475246
203 577677 396585
204 729014 772976
205 260393 786126
206 802389 586178
207 558294 797030
208 42365 106486
209 246611 653226
210 851073 357026
211 938073 759809
212 664786 81002
213 110295 314459
214 690950 806392
215 492403 571072
216 170185 678571
217 553694 460583
218 159880 754907
219 221263 506887
220 646842 48108
221 589891 659602
222 622209 158826
223 476227 153629
224 375062 673320
225 603790 782409
226 810576 772341
227 697349 173677
228 510174 168682
229 67794 533490
230 315365 822769
231 175322 222126
232 126133 212284
233 196235 142787
234 963969 399467
235 320803 888736
236 731423 573291
237 49435 68664
238 546450 165732
239 62460 491109
240 570828 941612
241 246664 157459
242 491026 669633
243 395750 948059
244 552437 341409
245 264348 17093
246 790938 821795
247 186083 758106
248 316685 16600
249 610166 553544
250 612376 310495
251 91168 883953
252 102491 662178
253 535744 653117
254 281314 27715
255 777926 562115
256 616245 726385
257 269142 298272
258 31831 353526
259 36043 368027
260 895599 179634
261 532620 410424
262 787090 10308
263 797567 847470
264 470799 387257
265 532920 893332
266 884417 34745
267 713182 8712
268 325367 520279
269 888317 192754
270 637802 42224
271 912016 184409
272 445809 84713
273 484472 380513
274 34704 175775
275 960538 469214
276 545800 222909
277 20623 719043
278 426077 56423
279 170770 93779
280 336810 15464
281 764800 88560
282 389913 735702
283 650099 431835
284 280576 184428
285 813799 651317
286 318821 860267
287 407489 426385
288 633834 309711
289 389801 68047
290 584230 741143
291 676699 377020
292 50446 517455
293 128532 795856
294 644831 977480
295 358613 893532
296 239703 703888
297 378955 986484
298 723402 51748
299 776920 19424
300 450879 174761
301 990712 966657
302 591545 219394
303 792514 168779
304 172462 503168
305 590511 630220
306 411591 193290
307 735165 443278
308 775761 60911
309 709605 403428
310 12300 598350
311 654914 261152
312 733549 639037
313 660604 352164
314 268721 188094
315 633870 465054
316 137248 886633
317 477536 954009
318 329551 483409
319 641854 607168
320 741693 67620
321 86251 241402
322 965180 760263
323 238617 978550
324 970338 739917
325 325879 371237
326 783027 588826
327 385553 985824
328 37513 104079
329 489121 637536
330 889843 309105
331 526925 565294
332 761474 522890
333 543969 170188
334 228109 974902
335 204660 797210
336 90572 969687
337 77549 641062
338 815322 66087
339 875598 747724
340 601524 556525
341 863042 631184
342 298250 324765
343 938129 571954
344 125158 954645
345 410040 159362
346 255299 666951
347 402508 944483
348 977047 116563
349 163853 324118
350 944940 172530
351 102952 222614
352 138392 769354
353 508195 151842
354 290575 60788
355 47695 465559
356 978920 534475
357 227496 730480
358 53805 859973
359 162785 816990
360 545842 427405
361 6335 903991
362 29962 32129
363 694258 867958
364 831294 308195
365 132866 663480
366 775511 814809
367 700029 135965
368 577604 328567
369 403688 567770
370 270960 78155
371 409168 308167
372 408803 982634
373 153027 351308
374 636989 370378
375 250224 109089
376 285268 855658
377 191251 281460
378 397019 288143
379 522584 2427
380 191749 179628
381 748154 722805
382 789828 969539
383 56390 670752
384 125672 244861
385 577452 702496
386 222984 792406
387 566766 436753
388 142136 150676
389 712740 748502
390 635110 406115
391 345374 828867
392 116445 953238
393 915326 52706
394 24980 730489
395 79574 906851
396 202895 158826
397 990318 568463
398 855171 616761
399 741401 972050
400 840497 2350
401 638568 888486
402 735268 844109
403 763714 456401
404 739213 238012
405 366134 344312
406 263162 792094
407 922852 284897
408 976732 589327
409 732487 221365
410 114367 439629
411 929350 153621
412 404363 575102
413 63928 334497
414 57138 722656
415 673038 685735
416 411463 474727
417 382368 290797
418 142953 553279
419 906014 831547
420 976505 325998
