NAME : portgen-510-440897
COMMENT : portgen N=510, seed=440897
TYPE : TSP
DIMENSION : 510
EDGE_WEIGHT_TYPE : EUC_2D
NODE_COORD_SECTION
1 103462 757798
2 949421 791025
3 24897 887049
4 467682 48481
5 665870 998829
6 283567 402308
7 194557 943207
8 314431 993449
9 747960 719501
10 126403 739638
11 19491 635852
12 159559 909033
13 954521 517900
14 354810 643389
15 863120 153032
16 981975 544692
17 612363 538969
18 848949 478784
19 174756 939177
20 3188 605094
21 944571 693028
22 104939 662587
23 770142 896844
24 973172 575688
25 91291 451166
26 920265 459850
27 759615 8877
28 4061 558769
29 145434 410451
30 942076 546113
31 712292 528505
32 45293 60775
33 54258 590539
34 297368 531969
35 173064 417586
36 20277 172271
37 628210 675237
38 819372 559641
39 876236 150682
40 904971 395751
41 372465 944359
42 701313 317007
43 440739 453470
44 499399 551588
45 484711 258410
46 181415 642786
47 766112 585601
48 584817 772300
49 64818 429702
50 843215 210501
51 20608 822490
52 670717 695540
53 78700 975906
54 758536 442608
55 568137 550591
56 59370 593846
57 925740 683665
58 364697 69505
59 762393 459691
60 475957 281958
61 525721 867665
62 688754 962563
63 396977 197787
64 501553 932669
65 596536 843466
66 801104 433628
67 582544 354379
68 336380 778619
69 18619 17647
70 952310 371233
71 691076 39708
72 75630 202752
73 732689 313749
74 954032 803548
75 188624 387030
76 270746 132148
77 833166 999748
78 409396 586980
79 239945 316338
80 359159 300080
81 957286 740889
82 490297 196903
83 859515 19662
84 518216 722987
85 950976 50947
86 115473 958844
87 271066 88927
88 11211 393573
89 34499 689006
90 553166 809997
91 957842 185215
92 573509 296455
93 886180 60214
94 943330 385641
95 494864 316718
96 260403 295632
97 66670 901363
98 255760 732232
99 768641 986702
100 191541 339115
101 279250 265025
102 250382 378626
103 429188 85531
104 558638 536710
105 113568 349182
106 643649 854304
107 821474 42441
108 39677 661654
109 674218 588934
110 941143 127283
111 251021 531513
112 531445 611860
113 771697 850447
114 708461 892440
115 659739 925680
116 834935 497789
117 575438 203984
118 166347 103537
119 363741 531068
120 256778 224525
121 385995 354396
122 444498 367580
123 65697 728890
124 764186 454809
125 129666 405312
126 23770 876201
127 326963 265861
128 504180 781460
129 689587 46398
130 212278 325650
131 721790 27569
132 279931 889042
133 963186 289253
134 409806 453893
135 976744 310787
136 897468 219409
137 459267 535830
138 103513 374820
139 204550 265584
140 107680 990236
141 160860 662063
142 680161 334089
143 203889 807365
144 217857 686395
145 240797 877094
146 693731 909847
147 554323 945991
148 327057 166586
149 895128 908667
150 264067 690876
151 524340 498601
152 347129 139429
153 244451 361706
154 196039 992873
155 61971 696815
156 563602 3191
157 805600 335184
158 631918 811942
159 473246 333940
160 561985 796599
161 394124 501138
162 189825 285867
163 786447 398866
164 872279 319837
165 291378 741806
166 178780 211676
167 203612 410864
168 426634 157669
169 856462 344977
170 702171 391947
171 334118 883917
172 124410 444198
173 482970 192593
174 720022 268455
175 159544 928190
176 294307 575290
177 617288 522261
178 512096 312663
179 294988 936264
180 712795 86782
181 505243 851062
182 290702 670024
183 362697 679685
184 878780 361402
185 852213 439324
186 91920 204791
187 174396 633794
188 502292 818833
189 883849 667564
190 773771 473783
191 103878 936015
192 607042 204595
193 236562 327718
194 920974 533588
195 48167 746948
196 278888 495060
197 492763 262846
198 300026 129327
199 709520 490615
200 941905 664136
201 308743 52457
202 494683 685760
203 824312 358292
204 968248 412692
205 285698 184378
206 391689 761400
207 888096 965846
208 807894 10183
209 358298 27855
210 369997 233370
211 970164 388165
212 419496 188076
213 130581 39462
214 710107 488635
215 809482 144000
216 850584 471157
217 381865 589392
218 82093 342477
219 47918 641195
220 396701 226379
221 969419 893118
222 163590 814797
223 776784 890723
224 75563 304686
225 132264 260564
226 419219 220884
227 681133 797905
228 813551 837586
229 670591 905291
230 603666 481834
231 310373 327053
232 15991 59319
233 214959 498570
234 597810 73299
235 189062 917171
236 934620 53612
237 895590 109433
238 814150 749279
239 707032 621591
240 374524 292995
241 368870 804816
242 884968 327647
243 833626 523531
244 455165 322546
245 374433 583522
246 744667 974618
247 452132 479530
248 291759 915807
249 997527 54156
250 647 27504
251 183690 453971
252 930161 839269
253 891693 614403
254 335915 353485
255 964278 290020
256 382420 348045
257 530857 20144
258 737167 335754
259 874920 536461
260 767560 299151
261 501043 543653
262 72651 161558
263 733480 480648
264 123450 56321
265 217740 199747
266 413363 353546
267 657313 84504
268 910575 20825
269 273959 864824
270 590479 497871
271 648610 918704
272 554986 75282
273 82479 201013
274 901967 290574
275 746049 811110
276 792357 941206
277 836416 800900
278 614140 830144
279 796658 845657
280 928694 870868
281 340444 471091
282 763005 466407
283 641409 463715
284 793058 455575
285 937664 536153
286 433787 584346
287 790411 956449
288 506794 559836
289 707237 271751
290 547417 903336
291 683990 277792
292 127626 346872
293 859303 942272
294 590541 190905
295 443095 446859
296 227767 818384
297 927160 54326
298 64083 64264
299 128293 598537
300 568487 522643
301 493776 630215
302 743156 842713
303 127120 514564
304 813579 489544
305 941597 671867
306 239603 605752
307 402562 481835
308 643100 522060
309 543930 708679
310 402323 577144
311 335422 194521
312 887087 415020
313 42377 803572
314 841189 947697
315 829329 992230
316 746256 217692
317 330154 875549
318 663733 78237
319 875230 645791
320 703771 337242
321 398341 881861
322 788582 865950
323 111436 33245
324 931296 512139
325 11948 260510
326 223075 180595
327 769207 576257
328 776386 276084
329 300060 867607
330 178980 48882
331 639333 167788
332 785773 604354
333 273526 357741
334 817170 536611
335 370398 609855
336 590763 31791
337 696730 141812
338 354069 154826
339 425313 310829
340 638634 766293
341 503512 973582
342 768716 780446
343 352896 578468
344 431919 725800
345 602023 305991
346 261067 338618
347 275393 93915
348 746479 366550
349 185130 646769
350 511881 956610
351 607932 620466
352 873505 245655
353 756998 249493
354 411879 988761
355 223360 197918
356 844164 574260
357 265583 872989
358 787815 300714
359 892394 691857
360 857874 906975
361 172610 170400
362 24730 413787
363 1922 970296
364 158285 451075
365 384813 104575
366 742947 436551
367 87469 440715
368 922128 929252
369 707998 895727
370 992631 52181
371 686073 740061
372 867925 695048
373 133381 90667
374 313888 861605
375 91992 776182
376 208264 734055
377 261956 407305
378 213663 171380
379 532997 432789
380 323526 827746
381 541494 516151
382 996130 171178
383 511844 104103
384 706334 570535
385 739607 697147
386 986826 30789
387 599864 81692
388 698710 438554
389 908444 617424
390 200124 830542
391 437299 725496
392 127548 557066
393 563081 226795
394 440421 916290
395 928870 818025
396 222917 137463
397 156119 295483
398 65355 655284
399 140196 786233
400 996337 694826
401 182223 696463
402 661481 261450
403 338883 482768
404 606506 704889
405 844224 986867
406 730959 616707
407 503918 505501
408 604829 404030
409 360031 700647
410 105822 856560
411 963906 920100
412 574197 44781
413 514924 290362
414 369308 338414
415 742809 215942
416 832047 203554
417 773200 213256
418 99583 820592
419 221577 622046
420 952237 159051
421 866763 739774
422 810467 72310
423 854118 302816
424 563266 111338
425 780558 774993
426 285976 801782
427 43424 780395
428 862778 978668
429 923263 448224
430 161867 518290
431 261191 984460
432 752651 685172
433 120103 991184
434 806239 431608
435 651383 302012
436 840763 248693
437 920088 330829
438 570583 162124
439 876676 793802
440 182002 536256
441 367098 921083
442 176547 224518
443 954750 847587
444 450902 88027
445 93152 108398
446 14352 789969
447 970663 650225
448 318287 618070
449 819685 479638
450 501727 691993
451 426140 769464
452 929335 244302
453 407894 364892
454 625234 818906
455 825644 15190
456 527765 835235
457 355071 53468
458 503938 471221
459 13797 102426
460 366885 502033
461 171499 326601
462 929880 959390
463 875871 71299
464 319357 675785
465 922934 205690
466 536890 57770
467 968157 166811
468 8490 531863
469 566012 123078
470 720580 483528
471 833790 348475
472 721142 591119
473 936899 687751
474 860088 11272
475 774353 246987
476 298712 143900
477 556703 296036
478 155103 368370
479 801306 762523
480 235812 876031
481 798879 502156
482 98325 342115
483 181400 179290
484 114093 763951
485 116569 816186
486 611133 2524
487 328073 119897
488 203320 27598
489 769897 633844
490 804287 507501
491 269992 556833
492 439973 46903
493 406811 34734
494 959444 626042
495 985411 829200
496 417770 802061
497 6508 904393
498 872395 831265
499 20402 601244
500 387798 909300
501 917853 226243
502 206985 266851
503 976995 741879
504 703927 509800
505 889225 120369
506 408925 175264
507 777112 406612
508 458260 996818
509 495647 193932
510 469720 350134
