NAME : portgen-403-9626431
COMMENT : portgen N=403, seed=9626431
TYPE : TSP
DIMENSION : 403
EDGE_WEIGHT_TYPE : EUC_2D
NODE_COORD_SECTION
1 418756 860676
2 960068 546220
3 505200 466538
4 812466 778527
5 619211 334278
6 402165 803369
7 7362 724441
8 915187 420664
9 457160 539480
10 461637 610034
11 572368 586347
12 254176 64639
13 481276 856124
14 665939 666110
15 411347 372444
16 276842 270694
17 299887 112012
18 71669 867074
19 570890 505070
20 910713 541026
21 700410 168944
22 116959 642352
23 143707 444937
24 245683 688646
25 633159 169369
26 913671 177442
27 794056 15432
28 668891 148062
29 560788 848056
30 474550 638125
31 895647 307396
32 867814 78184
33 633867 233221
34 686410 365010
35 580734 470250
36 174980 768514
37 906321 292267
38 696363 394925
39 792290 238744
40 395748 333213
41 295336 817882
42 191559 773221
43 476797 969446
44 402879 221703
45 478144 838448
46 180664 205880
47 924335 440463
48 366045 931896
49 262623 824691
50 945988 748781
51 652646 6939
52 292898 299945
53 874033 95788
54 985882 20835
55 538634 699444
56 745182 339085
57 369912 636102
58 457461 689766
59 383060 427351
60 712139 701971
61 970598 861718
62 419021 831953
63 817603 168041
64 475616 606375
65 418234 600575
66 409043 771455
67 700110 696303
68 588030 956250
69 447970 555457
70 315759 787031
71 586386 975528
72 509564 776172
73 867850 318945
74 786858 92382
75 622859 198003
76 456279 656247
77 406457 345413
78 339738 881190
79 306829 596594
80 711915 917782
81 647818 430425
82 705075 751603
83 113058 769654
84 829521 593739
85 768252 138516
86 902907 290678
87 804492 514135
88 245691 314350
89 455261 73608
90 492214 936412
91 861212 879022
92 894460 500451
93 952756 978617
94 66380 948506
95 583245 818375
96 126729 854230
97 787204 177243
98 884123 295707
99 171036 995428
100 530481 553499
101 863683 713250
102 600167 686446
103 336791 577257
104 761787 906005
105 392656 361120
106 814810 358322
107 13348 893539
108 791053 793587
109 643220 527831
110 867480 817350
111 598618 834092
112 63258 214753
113 274832 189657
114 690511 118045
115 177343 668433
116 552563 549255
117 680951 131094
118 121602 502890
119 865673 920
120 709398 159169
121 335397 538548
122 81026 765895
123 219757 292637
124 790972 572451
125 902411 694466
126 605196 52990
127 818085 862047
128 935 314428
129 32298 469072
130 564844 833901
131 711584 760866
132 196607 233486
133 25722 276262
134 277295 247453
135 673782 498415
136 2614 70768
137 625420 173013
138 212153 545628
139 16007 201210
140 213817 960404
141 157358 221438
142 553201 343442
143 956849 791696
144 352647 447464
145 105371 845339
146 225594 618220
147 327138 210982
148 156554 264629
149 913127 908012
150 553741 674128
151 276630 589762
152 358634 942006
153 537107 383758
154 499789 474642
155 905197 209239
156 961780 584833
157 363701 719504
158 608306 93363
159 433727 985624
160 76932 761093
161 363135 369283
162 693711 999653
163 221785 412852
164 712133 683413
165 635905 828395
166 45839 541364
167 296012 4577
168 998623 572524
169 857737 833696
170 735135 863485
171 357968 367023
172 370532 344278
173 482204 856311
174 924508 327485
175 989197 743701
176 552495 229713
177 272106 725346
178 628289 735265
179 293749 354056
180 943383 964582
181 526021 666092
182 739506 41711
183 851270 594757
184 214301 19422
185 237300 751995
186 168855 106242
187 996427 333230
188 208597 133421
189 97176 968365
190 371363 486519
191 119103 358077
192 740030 671323
193 302373 379746
194 801858 254301
195 153307 403866
196 358223 838314
197 596396 983140
198 694630 251725
199 370595 37302
200 135681 348782
201 759135 956142
202 956121 502677
203 624598 194418
204 489682 600783
205 422972 248543
206 933407 39448
207 200749 539516
208 606359 687707
209 69696 756366
210 347081 599544
211 224161 176999
212 883741 888517
213 992860 212712
214 150121 493749
215 708631 14178
216 643738 496392
217 545392 122820
218 553112 79655
219 157327 200513
220 64963 614666
221 310049 45491
222 907219 553763
223 179704 181224
224 954572 707878
225 990279 481917
226 101604 876845
227 328670 121502
228 705043 262742
229 410749 833300
230 949564 544943
231 37090 289169
232 535820 808306
233 938493 887915
234 132228 646986
235 359812 425134
236 733134 361817
237 766086 865163
238 497940 347316
239 848328 762239
240 183473 730117
241 801962 316821
242 544184 163688
243 977088 354569
244 960572 737086
245 184327 665197
246 947426 510341
247 840701 639829
248 881531 948231
249 279404 42056
250 55822 832388
251 332895 192333
252 524405 260161
253 679955 784783
254 332660 164981
255 144414 350473
256 302170 673663
257 648973 284367
258 597516 526749
259 448467 895991
260 926774 990261
261 608510 90171
262 591163 527423
263 92238 540800
264 837412 505925
265 185208 713156
266 14655 683346
267 617825 832999
268 427947 128299
269 667848 259817
270 566171 450338
271 906102 64581
272 810311 194066
273 56686 857255
274 919178 313277
275 547590 340731
276 110819 773479
277 856848 342666
278 817733 649549
279 574508 691405
280 832213 551655
281 116935 72843
282 598810 694075
283 444371 237589
284 863351 454907
285 227681 740261
286 607570 135190
287 348400 586043
288 879442 835031
289 233323 248496
290 709690 442689
291 966292 146007
292 673711 633552
293 596221 941811
294 84536 923749
295 388627 190358
296 264947 212940
297 32135 825910
298 842768 770912
299 716180 224268
300 314623 221655
301 623931 670681
302 603586 104900
303 374438 964811
304 99767 223295
305 746444 875921
306 565012 650758
307 302777 641855
308 286708 903994
309 40707 772899
310 851306 673459
311 521408 639083
312 140283 6025
313 116329 936888
314 531603 243499
315 211604 914630
316 735263 10027
317 502052 833768
318 877677 315533
319 843229 31856
320 346844 692227
321 901103 311637
322 72442 715168
323 668949 625864
324 72657 26110
325 709581 905879
326 239308 472680
327 12663 399993
328 486391 613904
329 168629 769818
330 227223 58904
331 121582 67911
332 876451 54217
333 974818 253374
334 578315 587609
335 972905 660844
336 831336 14597
337 63317 945427
338 434151 48727
339 626419 740289
340 519633 502425
341 768259 761785
342 16276 152699
343 793048 667351
344 133576 447834
345 858950 624302
346 737218 255620
347 58950 685999
348 860890 886505
349 248319 127015
350 281017 620222
351 999444 332367
352 506476 207156
353 137620 477523
354 456404 859963
355 606945 819040
356 480327 720795
357 910867 602921
358 321686 865961
359 8961 190451
360 193327 88312
361 5055 451299
362 306592 352683
363 661400 498968
364 508121 856161
365 807807 956627
366 592323 766456
367 133344 700593
368 22097 47464
369 850917 413355
370 831013 927086
371 658390 943124
372 254506 770637
373 619247 285918
374 949028 706267
375 24599 361921
376 378384 392158
377 319208 324389
378 27899 232987
379 199023 805882
380 185059 90155
381 626605 43049
382 28950 679859
383 160649 537203
384 466288 140229
385 983673 35768
386 916933 302693
387 165852 831405
388 709928 612896
389 132091 982202
390 324784 428412
391 299945 702239
392 671101 717651
393 330021 549273
394 737505 453485
395 539944 484893
396 581175 710687
397 429681 795244
398 10152 355696
399 777272 423100
400 60709 6350
401 153826 966825
402 381483 596187
403 61976 676144
