NAME : portgen-586-9807298
COMMENT : portgen N=586, seed=9807298
TYPE : TSP
DIMENSION : 586
EDGE_WEIGHT_TYPE : EUC_2D
NODE_COORD_SECTION
1 649843 199487
2 52599 388226
3 378780 27809
4 473551 494351
5 741437 851353
6 586056 622852
7 35471 657306
8 774169 652643
9 721481 665057
10 291599 411322
11 309137 287021
12 846177 194623
13 718482 968883
14 305266 22670
15 973808 349278
16 134057 487410
17 979373 98845
18 121407 844707
19 229884 306146
20 886556 658675
21 67216 63890
22 215908 614530
23 183150 704627
24 906759 389392
25 127333 744951
26 155819 562595
27 349238 966922
28 628862 162433
29 220113 953754
30 266818 534073
31 797925 167405
32 607794 82761
33 784136 522165
34 406943 420941
35 474156 69541
36 745883 332088
37 537723 546647
38 255503 746541
39 937782 879254
40 565761 556048
41 748769 351511
42 755851 439735
43 551353 966651
44 879616 896611
45 314708 599241
46 437763 808942
47 831989 817015
48 912791 735128
49 526167 669260
50 359027 436608
51 766845 27504
52 823631 571284
53 996182 804307
54 806743 909503
55 415569 662211
56 282817 323502
57 639045 667577
58 96309 988982
59 335416 790778
60 169970 49008
61 995998 737683
62 61914 37547
63 302696 718379
64 508457 966438
65 550464 451195
66 939797 28279
67 463685 903549
68 273231 425266
69 712466 88274
70 343425 562371
71 631235 88837
72 726640 265700
73 603243 700080
74 747028 794441
75 514319 194411
76 226671 559728
77 118795 907831
78 496810 738566
79 563818 920081
80 298053 570915
81 91841 718469
82 566077 853198
83 30976 193979
84 596861 373345
85 64334 396229
86 241953 540974
87 276459 975558
88 822337 436270
89 618887 154082
90 540737 564130
91 154561 588375
92 668385 979549
93 359354 221328
94 462201 610487
95 872573 79251
96 828405 339120
97 23940 947195
98 320417 90260
99 812378 751081
100 443363 166973
101 81193 592946
102 253704 950189
103 39850 638296
104 891343 139246
105 548477 275482
106 276364 953331
107 47508 218801
108 742509 752720
109 694529 618882
110 532780 940715
111 381601 845779
112 929982 897361
113 315036 649007
114 287269 326269
115 935708 184041
116 544926 479641
117 605605 265254
118 287765 201229
119 540866 449584
120 237039 606633
121 526798 843319
122 77706 931857
123 697650 982625
124 409138 126578
125 632159 671409
126 802991 486109
127 815373 259322
128 622046 601552
129 987340 988450
130 662424 838620
131 97429 441759
132 902206 941844
133 748684 433045
134 875624 115651
135 521150 759884
136 343582 567950
137 986722 861370
138 137723 895492
139 30406 670660
140 275315 713484
141 661666 298818
142 663845 97087
143 86611 103167
144 577434 663761
145 516569 854719
146 325605 425215
147 928433 477155
148 263050 958847
149 856596 216335
150 794133 802158
151 952219 738477
152 851263 918674
153 9743 504172
154 822263 718285
155 172710 518878
156 24117 323579
157 471880 807704
158 513015 672214
159 513325 425051
160 678793 789837
161 576448 659288
162 321517 718991
163 807664 605104
164 716686 68047
165 851627 633550
166 73228 312120
167 497949 756436
168 689366 338087
169 826938 856141
170 584071 414396
171 589842 152383
172 984967 726732
173 278271 666316
174 103697 209441
175 669490 657945
176 242160 788548
177 364707 160582
178 728930 640099
179 240528 94826
180 229308 671656
181 677234 966122
182 134213 758314
183 929035 871734
184 338611 745147
185 529433 846699
186 568517 303884
187 755560 20847
188 547676 787899
189 294581 160934
190 990061 167565
191 364576 621860
192 838739 179971
193 956316 107105
194 177906 739635
195 827401 817632
196 999475 81790
197 326708 737372
198 845879 285958
199 396822 964120
200 179056 490371
201 371735 942763
202 219380 501924
203 293368 620300
204 949809 184736
205 204266 621824
206 462192 500892
207 267425 411675
208 672180 595444
209 639414 396841
210 912434 643077
211 474911 374491
212 566091 39061
213 474964 625753
214 84503 253635
215 727478 927376
216 838090 109844
217 956667 368236
218 705373 863684
219 354434 427064
220 507790 360872
221 467690 781064
222 827201 184323
223 342721 624983
224 515699 287646
225 262407 220125
226 201454 143186
227 236641 251680
228 652280 261890
229 986095 851143
230 796551 429684
231 265866 522744
232 676945 843394
233 154133 681128
234 673691 83102
235 68953 47197
236 79744 351768
237 134434 692308
238 441623 331724
239 137849 314410
240 386781 213074
241 639658 233360
242 457084 297794
243 661509 315345
244 432899 113273
245 214102 24245
246 189993 271331
247 358110 460593
248 281127 115922
249 646630 134892
250 742699 10996
251 487133 201288
252 900864 49333
253 580467 968093
254 686102 938847
255 590170 336934
256 828991 872822
257 637041 772306
258 239691 994534
259 164634 216352
260 562267 38211
261 34497 538799
262 340402 57957
263 560063 878456
264 450903 85101
265 111841 473529
266 645622 199002
267 724240 49846
268 384083 766836
269 596319 684778
270 58102 666974
271 150711 216546
272 551005 175891
273 989747 651193
274 930928 300153
275 900530 402670
276 665018 561529
277 23050 269170
278 365374 288131
279 477047 851017
280 665250 813630
281 371774 1324
282 880744 923195
283 186223 612444
284 321816 461150
285 782558 588497
286 63605 864481
287 315822 159596
288 373192 472968
289 515748 71232
290 692582 271931
291 401408 599885
292 419851 298210
293 101754 644298
294 318257 801044
295 863623 771638
296 445019 135168
297 902219 469605
298 603368 286229
299 900724 391408
300 802698 516778
301 135444 859696
302 607571 628598
303 1261 65133
304 141677 724839
305 167415 721076
306 969874 676003
307 987394 893611
308 368610 236605
309 99104 411139
310 319826 899993
311 711719 930407
312 658451 265780
313 453052 203909
314 256910 687223
315 158335 308059
316 331290 790909
317 903816 971505
318 302057 725405
319 612490 526239
320 929599 865148
321 545193 907117
322 481217 963629
323 59919 514612
324 476717 636439
325 16552 399459
326 29319 213501
327 233073 494639
328 185487 344535
329 955880 636065
330 326541 275856
331 452642 615438
332 795239 302267
333 175883 62756
334 194786 23765
335 833691 853998
336 759888 462664
337 394586 920367
338 870674 498218
339 697333 163812
340 80292 108517
341 248029 620844
342 360682 882478
343 855417 715852
344 995669 601549
345 795622 239300
346 530619 588725
347 692548 75601
348 105259 82528
349 512530 560849
350 92954 561701
351 817278 312904
352 556147 908035
353 151430 408474
354 852819 350595
355 639222 469635
356 348865 354331
357 840443 87241
358 745237 863916
359 922889 719638
360 197007 93354
361 550226 633936
362 930810 271990
363 36719 446984
364 906517 486551
365 768937 462200
366 645398 346738
367 524590 610656
368 759651 893698
369 780400 273440
370 137241 991500
371 792962 276031
372 404541 702267
373 689074 896683
374 657914 420558
375 38882 658275
376 176011 25978
377 791912 630754
378 916302 470540
379 788314 945490
380 148383 257732
381 628073 579378
382 213354 647721
383 676672 72833
384 949789 138175
385 398167 848554
386 206002 502331
387 680756 538731
388 917343 524247
389 842023 300056
390 355687 566178
391 658669 961026
392 338168 511205
393 834126 66020
394 133384 876868
395 933984 686817
396 943908 642224
397 875273 288686
398 785497 290631
399 595275 865809
400 784924 164826
401 54659 357858
402 64870 472703
403 999605 214984
404 687810 280707
405 796628 850282
406 337156 911445
407 11506 461565
408 313823 985848
409 704104 924667
410 862224 386041
411 477558 83979
412 353251 233340
413 793894 848144
414 437460 208052
415 539125 702358
416 836436 561315
417 503428 505405
418 229022 747224
419 949520 876603
420 197381 848277
421 361915 208716
422 14644 547943
423 209259 859929
424 288973 641933
425 494791 937353
426 853170 387223
427 326683 82566
428 328390 493343
429 854429 559465
430 243681 252381
431 265464 811207
432 83325 948350
433 488366 128440
434 896801 463562
435 252305 453894
436 696875 62170
437 429875 924870
438 532870 90335
439 757295 270684
440 904949 300550
441 993714 877995
442 964371 286744
443 436893 25229
444 477989 555077
445 17039 100581
446 850423 485957
447 624297 743487
448 151402 299745
449 778840 89773
450 15072 118924
451 102633 18288
452 736983 194240
453 943638 975174
454 422851 39939
455 645672 303160
456 15353 299352
457 542426 143099
458 401958 779507
459 186909 339838
460 796948 188621
461 349599 807027
462 448490 133381
463 351260 678586
464 325187 235634
465 981231 557695
466 667483 717356
467 625012 601789
468 285196 694361
469 335569 821271
470 884786 657386
471 838319 138151
472 758128 828418
473 750982 43395
474 37467 490916
475 392226 472816
476 974557 543205
477 108541 457377
478 451441 385277
479 393276 135194
480 909043 249277
481 639605 601580
482 155153 988285
483 464841 877202
484 541223 714008
485 392117 358562
486 742039 695993
487 947611 324132
488 214063 806394
489 698485 991112
490 681939 965983
491 285309 189992
492 326591 731954
493 918090 65902
494 562203 636726
495 136948 407994
496 153137 621561
497 429154 526223
498 915347 142326
499 190539 433996
500 614354 944588
501 344909 46354
502 808976 426243
503 187506 784565
504 216614 376587
505 539287 385538
506 823073 756550
507 998246 501049
508 96139 18044
509 172425 628929
510 72938 322514
511 686662 107227
512 99653 447529
513 13653 695685
514 887016 521368
515 136625 429497
516 589779 321898
517 451825 296401
518 142909 528758
519 191746 825541
520 635815 900045
521 893476 933273
522 563787 814433
523 721331 45910
524 521908 981624
525 512569 219662
526 255309 669171
527 297371 184856
528 354808 23010
529 594528 512575
530 283333 658748
531 592818 391072
532 740771 639241
533 492061 889800
534 192763 183812
535 779717 50228
536 496136 190801
537 116359 853276
538 67205 17491
539 809856 914796
540 92720 990642
541 101156 374441
542 238034 477877
543 836679 198706
544 581127 812584
545 804339 253109
546 335995 7933
547 45824 585586
548 403909 702675
549 816914 710510
550 747228 703840
551 236054 607111
552 888904 521927
553 118505 880867
554 431136 819493
555 348177 156101
556 441883 781944
557 708235 30224
558 322752 584885
559 345248 155184
560 235331 789385
561 72886 482252
562 436584 75877
563 814174 889024
564 301896 594432
565 734770 186337
566 586355 990362
567 566618 936618
568 548759 319211
569 666206 207810
570 155125 251793
571 853457 425942
572 577252 14954
573 180223 853743
574 571348 969946
575 771412 514885
576 400779 222481
577 975739 560890
578 117485 245691
579 40493 952285
580 973167 799294
581 214661 223325
582 664368 96384
583 302644 15940
584 204691 693280
585 850001 469008
586 13537 375302
