NAME : portgen-466-3109871
COMMENT : portgen N=466, seed=3109871
TYPE : TSP
DIMENSION : 466
EDGE_WEIGHT_TYPE : EUC_2D
NODE_COORD_SECTION
1 654300 226911
2 286230 330296
3 258934 432393
4 258075 223472
5 481216 233352
6 758177 915533
7 321201 808035
8 260755 940226
9 806888 418817
10 800640 801889
11 141345 320928
12 712038 300642
13 178896 228931
14 976506 476443
15 945679 528375
16 682012 350946
17 150895 57225
18 545088 938981
19 844721 692572
20 8964 267225
21 71130 824812
22 57692 621333
23 544413 734787
24 462578 359488
25 464760 234082
26 752212 938002
27 82507 845752
28 230380 303353
29 76016 229004
30 785208 319953
31 587672 565503
32 214507 213990
33 162222 933365
34 857840 699867
35 263622 525968
36 477647 447400
37 954057 566558
38 49677 203343
39 238421 866286
40 70262 875543
41 152915 747501
42 691235 625726
43 940702 116509
44 136439 936904
45 895002 611722
46 81140 144853
47 428949 482995
48 789577 623730
49 870754 491134
50 571656 341070
51 496366 596292
52 289225 589216
53 81167 4711
54 246767 456781
55 905049 113870
56 166914 139111
57 334001 173485
58 238812 442819
59 136553 731512
60 424413 538492
61 62610 366705
62 128211 922552
63 29602 881355
64 158174 364840
65 485391 44965
66 956575 781639
67 961236 956392
68 708628 13804
69 413499 517749
70 386913 497882
71 979956 404926
72 512491 356510
73 549112 714435
74 16642 506397
75 453393 908222
76 465555 505914
77 5743 526690
78 384494 714726
79 635055 332833
80 880588 67362
81 591211 729017
82 69867 407166
83 133914 761987
84 626620 977491
85 624373 524376
86 426177 630155
87 278118 516191
88 72937 556696
89 360961 601520
90 538057 314875
91 246300 825340
92 484252 418028
93 453754 227558
94 711771 554069
95 822477 946640
96 387184 436007
97 893375 862536
98 71705 349800
99 126808 996300
100 283573 992416
101 353473 415121
102 968339 138517
103 661921 640214
104 21661 587715
105 72936 156935
106 2954 80985
107 510355 933947
108 680178 155203
109 835641 207331
110 335461 784113
111 635179 630319
112 693917 631957
113 170903 11055
114 661815 139600
115 854269 432722
116 535034 773245
117 528583 381121
118 311920 165314
119 314984 550305
120 737849 298550
121 391916 504440
122 218608 38363
123 311461 756864
124 742090 261418
125 691633 60650
126 687984 987208
127 142031 850850
128 457381 580227
129 886538 587217
130 826597 496606
131 325229 471356
132 849866 774386
133 765019 498514
134 862377 471992
135 622485 923314
136 413113 574223
137 515697 274810
138 96129 647971
139 488288 843067
140 174575 590675
141 124516 74598
142 313003 357662
143 107493 63677
144 923379 754197
145 616102 813406
146 302937 842992
147 927819 814535
148 885436 817693
149 988743 943797
150 942234 663490
151 268575 899022
152 86842 100957
153 936133 613386
154 674204 784368
155 743357 393704
156 656847 132341
157 971115 13190
158 193669 482236
159 543536 35330
160 888950 947326
161 509771 918580
162 529757 958994
163 654738 514090
164 487380 414739
165 338677 482742
166 973766 703920
167 99709 780871
168 933827 992175
169 103482 299812
170 163993 625256
171 520140 888048
172 865246 668776
173 303635 384357
174 313235 968824
175 159796 371345
176 330312 574003
177 605119 459491
178 689724 564655
179 799313 305970
180 167129 943958
181 509903 374392
182 620375 118101
183 873563 768799
184 267094 302338
185 709555 809312
186 169001 574712
187 875533 517604
188 617013 935767
189 313460 70265
190 269270 90082
191 714777 181409
192 247609 394719
193 972839 599374
194 83544 981608
195 907308 165028
196 725080 801144
197 590257 354680
198 456255 945428
199 12514 347642
200 51763 367867
201 70896 242969
202 699553 69714
203 656567 148903
204 326393 210400
205 486652 90349
206 481110 817705
207 398662 2101
208 218877 708759
209 784134 265694
210 661845 928134
211 756284 919452
212 250575 341687
213 738415 926031
214 875158 805819
215 861036 468110
216 609374 103059
217 583612 178921
218 608971 897072
219 782747 245508
220 175841 264079
221 815239 817850
222 319762 979173
223 408744 805628
224 550568 248570
225 616265 530224
226 70270 206695
227 486605 583653
228 758493 967837
229 659357 520632
230 460742 759495
231 366156 80884
232 34558 222573
233 275109 663260
234 497942 419489
235 593356 413249
236 158190 535564
237 649429 131621
238 857864 549588
239 432847 666922
240 583193 770578
241 266673 354525
242 345076 101541
243 101954 528489
244 68500 361039
245 903811 945711
246 399130 363257
247 652152 762592
248 105889 279675
249 168421 188141
250 121308 859155
251 372781 883646
252 665376 845687
253 263550 715744
254 861618 385063
255 481698 230003
256 899336 298317
257 616821 515031
258 360365 2898
259 428732 271965
260 116684 995433
261 494838 309800
262 298180 734200
263 40467 274543
264 870187 803741
265 868070 142119
266 687970 47783
267 185223 353190
268 871241 968355
269 737703 830045
270 741175 99056
271 99757 796535
272 244355 908377
273 450872 89329
274 65077 917951
275 722124 831345
276 409488 364679
277 320071 979188
278 171185 324997
279 698423 312185
280 974445 295194
281 978040 31573
282 643888 382642
283 130245 102801
284 53962 708444
285 64159 271035
286 937820 510780
287 549840 285339
288 585945 130159
289 989729 318991
290 563014 715470
291 576120 558002
292 829296 572875
293 164078 656396
294 403895 802580
295 222945 768440
296 914393 29259
297 765886 470140
298 161235 588977
299 246694 959016
300 322431 320712
301 99600 746086
302 354936 6654
303 255224 851485
304 535382 747195
305 815109 514789
306 921102 895842
307 89240 206004
308 380801 948781
309 265687 173748
310 221407 541267
311 856107 94946
312 386012 743446
313 171435 191734
314 155843 543186
315 30114 734459
316 594776 242533
317 503881 48225
318 794367 680277
319 468761 623291
320 192074 215297
321 390709 230147
322 581173 681677
323 912333 819446
324 643247 22440
325 298704 969501
326 433134 703508
327 928901 587971
328 725936 857066
329 242204 306711
330 212287 574946
331 382724 912090
332 555121 599812
333 124079 690955
334 314669 407562
335 293671 561354
336 305533 243246
337 875043 251906
338 108133 152599
339 166045 798040
340 17509 314368
341 949529 849132
342 330898 455168
343 351735 682685
344 687412 904069
345 924146 103412
346 365608 61198
347 329620 630719
348 909763 147462
349 355103 329266
350 573543 759734
351 653401 845206
352 4930 984335
353 19971 584002
354 372609 473733
355 236235 43250
356 169654 338135
357 382564 108875
358 209338 321525
359 582470 924402
360 690048 976616
361 335851 985403
362 834018 533937
363 907953 460327
364 238316 890707
365 231935 524131
366 779989 692311
367 561804 974259
368 144714 611394
369 466567 222023
370 245829 30210
371 100215 763010
372 214021 947529
373 767560 380205
374 227179 795683
375 722765 449436
376 909146 464396
377 97331 49412
378 979744 961089
379 283401 30671
380 839621 408576
381 117434 150585
382 227903 206025
383 943035 406644
384 124113 435035
385 341314 829133
386 94345 786786
387 201636 240611
388 67470 871455
389 888071 784606
390 554192 946863
391 176925 207645
392 51085 823358
393 406696 629404
394 464407 355779
395 31223 738069
396 487280 31532
397 880709 416696
398 935865 313428
399 561373 973409
400 880059 896105
401 492133 442573
402 241490 775902
403 272511 701500
404 413310 273972
405 642715 350340
406 496682 927622
407 999447 101552
408 921295 85902
409 269876 811207
410 270160 629606
411 845270 150704
412 554975 445209
413 336999 651771
414 545296 425734
415 968100 365969
416 458144 614099
417 141890 203852
418 450181 249303
419 208198 949533
420 902063 320794
421 359527 653200
422 85619 401617
423 892799 336576
424 476556 435499
425 79696 284093
426 768132 135639
427 5309 514089
428 437960 878034
429 300683 37638
430 325720 23207
431 493302 463777
432 371908 321921
433 990813 843481
434 842003 597829
435 208753 584718
436 609345 834376
437 731510 986066
438 861473 709630
439 145394 40886
440 7248 458965
441 351088 507657
442 100013 944892
443 872666 994367
444 242190 819968
445 213039 606700
446 407300 610368
447 740780 317345
448 711448 525150
449 921689 99552
450 540143 183168
451 191182 435670
452 428251 620731
453 933005 260474
454 35626 60416
455 641422 443592
456 635843 480714
457 824598 719020
458 615907 882934
459 722996 54563
460 610473 465662
461 921791 742450
462 57686 25584
463 393536 173675
464 406125 110779
465 53061 600999
466 674004 84977
