NAME : portgen-403-9776355
COMMENT : portgen N=403, seed=9776355
TYPE : TSP
DIMENSION : 403
EDGE_WEIGHT_TYPE : EUC_2D
NODE_COORD_SECTION
1 404600 562904
2 609073 580112
3 248822 582269
4 172186 104668
5 417679 427650
6 899379 943744
7 421203 798771
8 571835 105406
9 641229 366977
10 226902 495366
11 589482 268836
12 838684 711008
13 265387 166657
14 707453 367265
15 361556 491398
16 673189 131166
17 587083 574661
18 225019 90977
19 748617 812425
20 473023 46565
21 828676 694059
22 175492 900850
23 989397 907607
24 198030 785937
25 381557 505420
26 576295 719341
27 547268 907050
28 461455 273434
29 975821 34412
30 355092 157844
31 833651 359761
32 631644 371113
33 598974 205320
34 768251 520353
35 809374 664227
36 907375 855292
37 985420 721481
38 919071 870140
39 721568 931634
40 249552 991953
41 190836 673040
42 12173 203711
43 657746 313428
44 499521 215969
45 975687 19698
46 322726 228264
47 3051 808795
48 139190 973383
49 708639 454011
50 981779 119256
51 186039 266396
52 536384 389604
53 314583 903254
54 707168 343556
55 249303 148027
56 773912 759851
57 58725 335394
58 835118 605387
59 356709 822848
60 231923 625590
61 496681 314239
62 538573 690117
63 478188 640979
64 318907 595815
65 406897 15816
66 162972 378011
67 682330 101524
68 218040 430985
69 614315 676778
70 368592 52359
71 956718 676672
72 984045 350096
73 523016 8486
74 689690 312934
75 330607 498210
76 654476 112823
77 47113 965963
78 956284 808027
79 584065 434859
80 171563 883598
81 288939 30389
82 974964 196944
83 191308 97240
84 775806 708628
85 812377 826631
86 915696 43775
87 492241 733713
88 971114 383858
89 267125 572610
90 733832 670161
91 56914 884048
92 424252 523298
93 726876 132582
94 403047 485386
95 910215 120800
96 655178 905686
97 864401 541960
98 136662 912943
99 184430 250331
100 378982 139158
101 741361 117080
102 579101 660446
103 441296 770427
104 688570 523815
105 239086 823702
106 404979 98679
107 524643 50763
108 228419 383253
109 165988 433003
110 60282 278365
111 912810 525474
112 329645 673218
113 85270 798616
114 464673 831795
115 292417 200686
116 695287 743310
117 333523 910129
118 265181 958235
119 359404 373489
120 294878 343623
121 966593 970044
122 425104 631850
123 207990 129704
124 576040 191182
125 456690 338045
126 448270 352635
127 957914 178296
128 443870 998050
129 783556 668972
130 395264 483060
131 411023 315081
132 228936 895463
133 857108 434934
134 673575 892793
135 842773 98715
136 807213 974806
137 976313 722236
138 830094 560174
139 567560 151349
140 229347 87219
141 15060 795701
142 436530 809356
143 789662 380206
144 514373 438060
145 53020 830247
146 284659 466610
147 530716 196163
148 536410 991787
149 993731 702867
150 801755 647815
151 562144 424690
152 961834 369470
153 322985 652569
154 916104 148557
155 388633 63664
156 483676 345496
157 615951 565016
158 198401 944412
159 784364 32773
160 359053 865321
161 441202 970707
162 91037 194957
163 536571 382522
164 12971 606842
165 399250 177525
166 644070 419002
167 762715 165683
168 603543 669563
169 179749 871514
170 610955 845250
171 595841 481600
172 79006 187699
173 389044 313952
174 375573 335758
175 659592 153887
176 978816 386888
177 303616 624230
178 3744 143141
179 661974 796150
180 765926 653421
181 472819 44590
182 537601 543383
183 467822 2075
184 266489 428251
185 175971 884448
186 568839 448605
187 373180 205165
188 886504 54313
189 667090 466807
190 191212 393430
191 720547 216820
192 840916 745828
193 704706 599480
194 881400 219332
195 697861 601467
196 403074 751498
197 695542 726506
198 276410 147236
199 108420 873841
200 301194 334731
201 646861 908765
202 144546 266161
203 433340 761995
204 545972 557788
205 919523 404264
206 261740 442642
207 98289 164459
208 250347 721320
209 349047 811095
210 266972 320586
211 893655 392648
212 127056 841240
213 237587 660073
214 304059 107019
215 771825 124509
216 508341 109302
217 547283 786948
218 131689 277904
219 118531 676456
220 495481 983385
221 250432 70305
222 952359 377274
223 707811 10425
224 624442 854301
225 488919 616337
226 843176 1400
227 102015 176685
228 826389 537559
229 361482 357598
230 134472 155435
231 643464 869516
232 62306 936138
233 153832 191434
234 490283 721014
235 456647 239921
236 96878 494746
237 322175 650635
238 477409 892254
239 290632 950370
240 14850 700028
241 298591 946461
242 972546 616389
243 481045 638824
244 46995 611145
245 633115 940255
246 787621 397516
247 219808 255559
248 886507 755686
249 748129 301724
250 899864 815556
251 719793 674071
252 839450 788891
253 317746 896714
254 28853 485626
255 695640 187564
256 490563 750336
257 724482 194216
258 367814 245947
259 649707 806747
260 49630 398146
261 443304 188559
262 821149 641091
263 520128 422806
264 655295 533284
265 332889 580695
266 863400 805005
267 254730 827286
268 209464 548254
269 221979 778330
270 248575 235097
271 989117 240247
272 561514 234969
273 496950 599062
274 576366 578717
275 735430 463701
276 100390 214845
277 968834 319169
278 952155 914787
279 419341 12164
280 579426 769491
281 674735 250523
282 237051 460542
283 198447 250315
284 188822 489512
285 697266 768751
286 669581 70989
287 71316 585929
288 297755 228459
289 219724 501980
290 688935 605341
291 3465 643130
292 953857 563397
293 905960 612876
294 567954 794187
295 628838 959149
296 359432 732466
297 81063 479823
298 565516 918127
299 168931 975584
300 937214 268491
301 379338 74386
302 889782 130089
303 460235 457259
304 260987 405437
305 413209 339278
306 346833 625153
307 383325 620277
308 410059 942268
309 169460 757227
310 895026 280319
311 81384 213237
312 552298 428775
313 389413 595194
314 181207 941227
315 125694 840495
316 967471 814286
317 88771 349656
318 258507 378312
319 259804 333580
320 153337 963692
321 443416 810726
322 899161 348519
323 877764 146195
324 180168 652288
325 90410 970321
326 736920 227703
327 849890 96718
328 301019 565051
329 985615 540126
330 871581 81923
331 197454 927407
332 252099 449516
333 895862 536106
334 725991 34806
335 742512 263864
336 762099 517171
337 666817 924704
338 543399 853680
339 363346 455579
340 127755 824362
341 609579 641081
342 69645 43770
343 643040 40064
344 562186 639254
345 453794 722401
346 652320 224998
347 591068 889473
348 201592 926245
349 143909 974457
350 805119 24084
351 782848 724589
352 524533 266048
353 360742 95839
354 158058 806119
355 453678 260955
356 2864 346361
357 86332 149180
358 429602 972456
359 336338 362626
360 247924 969617
361 392197 751534
362 229686 718428
363 481015 37509
364 992638 400769
365 563962 447559
366 695621 557226
367 1900 866800
368 821497 263218
369 554748 920465
370 614168 670583
371 703725 199560
372 391330 484176
373 330204 900786
374 995311 872640
375 408457 164083
376 933606 743139
377 410494 357560
378 328462 225622
379 722689 657732
380 444550 97524
381 541090 237593
382 191951 783094
383 557229 803304
384 955031 602155
385 818975 528816
386 977145 463698
387 954168 83840
388 36010 649057
389 341039 872126
390 389965 255392
391 314820 334905
392 956219 466437
393 906469 458028
394 365274 218806
395 309571 18193
396 308187 952593
397 101489 85351
398 693438 240026
399 245391 307489
400 448166 681147
401 559746 123184
402 482674 153065
403 849262 598701
