NAME : portgen-463-6797552
COMMENT : portgen N=463, seed=6797552
TYPE : TSP
DIMENSION : 463
EDGE_WEIGHT_TYPE : EUC_2D
NODE_COORD_SECTION
1 572287 102458
2 553583 758768
3 590266 140144
4 767290 174515
5 524368 826892
6 807528 365840
7 549222 652263
8 589514 655676
9 801146 153891
10 702038 89231
11 215163 711672
12 414000 715153
13 509426 325559
14 727522 584682
15 938709 24627
16 495492 443457
17 744514 875900
18 524484 211544
19 322090 579283
20 545306 778796
21 531134 824449
22 276264 752573
23 467098 631411
24 325379 334296
25 893848 35026
26 461783 83108
27 400580 198919
28 160369 128829
29 357944 677683
30 234283 378721
31 818053 188007
32 629209 745572
33 295758 983078
34 89575 796648
35 185165 958103
36 330296 466849
37 260043 667012
38 627447 132054
39 311091 215081
40 554784 380596
41 967615 49838
42 350398 559988
43 206573 307485
44 814248 998942
45 580141 541405
46 121968 525441
47 394118 587203
48 448499 64284
49 564406 609252
50 125125 335043
51 320320 110298
52 779511 513251
53 67411 411945
54 732709 840592
55 992345 852884
56 314581 359002
57 97541 692877
58 256752 292611
59 793889 42006
60 297072 231473
61 418672 480323
62 671522 850122
63 637783 219998
64 687338 746791
65 599600 215502
66 399345 470498
67 222735 701900
68 66014 608613
69 952296 657521
70 303235 913962
71 513595 772241
72 701869 348668
73 122733 641645
74 853919 543995
75 949419 228501
76 376946 817614
77 9651 909623
78 935698 849821
79 887563 77611
80 447236 458798
81 459648 75188
82 537356 78383
83 339288 542339
84 657133 748873
85 570144 615107
86 438692 249893
87 92586 68571
88 854527 601058
89 470671 761899
90 914424 787961
91 332434 609726
92 299554 140802
93 755853 324156
94 933141 144351
95 362611 523675
96 951479 203422
97 87376 688128
98 475269 263702
99 679655 633297
100 494140 521674
101 170973 92019
102 629571 161458
103 896066 767219
104 518059 868848
105 153769 611541
106 916679 743212
107 715000 923561
108 507318 256225
109 987811 849228
110 603114 75586
111 862684 23835
112 254733 48469
113 444133 346672
114 620321 931128
115 172504 87308
116 82998 601823
117 608129 302882
118 871281 589222
119 894726 375992
120 633484 499627
121 336344 83913
122 541237 287025
123 660991 927644
124 948689 38907
125 243995 128596
126 643380 748527
127 460793 406831
128 438676 569150
129 483890 326689
130 290176 306844
131 872493 142066
132 235364 654142
133 275197 832766
134 201975 427974
135 262570 579673
136 307536 948904
137 605233 474517
138 432206 114156
139 563042 847901
140 609793 874982
141 862782 293632
142 640952 865659
143 214815 940931
144 366458 953987
145 27685 38515
146 387246 466751
147 113422 53810
148 192091 387440
149 478680 66719
150 854819 546834
151 364602 100787
152 429114 369012
153 265813 349747
154 107575 595133
155 192016 497744
156 202692 529902
157 299004 251660
158 919597 405741
159 28644 181554
160 462051 887756
161 354086 135255
162 573155 715736
163 215071 206748
164 519790 236220
165 208703 82458
166 6581 967908
167 655884 112048
168 672290 332879
169 994628 389291
170 946061 809073
171 912287 184904
172 491936 139928
173 684428 251991
174 893596 397686
175 838738 985342
176 867649 242459
177 858015 772360
178 540252 396693
179 444902 317065
180 696721 932933
181 355119 718283
182 649071 382942
183 585456 17788
184 37966 159075
185 567231 667606
186 512145 630958
187 342815 476709
188 20107 111627
189 277240 800794
190 175483 818377
191 761846 202725
192 539498 275769
193 727338 288297
194 318836 272942
195 526592 654502
196 294913 835552
197 822059 278455
198 296928 281329
199 842088 15226
200 119820 572801
201 974750 92801
202 222202 20360
203 223495 664924
204 702960 582245
205 45022 251954
206 77857 171960
207 790472 42219
208 638020 519566
209 896224 370616
210 86014 304127
211 175699 22740
212 39254 994430
213 692856 419343
214 408755 322454
215 253213 355183
216 408666 694994
217 755772 923528
218 740520 589885
219 412252 497279
220 637749 207771
221 392073 948220
222 186928 222464
223 478802 272173
224 796297 827629
225 585598 877585
226 872573 519633
227 762013 764637
228 164135 279756
229 337029 298674
230 279840 633610
231 252671 205681
232 944496 837250
233 859881 129636
234 985032 568008
235 563416 365847
236 723269 68595
237 785017 208428
238 431553 656066
239 260726 274616
240 830295 413099
241 82314 110081
242 42614 619603
243 102511 202985
244 750497 918522
245 63647 610883
246 604853 844244
247 933862 271901
248 484502 323478
249 163202 978499
250 790911 822736
251 11446 521680
252 997333 172499
253 795271 762492
254 477019 142410
255 662126 961149
256 529258 418506
257 235027 668956
258 28756 408427
259 271819 672595
260 352747 536403
261 966434 6532
262 777096 740680
263 354401 201588
264 71261 612518
265 413157 669060
266 179046 118316
267 612490 869145
268 883841 663807
269 875053 373657
270 590846 694083
271 931166 77902
272 565774 527243
273 644449 598320
274 67147 193182
275 917499 282914
276 252216 550683
277 565342 121850
278 643689 893130
279 909190 128188
280 288657 131464
281 887438 103361
282 551563 968042
283 29983 451355
284 852732 707783
285 24507 430436
286 341279 78636
287 755095 69833
288 284187 415750
289 441190 655245
290 96990 461271
291 292398 943073
292 323861 281692
293 781621 75685
294 566753 644447
295 839161 432486
296 811075 167270
297 349150 160410
298 352804 852529
299 322806 495941
300 243056 228698
301 157130 411902
302 96192 456228
303 990515 309142
304 226822 283649
305 340229 568004
306 326376 264742
307 289026 856171
308 320388 720168
309 754211 391152
310 615238 177454
311 128548 356791
312 464727 795809
313 273305 929377
314 982444 298867
315 79317 975044
316 188928 157540
317 315016 528985
318 134894 27655
319 654046 467690
320 961303 61453
321 321474 175600
322 29209 661707
323 303937 454284
324 702543 553341
325 887104 423426
326 870085 23939
327 416623 268012
328 39770 999589
329 96885 567206
330 321334 962860
331 655095 759132
332 322345 278776
333 246529 150776
334 235533 627318
335 552233 866104
336 17625 200869
337 504047 191811
338 307368 104608
339 940167 196714
340 756038 273715
341 832491 415237
342 977532 116457
343 319948 429796
344 835194 36240
345 282455 984117
346 792121 26728
347 915456 95199
348 43827 120604
349 671552 837397
350 354338 199328
351 514116 505828
352 797302 613389
353 590934 454847
354 46406 300166
355 948063 609974
356 164394 60645
357 284750 337216
358 170738 628367
359 843675 227146
360 234948 125925
361 479224 398136
362 272980 352905
363 351988 511797
364 403567 890658
365 600876 852521
366 58202 640001
367 248650 146064
368 109320 771846
369 130487 640316
370 945718 691580
371 586120 608048
372 801291 156530
373 504893 393985
374 753747 562550
375 743211 532030
376 717036 780893
377 236520 501817
378 141126 874115
379 257177 651237
380 504068 819088
381 324359 406090
382 354447 256483
383 23853 556346
384 259353 128220
385 832322 776753
386 874619 281124
387 483935 702918
388 408888 698330
389 161615 771163
390 211779 477873
391 254619 752329
392 386590 781788
393 528161 652111
394 285553 992167
395 122210 552974
396 512493 2267
397 807994 168964
398 816960 304995
399 124113 98373
400 747641 806563
401 232369 982584
402 350771 265337
403 277410 964707
404 394302 454732
405 973655 489014
406 588561 265009
407 529027 951093
408 306594 322092
409 598096 185483
410 439522 718858
411 432233 160979
412 380578 25759
413 544384 892035
414 930353 218597
415 425507 444181
416 304027 706883
417 797507 722764
418 889311 989610
419 223302 435497
420 475193 206069
421 54015 100070
422 552644 403352
423 120741 351513
424 621688 782235
425 624580 924925
426 374642 905515
427 672865 303459
428 502535 525485
429 185076 628006
430 376025 287800
431 741404 958805
432 979538 767586
433 434998 488490
434 712365 125674
435 830352 955081
436 700404 815860
437 560902 514597
438 344215 526717
439 488113 77118
440 523223 18898
441 706958 302346
442 842571 137707
443 702777 345221
444 727345 29921
445 287766 400820
446 277244 97628
447 605145 520112
448 505664 238154
449 539167 38047
450 59136 594023
451 863400 544569
452 259011 605682
453 217967 72295
454 62943 535158
455 600682 157314
456 798140 155154
457 340240 975205
458 10555 643776
459 353660 459425
460 261921 196843
461 949323 674317
462 66538 236328
463 91680 155834
