NAME : portgen-591-46482
COMMENT : portgen N=591, seed=46482
TYPE : TSP
DIMENSION : 591
EDGE_WEIGHT_TYPE : EUC_2D
NODE_COORD_SECTION
1 261046 809190
2 923365 641708
3 718865 293587
4 763231 874300
5 249045 890445
6 519015 649363
7 969129 614375
8 396633 463072
9 811062 725870
10 176322 307946
11 853420 848787
12 189470 173123
13 936509 135821
14 672280 70971
15 355331 396747
16 267107 94764
17 907678 290738
18 816957 396845
19 246445 873519
20 364473 769876
21 655785 145663
22 942921 744772
23 794121 501549
24 873690 531513
25 204365 394333
26 916677 132023
27 540239 452898
28 138734 166282
29 901511 632627
30 824750 322019
31 47141 889711
32 509827 479169
33 234659 373352
34 706441 224356
35 820253 895083
36 589382 279548
37 521504 781988
38 391268 721397
39 308548 736572
40 34389 770227
41 234309 39653
42 246221 33312
43 349606 377395
44 584937 428509
45 56078 443605
46 690404 22088
47 53265 469389
48 180494 376236
49 624158 160932
50 353503 72724
51 193001 137118
52 497124 434137
53 160023 877023
54 885801 506926
55 103291 761338
56 581344 473001
57 576548 381144
58 631615 25052
59 836446 40437
60 298675 858423
61 749193 545509
62 870853 747529
63 702082 452263
64 782423 87367
65 621965 514244
66 835595 801621
67 633280 273050
68 188882 761308
69 463105 865077
70 401697 324554
71 540949 544499
72 129834 197655
73 694411 144894
74 151235 305736
75 767307 728230
76 593813 536791
77 538966 839259
78 237128 391379
79 503837 224074
80 245255 398715
81 413918 20724
82 105228 778737
83 220389 36845
84 343167 378892
85 686732 486720
86 873816 530709
87 273130 570444
88 264609 212402
89 6542 31593
90 510400 310702
91 948425 558348
92 842112 223250
93 100326 814871
94 696393 854543
95 52660 152036
96 418141 84212
97 178344 914977
98 450738 10239
99 271369 559389
100 933046 482009
101 138351 119642
102 795335 456605
103 779804 35464
104 694678 315716
105 738932 422257
106 694986 649294
107 171414 93218
108 980574 329705
109 842379 190251
110 327998 210150
111 765476 783777
112 445846 204723
113 348369 754174
114 735374 816524
115 790640 229144
116 517723 690826
117 292660 88143
118 615715 299131
119 386934 748893
120 242676 770620
121 972491 506141
122 526544 842509
123 386560 634363
124 638365 973621
125 566608 696564
126 274864 454844
127 768749 703901
128 964285 447525
129 826981 707191
130 840890 480672
131 648530 945784
132 73040 968312
133 449765 188845
134 122750 328905
135 706658 346210
136 691339 868757
137 623643 631434
138 935286 310632
139 15028 741945
140 240437 900844
141 927193 28182
142 975634 309967
143 580614 571938
144 617785 324348
145 638378 426870
146 176380 58029
147 42235 896465
148 79280 103734
149 882498 895109
150 907223 75928
151 619335 896420
152 733184 665763
153 769371 246681
154 479210 458781
155 123286 392347
156 829739 502632
157 68812 414020
158 304292 590500
159 903548 176574
160 889032 346031
161 306346 227641
162 421681 630729
163 726874 794919
164 135573 957879
165 862063 688604
166 831422 556246
167 618658 848089
168 71105 424560
169 959370 561614
170 5675 990113
171 668389 441211
172 435315 292347
173 120523 948739
174 636347 411506
175 169591 284361
176 968160 924619
177 33045 218619
178 244506 63088
179 277762 885094
180 594658 344810
181 287311 917595
182 453105 133173
183 723957 388527
184 67317 776465
185 293496 355552
186 954153 492042
187 6983 604671
188 377870 381727
189 194595 203062
190 386223 663786
191 517157 250478
192 363220 517252
193 401292 913826
194 103141 485485
195 124131 682577
196 357243 182904
197 268118 650123
198 35960 176346
199 434227 830644
200 914477 738796
201 754144 433285
202 25282 505805
203 767203 717682
204 561398 515792
205 817326 330679
206 959947 792276
207 760963 912081
208 987567 104407
209 649477 802982
210 97212 547611
211 954299 236672
212 861988 554700
213 601407 520868
214 466760 501178
215 837467 660188
216 820329 678802
217 385736 55544
218 703838 724880
219 489515 451139
220 529685 296885
221 264348 300158
222 388272 576520
223 728277 120570
224 320916 713417
225 48715 515092
226 709586 933049
227 993176 254289
228 918467 75341
229 47549 969738
230 801966 42323
231 228166 110259
232 986107 520441
233 66331 659789
234 404003 184442
235 183804 866997
236 783490 936059
237 754267 582120
238 838024 21250
239 243495 607698
240 636232 526065
241 473318 497022
242 699211 795143
243 432021 710069
244 692695 865294
245 989213 44049
246 320876 305072
247 267334 662688
248 513395 328289
249 545891 806152
250 738495 707026
251 877074 713217
252 77185 522649
253 41773 212563
254 233837 198032
255 822268 208397
256 382646 182254
257 980525 757917
258 721446 923094
259 842924 323419
260 7045 738041
261 113898 597850
262 445946 476777
263 989922 70272
264 858874 231618
265 540346 625460
266 787413 45463
267 785430 427835
268 143419 291064
269 516496 941294
270 73697 508926
271 867145 369275
272 858249 251171
273 930151 723025
274 859126 790557
275 672765 443122
276 469414 314272
277 265805 113034
278 919613 831611
279 927787 649349
280 379230 750708
281 696067 292542
282 124335 313341
283 341252 13371
284 324004 729354
285 827765 998420
286 63967 52367
287 650653 563923
288 268627 799625
289 332044 332911
290 557164 158310
291 142485 209524
292 852388 789638
293 929393 494870
294 921127 472089
295 86582 130047
296 967059 787142
297 113529 75276
298 444959 814777
299 718622 294326
300 982543 130526
301 390980 526214
302 233393 514454
303 300637 259889
304 461884 476167
305 183640 424742
306 910484 455697
307 562766 249182
308 783648 908924
309 179013 49059
310 868382 526474
311 294749 29678
312 746810 697239
313 607439 537753
314 818974 136198
315 263285 8737
316 337740 855877
317 149271 132421
318 247826 686787
319 646758 603205
320 5989 20469
321 315857 872068
322 603707 560108
323 835298 937381
324 40331 416289
325 467836 907205
326 995803 582423
327 31040 973805
328 792785 535103
329 376943 100971
330 266628 613850
331 613131 858679
332 470177 163171
333 108885 38416
334 851990 2658
335 413883 846267
336 868592 762724
337 581223 961176
338 530671 712325
339 998638 773005
340 904453 72336
341 160810 718002
342 869570 649435
343 395606 479061
344 385699 986099
345 23535 209410
346 834796 644099
347 189322 159722
348 151876 553133
349 290845 642530
350 29437 122972
351 938742 267326
352 511835 395499
353 746394 277800
354 712852 381605
355 578199 313724
356 149404 390843
357 77435 57217
358 779053 969032
359 669356 310455
360 11294 555752
361 747571 209459
362 973221 290910
363 907524 601266
364 250888 185723
365 214781 252870
366 999473 617032
367 194805 590729
368 922932 769967
369 640567 812353
370 870381 426574
371 809704 75243
372 974805 467783
373 461839 625337
374 670877 898411
375 252197 550610
376 302244 105121
377 427748 776566
378 123499 321709
379 72520 921106
380 472567 976427
381 637233 900499
382 511223 151625
383 504020 74160
384 416037 609652
385 595378 153716
386 298154 770945
387 58258 460683
388 253508 642449
389 781710 196655
390 167411 585815
391 528745 329781
392 713155 238354
393 615637 98974
394 105809 43180
395 86709 848771
396 353929 30914
397 216975 716665
398 128419 38758
399 16985 514121
400 214275 819390
401 843626 474222
402 731000 666382
403 21865 972462
404 391966 189394
405 160929 24525
406 215900 29339
407 834397 623796
408 622497 606318
409 683524 794557
410 23205 465261
411 57175 901916
412 395377 775987
413 310089 823931
414 39945 391876
415 438818 281045
416 250482 592316
417 35725 142886
418 369914 499405
419 495384 89358
420 615856 9318
421 415450 311251
422 19975 621448
423 791596 452012
424 635537 440987
425 406575 304488
426 998813 625109
427 75302 933229
428 568907 251309
429 438496 588113
430 296467 522459
431 477077 302607
432 573537 151610
433 609075 904648
434 9364 212949
435 832200 170484
436 970781 242536
437 387981 718717
438 466447 432066
439 826613 462147
440 207080 58779
441 385434 451831
442 95408 916359
443 803967 947874
444 18778 884115
445 533811 465265
446 490041 282435
447 257158 445371
448 38537 172913
449 923269 301258
450 155000 359530
451 625398 173390
452 233907 347796
453 919053 546982
454 529700 158943
455 129262 621033
456 232531 554381
457 54302 831201
458 32418 194642
459 45448 128165
460 113073 436161
461 981379 708106
462 57948 472669
463 545085 797391
464 8629 40185
465 799663 919465
466 902365 667670
467 332885 586047
468 826248 831053
469 397528 264207
470 883940 609325
471 902425 890612
472 771041 97649
473 483886 781934
474 224487 784489
475 900285 241146
476 164283 883083
477 501594 235535
478 457164 957728
479 840505 647860
480 521547 88000
481 149453 265493
482 275002 519936
483 718607 341918
484 783340 956653
485 347315 250483
486 970154 260959
487 227879 871927
488 271878 98295
489 206511 822413
490 15505 587357
491 956885 360769
492 518638 711663
493 770012 636872
494 392668 812948
495 867439 484330
496 47713 440875
497 916892 633457
498 639170 641466
499 662732 899114
500 825770 385590
501 575423 402074
502 768983 312928
503 284260 803514
504 364445 789931
505 465523 820291
506 565060 27556
507 780420 37217
508 40287 708578
509 348601 641545
510 880765 77140
511 679185 884225
512 130882 961724
513 675060 568080
514 491976 914951
515 587667 468364
516 733850 416580
517 356889 195214
518 22297 929329
519 580349 481421
520 671376 61433
521 288271 751122
522 932182 790299
523 805144 163487
524 309992 955167
525 958396 71090
526 149489 747781
527 311447 357406
528 651739 158843
529 45184 573769
530 290631 354931
531 223164 883024
532 118555 404089
533 532019 813937
534 95374 990121
535 232073 876799
536 398585 393433
537 683148 809675
538 927651 931404
539 572778 773475
540 309984 516217
541 522896 918207
542 624320 232736
543 245199 850826
544 298024 952800
545 663194 208359
546 833954 590228
547 249347 794576
548 662848 894838
549 67973 122506
550 862648 873739
551 590708 536516
552 645182 442179
553 548194 231282
554 123460 78710
555 112207 800913
556 860818 92384
557 910574 82271
558 520976 632936
559 633676 323979
560 741241 637181
561 745964 972867
562 127473 358333
563 286091 862068
564 748251 240969
565 261481 696368
566 807943 494067
567 661268 509071
568 655398 430512
569 7632 542048
570 711759 612262
571 217150 974045
572 211559 26013
573 462395 861087
574 462755 891014
575 508484 800779
576 146586 827004
577 861024 166279
578 65796 96640
579 875248 136110
580 786780 117681
581 223649 581412
582 366951 499945
583 583762 886773
584 880824 884561
585 619876 659889
586 170181 742661
587 815494 940461
588 490594 918959
589 111842 961193
590 292537 189450
591 986820 612140
