NAME : portgen-598-8626174
COMMENT : portgen N=598, seed=8626174
TYPE : TSP
DIMENSION : 598
EDGE_WEIGHT_TYPE : EUC_2D
NODE_COORD_SECTION
1 529575 415557
2 428420 955753
3 177440 698994
4 712108 797699
5 589877 107773
6 123879 555249
7 247008 372356
8 614389 960930
9 691972 569991
10 260804 306587
11 318676 647656
12 121409 122522
13 562583 448392
14 383487 144577
15 450137 437034
16 503509 622892
17 996626 607061
18 609222 392339
19 41460 151127
20 678168 676119
21 903147 316034
22 139046 562460
23 984587 901558
24 760503 886441
25 61544 969664
26 840824 856997
27 228644 431907
28 952378 906682
29 418930 821358
30 346530 785101
31 657533 560981
32 119531 913757
33 204626 807844
34 416203 684547
35 387768 712830
36 200426 805530
37 508446 291139
38 465763 461678
39 419011 689502
40 170143 655900
41 29462 562128
42 798047 665036
43 779500 942527
44 503361 82869
45 402435 801377
46 976135 356913
47 763358 965338
48 475693 97617
49 807587 847906
50 96697 522909
51 482547 71001
52 716298 405644
53 940202 278695
54 58950 563608
55 652407 9851
56 403321 336060
57 418923 545152
58 808965 300620
59 797623 154192
60 438064 107008
61 256 568296
62 587849 864859
63 230282 129424
64 89231 102802
65 350937 187067
66 402727 855402
67 37094 160291
68 252579 693401
69 143205 252894
70 856070 478879
71 144904 349169
72 644805 295426
73 801120 407838
74 769063 898498
75 735056 346268
76 8385 704785
77 496968 909630
78 120181 627144
79 33907 556006
80 153064 246800
81 135490 806056
82 707537 173527
83 864947 54151
84 691255 123496
85 744031 401126
86 531556 899124
87 419136 91795
88 98623 295471
89 71327 678218
90 744678 603137
91 95517 533225
92 949737 104136
93 51577 596671
94 147865 863567
95 295344 198428
96 2145 19708
97 508862 454944
98 947323 245779
99 930033 553009
100 196803 505649
101 336511 90845
102 153819 131918
103 250750 475160
104 755047 392832
105 858053 523509
106 479279 170340
107 260662 954636
108 244655 115781
109 297193 252593
110 226204 619167
111 124117 138246
112 926692 238381
113 64615 440711
114 745304 287217
115 841045 623463
116 540423 678495
117 820165 221169
118 123858 925177
119 272562 995101
120 859481 935795
121 299478 895272
122 637362 676176
123 74310 863899
124 93016 270481
125 390328 506611
126 500474 642816
127 711964 573340
128 965226 658015
129 270679 932650
130 8060 325573
131 202597 759946
132 533350 922257
133 224031 584007
134 532977 584485
135 880325 380755
136 22765 26712
137 862264 719592
138 118693 481301
139 426281 353352
140 273155 406600
141 170031 812654
142 279157 515472
143 420865 780477
144 145145 897907
145 997138 539851
146 392200 688077
147 114776 478725
148 913030 272765
149 33007 917770
150 557483 593008
151 437617 739663
152 997325 983727
153 336580 687820
154 363658 196492
155 152474 184749
156 512869 372772
157 935512 468209
158 933372 514520
159 645169 54624
160 9227 951265
161 550999 615206
162 27002 287316
163 943138 283101
164 29386 878537
165 383011 430872
166 117642 229789
167 200877 88406
168 893730 797259
169 877142 810948
170 582099 906345
171 135307 90520
172 888680 45873
173 988851 776993
174 661075 827459
175 535587 629928
176 243379 154470
177 534758 126611
178 475366 207828
179 538785 908919
180 89997 539321
181 810678 552710
182 614392 246129
183 49441 422349
184 484092 889639
185 479357 156379
186 853445 817709
187 519036 379298
188 707885 396529
189 80448 900390
190 811950 735309
191 744316 120467
192 788539 843690
193 620193 564931
194 615396 954748
195 38964 471381
196 313167 987502
197 331590 425719
198 52900 317597
199 571484 509381
200 337987 592322
201 696545 760684
202 15509 800277
203 885612 122911
204 365930 691068
205 506417 910434
206 592431 584037
207 869954 618616
208 226154 823175
209 221120 188673
210 193229 731843
211 850865 974710
212 551651 887035
213 459834 92761
214 802200 718758
215 493686 584974
216 30598 389380
217 393973 901515
218 142878 160278
219 250513 169923
220 617536 797018
221 343811 426723
222 761519 307121
223 620515 338456
224 435851 444555
225 965885 960138
226 515397 852725
227 15695 753013
228 561723 307165
229 366710 113994
230 657399 725333
231 872398 196006
232 73531 709398
233 566623 165708
234 822518 562833
235 998100 887698
236 387324 776564
237 222787 233090
238 216446 998140
239 959015 798638
240 325312 152668
241 726050 688205
242 61359 768352
243 712575 834592
244 315848 684574
245 334892 977170
246 337760 687679
247 171823 729838
248 409694 567246
249 203936 528428
250 90674 622375
251 379440 637212
252 119243 813216
253 234087 827191
254 791365 247342
255 40437 727130
256 991316 682135
257 779101 680229
258 387572 184718
259 24182 343693
260 299704 999376
261 961771 294089
262 472158 375724
263 508257 750111
264 657321 409570
265 999002 389254
266 206774 711672
267 758201 598181
268 161352 43915
269 909104 381130
270 380779 527857
271 810409 972155
272 384870 335516
273 15398 43671
274 215521 796099
275 221580 659582
276 909924 794366
277 529426 701419
278 415601 667767
279 879011 521062
280 651864 190172
281 918087 410235
282 866563 512580
283 916721 19161
284 297265 443585
285 664830 343901
286 969197 228083
287 122112 640122
288 89451 167405
289 764663 770738
290 960122 840489
291 871100 136259
292 757705 808830
293 471167 796538
294 845109 245620
295 681459 142191
296 746650 465518
297 716299 36877
298 558660 582325
299 850043 744747
300 246064 847993
301 279008 444782
302 835977 381091
303 788481 773665
304 36660 720595
305 230252 619063
306 822658 633390
307 839602 509673
308 443522 452568
309 693936 829685
310 953920 334395
311 169117 552517
312 197520 816837
313 64893 524414
314 392106 741021
315 851641 315786
316 130744 44067
317 540486 341058
318 17831 237709
319 296657 248032
320 365307 18599
321 102602 15423
322 291700 347063
323 973073 194132
324 267998 899462
325 971984 34246
326 190219 109022
327 893106 930278
328 717248 234940
329 904296 494918
330 363260 550771
331 477008 788628
332 355288 211652
333 516461 807235
334 341690 492538
335 536599 249389
336 184570 794473
337 857700 919674
338 144176 60095
339 659411 267242
340 99588 829952
341 620117 897187
342 377761 300869
343 838778 342116
344 688779 328833
345 824597 210596
346 896019 804118
347 711432 115918
348 834029 308128
349 157722 372026
350 202887 912977
351 534721 755
352 799873 142032
353 414128 293031
354 731261 592237
355 91500 375131
356 546161 575463
357 670321 152663
358 654752 672889
359 77195 239369
360 377623 208333
361 649512 969663
362 289650 623622
363 714668 183814
364 994599 715668
365 505545 851144
366 328834 67173
367 175742 724457
368 283790 44653
369 226866 225097
370 646117 165888
371 264920 449409
372 951209 616263
373 561083 926355
374 514468 87810
375 401250 650214
376 313528 442054
377 866480 351743
378 584143 467547
379 825013 75416
380 858241 369474
381 66165 506163
382 946120 925611
383 110210 96752
384 624254 54057
385 591579 728396
386 158421 989385
387 838119 727408
388 894804 207457
389 103183 937907
390 39478 247120
391 358801 919183
392 857426 136070
393 784979 822670
394 121053 250130
395 614246 187038
396 420399 172808
397 633517 917720
398 7467 275535
399 611289 223800
400 721459 353626
401 823172 576560
402 48331 154129
403 291413 394345
404 584628 730410
405 566763 761472
406 346493 574882
407 461169 671203
408 949075 893356
409 872646 28399
410 918143 834675
411 485462 400453
412 332598 237953
413 905223 581860
414 941054 683990
415 435995 500459
416 622829 372772
417 371143 278006
418 900626 783918
419 458014 186223
420 186995 891622
421 950024 92654
422 331987 779571
423 701575 19946
424 840210 395563
425 12497 425607
426 334480 927299
427 787805 221000
428 730796 450399
429 205417 770324
430 253502 507495
431 936331 398404
432 543414 675141
433 811448 253839
434 242895 681598
435 969627 929128
436 53145 477082
437 15901 492535
438 500195 558162
439 612648 111597
440 507156 454823
441 376442 170729
442 430487 928500
443 564128 224424
444 829358 696002
445 466557 646787
446 541022 776415
447 216595 257866
448 838476 472941
449 76752 839451
450 279375 143413
451 407297 728612
452 888407 557674
453 49164 163750
454 496812 859305
455 656872 506372
456 621041 509415
457 303767 606714
458 966472 159915
459 181809 285547
460 836664 338507
461 177086 403444
462 402222 826214
463 521831 324532
464 588675 458227
465 443371 336444
466 61350 753343
467 454725 784
468 833781 867027
469 866962 823772
470 962027 404212
471 42615 543810
472 859337 128050
473 469701 137578
474 374192 390381
475 736035 513944
476 884265 618525
477 396080 942931
478 82062 653954
479 273887 887622
480 723892 182136
481 296788 673039
482 897277 252659
483 463757 77231
484 650077 175716
485 137012 828894
486 785722 791428
487 549512 322720
488 454241 558560
489 7364 459291
490 744151 867876
491 50645 701052
492 734335 261234
493 39655 388311
494 856065 202066
495 537027 756550
496 216950 691245
497 686760 133133
498 618489 251186
499 994297 536617
500 673808 911141
501 130214 914901
502 646229 868158
503 463298 183212
504 884189 134845
505 903275 693751
506 797888 71820
507 350595 967341
508 965186 605542
509 986279 764144
510 634169 212570
511 82933 113459
512 501908 225871
513 698680 870821
514 145198 681354
515 859421 271029
516 674371 872518
517 556015 50399
518 69988 978824
519 350457 766994
520 296048 434113
521 402031 91921
522 567896 324456
523 673617 103491
524 189337 460888
525 434453 747668
526 105987 312943
527 677195 402779
528 236770 257695
529 358885 595829
530 798170 484473
531 832755 117195
532 838797 469162
533 291719 705966
534 503924 26139
535 293723 861695
536 416205 525390
537 329691 886501
538 106582 769989
539 436263 99128
540 989101 440984
541 511936 549369
542 883184 374948
543 438273 557175
544 33721 86853
545 758680 364021
546 474900 324318
547 473270 434353
548 17907 876640
549 762230 681394
550 217873 903627
551 667227 90208
552 471786 993468
553 235732 556618
554 429759 302247
555 964506 679594
556 223974 272032
557 837149 434148
558 9572 508437
559 643924 404444
560 451255 415079
561 943736 822529
562 808265 390096
563 194467 325996
564 53604 336222
565 650769 549964
566 340230 134016
567 134622 309507
568 217010 239903
569 712220 449035
570 365375 929836
571 913250 629276
572 635598 343601
573 420284 652371
574 516052 83174
575 239885 691910
576 823036 426007
577 30625 667909
578 563397 533210
579 955586 162279
580 776457 995828
581 844398 980724
582 936871 34670
583 766343 594697
584 636434 493548
585 13863 357201
586 992384 560750
587 164559 759344
588 592042 517728
589 791904 140355
590 826698 661257
591 370410 891324
592 559765 654941
593 705566 359506
594 197144 99952
595 543163 622313
596 603469 218671
597 435171 8173
598 937451 352500
