NAME : portgen-411-5638423
COMMENT : portgen N=411, seed=5638423
TYPE : TSP
DIMENSION : 411
EDGE_WEIGHT_TYPE : EUC_2D
NODE_COORD_SECTION
1 914777 965093
2 976760 635814
3 376239 9973
4 333661 390383
5 188277 433968
6 462451 212531
7 96 38465
8 177733 53402
9 488831 158694
10 777698 832004
11 803212 460632
12 634093 465374
13 616844 848599
14 150017 958976
15 356721 621870
16 329211 668252
17 734473 248687
18 280795 957615
19 411935 109213
20 701416 787559
21 198681 415004
22 954821 885695
23 797236 334255
24 120387 671277
25 979316 588682
26 734922 413363
27 297481 942833
28 457195 246525
29 230619 728073
30 355019 418624
31 598037 224447
32 688966 400718
33 235287 47447
34 257709 114400
35 241229 843478
36 933014 817554
37 179378 189015
38 97082 389849
39 163150 691259
40 8179 370318
41 617979 421944
42 603957 938097
43 23832 104763
44 979285 333754
45 13400 233347
46 699905 297534
47 867983 857938
48 854544 381126
49 235625 765806
50 788613 407387
51 171104 429127
52 663097 608997
53 970703 312977
54 809405 359384
55 919001 352431
56 267239 896865
57 714672 121671
58 718718 300503
59 356463 831028
60 546174 854160
61 811822 491903
62 325786 833842
63 672374 503887
64 154456 570381
65 218312 784104
66 580443 803766
67 772258 655747
68 103079 721113
69 707271 482285
70 219379 723329
71 748299 148257
72 787579 159239
73 421524 208002
74 971748 34141
75 185563 350656
76 226670 665243
77 547493 4509
78 826943 367337
79 656869 7349
80 505917 249589
81 605706 327119
82 140004 195672
83 604131 118982
84 109285 555433
85 700146 510716
86 328754 322321
87 645464 195517
88 627490 146579
89 944409 321277
90 6898 305036
91 847018 147107
92 64464 968723
93 178398 253323
94 663762 576586
95 51615 984096
96 611828 151838
97 782138 708663
98 394574 425978
99 502792 592062
100 531749 274945
101 263592 650470
102 27243 880526
103 503638 79563
104 600779 578770
105 826111 573620
106 703575 80282
107 955733 521820
108 637761 453867
109 544980 431341
110 801097 178153
111 616190 517223
112 23683 425201
113 247123 678283
114 295078 764937
115 691879 547926
116 545799 365638
117 495165 433278
118 601461 766735
119 191373 542643
120 330961 724530
121 708342 232420
122 775488 873462
123 367906 94604
124 128155 356937
125 461539 716290
126 130899 737854
127 900182 983822
128 729145 897953
129 155305 593965
130 279065 736903
131 888189 58136
132 247808 101580
133 865277 471155
134 304794 82271
135 153914 543156
136 325711 188043
137 969802 84807
138 47254 878336
139 617040 39860
140 696055 349170
141 522978 701113
142 485872 954975
143 659737 487663
144 117830 393585
145 568000 130306
146 461940 109101
147 388728 787805
148 398818 520299
149 262617 690680
150 826208 489569
151 477564 88294
152 660881 112369
153 193311 429786
154 251981 945206
155 324085 241481
156 780123 761719
157 25964 148759
158 274962 779088
159 669408 460003
160 702761 344978
161 208537 614114
162 256063 664344
163 65591 237417
164 527161 857432
165 891496 617467
166 626354 671833
167 715774 454573
168 569046 761259
169 675149 337113
170 680013 880648
171 818255 657826
172 690823 223022
173 921769 847826
174 853038 724383
175 722213 161401
176 993137 405184
177 799184 208740
178 863214 805730
179 372520 206307
180 543323 432052
181 754636 914868
182 265193 443436
183 423226 122296
184 70896 802941
185 226989 427136
186 926049 945024
187 737789 541359
188 351840 803352
189 814930 47322
190 801129 259861
191 864897 320853
192 314109 459444
193 862830 711486
194 406640 272338
195 31347 446749
196 690362 872207
197 110123 252876
198 954599 873231
199 920036 149464
200 871181 118416
201 32896 805715
202 923253 462352
203 296504 672283
204 91074 339740
205 345909 151728
206 399090 100181
207 174960 96573
208 741689 882429
209 804744 12316
210 488837 549995
211 202260 921432
212 931759 108572
213 394240 120333
214 21771 275437
215 244854 679557
216 712277 475190
217 701413 649401
218 860770 764715
219 145893 217536
220 717754 980401
221 906742 394323
222 783500 481352
223 244489 768930
224 940448 1550
225 858636 834265
226 851459 644599
227 904609 191624
228 406139 557706
229 104302 273851
230 601582 531789
231 526389 873538
232 621985 365507
233 244985 4767
234 316681 693607
235 852084 972758
236 941980 803193
237 153680 654571
238 698535 557660
239 16822 740134
240 702433 836534
241 16031 747919
242 673855 713064
243 153167 838738
244 853204 335905
245 404415 856002
246 448033 452286
247 365452 744996
248 38421 103548
249 240642 128928
250 782817 686828
251 752108 200313
252 299117 22102
253 818234 103540
254 970744 191544
255 38457 567401
256 704501 768396
257 869435 745579
258 83755 74103
259 508086 876989
260 327086 141437
261 764124 187752
262 910790 165255
263 220650 741667
264 504076 131578
265 836337 594994
266 586915 825278
267 701677 135032
268 132032 247634
269 878483 928275
270 629309 79063
271 330652 976215
272 8819 262978
273 91878 260281
274 541495 200196
275 524345 296753
276 599471 109064
277 292591 187822
278 99913 926830
279 498636 164084
280 890069 570599
281 225057 42469
282 562235 959393
283 236748 728286
284 759577 606457
285 653701 823474
286 532608 307889
287 352643 30332
288 541965 655059
289 895160 722967
290 65342 293820
291 243031 339991
292 241508 265738
293 369937 544446
294 263042 742283
295 898283 403746
296 488056 272025
297 274574 805835
298 546455 22762
299 623571 978486
300 721012 436818
301 365120 818527
302 134854 230525
303 53722 259480
304 867556 26852
305 817885 555466
306 663787 756352
307 265801 486323
308 82542 953031
309 767894 756400
310 412938 213986
311 104714 781091
312 885444 216882
313 458353 714080
314 173035 122117
315 976609 282485
316 787503 868308
317 905081 509875
318 630032 486678
319 74190 755185
320 183195 416905
321 776552 506642
322 329344 684296
323 299031 706965
324 386580 57691
325 347481 832374
326 849726 501453
327 1876 438527
328 649314 496812
329 913446 624979
330 600493 567044
331 185290 112370
332 843657 400980
333 778914 157145
334 427007 581505
335 187291 375576
336 566450 710202
337 408918 580563
338 364260 603260
339 779214 446917
340 567567 961540
341 800634 548055
342 521624 409565
343 97195 675132
344 24651 504101
345 730960 472887
346 59670 492684
347 567894 807619
348 850454 66349
349 97723 748780
350 320036 695771
351 927751 939663
352 490123 385941
353 31740 301670
354 979829 592311
355 341331 974182
356 472161 409344
357 894018 127606
358 507373 692605
359 544476 36037
360 550525 712565
361 59421 678226
362 261468 491519
363 447824 626787
364 220078 22977
365 548823 62589
366 623431 186902
367 105586 593385
368 489378 391289
369 654037 394018
370 902191 404590
371 130655 988613
372 953576 18395
373 413465 381443
374 231216 76374
375 359794 223667
376 846270 74746
377 199957 257447
378 72339 740849
379 834077 896738
380 896562 640451
381 647633 585810
382 690120 936741
383 843526 483548
384 455768 875623
385 714140 125930
386 461388 468102
387 676243 326858
388 866294 984675
389 478269 4021
390 419180 706975
391 792710 323340
392 126414 908372
393 414955 37621
394 496781 168844
395 749859 5830
396 935521 778413
397 679878 776260
398 943201 662553
399 312369 626718
400 152100 428790
401 903174 227194
402 657193 652818
403 430957 522930
404 948331 291585
405 842491 34718
406 244067 665232
407 146878 890731
408 704929 869220
409 905932 913859
410 993539 180972
411 171178 829050
