NAME : portgen-418-2829537
COMMENT : portgen N=418, seed=2829537
TYPE : TSP
DIMENSION : 418
EDGE_WEIGHT_TYPE : EUC_2D
NODE_COORD_SECTION
1 704677 451783
2 476245 97065
3 207718 106152
4 92712 988644
5 323790 857005
6 394806 720010
7 774966 143571
8 729521 627906
9 551928 918033
10 839528 777727
11 954493 563579
12 19131 136925
13 133172 206567
14 753955 882412
15 241896 176311
16 213379 119152
17 344696 430505
18 833907 513969
19 950969 637356
20 613318 866130
21 445658 228219
22 8061 337564
23 3660 239561
24 568651 909140
25 202590 826085
26 864602 468826
27 150097 722030
28 367604 585524
29 107087 45739
30 263158 693749
31 155182 455356
32 375325 457660
33 411347 166586
34 711948 437402
35 139910 489960
36 59254 642787
37 715442 13443
38 913125 485666
39 413482 297101
40 769321 547648
41 99480 708215
42 619253 548147
43 21128 758023
44 743827 887035
45 19158 667320
46 802020 513567
47 497445 123358
48 806875 802871
49 512777 994618
50 424439 517994
51 826079 271550
52 139819 654941
53 726605 156386
54 849572 601950
55 700901 609580
56 841696 220051
57 26581 595837
58 891728 641615
59 957910 251966
60 650785 608476
61 653809 717330
62 12962 621916
63 663881 787704
64 502967 60501
65 286837 756738
66 636094 811532
67 596199 159740
68 705952 879428
69 681634 23415
70 656418 379513
71 800113 491861
72 236250 410682
73 13510 84689
74 500604 875529
75 459477 19171
76 299903 452275
77 707780 667700
78 881900 14546
79 675350 980079
80 948989 847177
81 474751 826156
82 945531 321388
83 809467 349835
84 983801 615899
85 582327 807038
86 141011 82380
87 792488 631614
88 308572 201533
89 9549 345262
90 740016 649334
91 112353 522888
92 111511 439660
93 281986 809937
94 866000 274810
95 350272 356116
96 895626 65735
97 441088 849379
98 238501 717732
99 699372 604635
100 102109 811976
101 75140 155342
102 135513 810143
103 906817 777015
104 340764 268120
105 385713 71962
106 148546 400539
107 629806 592873
108 951551 409016
109 385068 96152
110 82886 91735
111 650463 379165
112 513789 770350
113 731898 985668
114 946867 982345
115 724796 531556
116 860769 741428
117 959548 668053
118 500787 711813
119 893081 518638
120 488109 872970
121 424868 769847
122 191924 258537
123 705652 516460
124 551945 670737
125 117480 252833
126 770865 717026
127 879839 570553
128 951207 333712
129 195794 467460
130 309355 195003
131 883934 822126
132 780011 512743
133 647094 378699
134 208615 371269
135 887220 435090
136 857070 714330
137 978672 830053
138 320870 933436
139 499326 943235
140 819143 398186
141 789874 479407
142 672989 529793
143 647621 38642
144 961416 446804
145 20959 122088
146 503198 521811
147 631417 53018
148 15899 710537
149 791175 361870
150 937666 772216
151 17133 608709
152 851593 719294
153 462958 291458
154 44036 350046
155 922931 912564
156 372295 748989
157 446501 187267
158 691805 362122
159 190708 726993
160 496843 936556
161 587523 846745
162 433602 115004
163 417956 248360
164 862736 259377
165 367095 29412
166 889400 149280
167 20304 906579
168 25891 40884
169 32905 485722
170 837987 285498
171 847933 234423
172 949960 84402
173 534564 656452
174 88208 516412
175 635061 767539
176 847800 531797
177 994774 908254
178 882815 867853
179 588405 945014
180 693403 422073
181 258552 558313
182 512058 637432
183 64630 137871
184 799029 362098
185 652702 35352
186 273913 674296
187 91931 729304
188 88755 55725
189 851970 525347
190 232188 550103
191 659954 917722
192 565973 945021
193 770859 331086
194 637222 382871
195 841949 888019
196 241855 670807
197 833020 802634
198 11584 173637
199 142492 220655
200 995647 478838
201 804482 562861
202 284224 84958
203 107584 930078
204 965824 49753
205 137394 551729
206 230631 205534
207 103065 805383
208 180218 587744
209 725293 709423
210 625847 890992
211 995379 578373
212 366451 173863
213 230870 711052
214 390071 6973
215 621720 158677
216 89901 802216
217 387953 680458
218 319472 454420
219 814656 760590
220 764802 183114
221 605792 927798
222 757023 950956
223 892640 663481
224 304355 659156
225 571764 300532
226 783566 135518
227 598934 836969
228 388936 2265
229 174908 603765
230 765485 653163
231 115421 205233
232 284951 954280
233 945937 302832
234 448510 152108
235 912743 516737
236 283389 66137
237 137659 325315
238 107426 859860
239 979439 529481
240 784927 228604
241 536144 786306
242 241487 968557
243 43255 884668
244 517265 433672
245 734521 16639
246 5910 662547
247 847846 248064
248 899725 539654
249 790139 431707
250 843530 32780
251 684042 774874
252 874228 343159
253 764387 997259
254 894030 630377
255 793714 504268
256 484999 741235
257 869244 748845
258 647253 452873
259 357386 36886
260 54554 406282
261 512693 16802
262 308578 879962
263 832695 508514
264 191908 794499
265 560928 110166
266 965829 349061
267 735767 280658
268 743604 794909
269 917062 492642
270 321303 590381
271 527281 480379
272 379118 328238
273 503946 989107
274 353969 967884
275 415369 391211
276 347746 995639
277 870779 733363
278 66951 334980
279 39107 593570
280 599554 969477
281 80197 401388
282 309073 203332
283 976987 4620
284 362116 541005
285 244899 658146
286 98904 389502
287 621517 663343
288 58536 517053
289 146023 575214
290 813011 497714
291 469407 598338
292 194945 591451
293 29968 564440
294 39988 532434
295 303671 738984
296 432793 376056
297 247742 663157
298 491477 137778
299 858862 715775
300 269702 986892
301 843083 778754
302 154873 917654
303 921803 749408
304 800694 279328
305 703395 502511
306 294992 506672
307 289899 860570
308 536683 704140
309 153645 645915
310 711855 839209
311 145758 646340
312 271302 258006
313 815062 320149
314 234629 703862
315 741539 309127
316 716359 866695
317 871819 310499
318 202722 962734
319 308439 334374
320 54767 325827
321 410794 394072
322 820578 464462
323 593225 786453
324 104754 989735
325 848094 171327
326 903149 154999
327 974235 960574
328 270533 976387
329 906935 844373
330 714931 959068
331 440969 466319
332 224560 377567
333 91716 900920
334 686094 825436
335 267344 750230
336 599386 163909
337 797820 540527
338 936059 990759
339 672104 310727
340 987473 838674
341 413214 390256
342 988931 782470
343 868158 250039
344 642135 494251
345 218783 301802
346 276640 483002
347 67029 304536
348 726440 246884
349 596251 280051
350 528402 602465
351 114348 794026
352 2262 9420
353 758113 512893
354 166068 191765
355 92416 20493
356 334252 412683
357 625590 413129
358 682428 957966
359 399289 920023
360 651126 844832
361 304668 406042
362 297034 664878
363 635882 805360
364 161647 788400
365 782414 423166
366 824691 480339
367 218311 966979
368 504422 530
369 764665 575801
370 100042 910191
371 850749 722111
372 843125 373950
373 997133 870597
374 185967 402151
375 668654 921080
376 85236 807850
377 497636 105235
378 777774 634009
379 575714 35282
380 504997 757582
381 748227 590266
382 91722 182224
383 169744 612141
384 569558 251639
385 415996 811830
386 771999 997138
387 251368 730045
388 759595 496818
389 908406 191799
390 887104 1873
391 229645 126365
392 283403 24832
393 674939 234424
394 388616 36087
395 797235 892281
396 430972 513026
397 159805 288211
398 138192 853610
399 470742 113079
400 614355 500315
401 962191 994168
402 515046 666781
403 691435 958871
404 524447 472804
405 430295 543349
406 245392 539627
407 238047 612716
408 326609 235200
409 430461 803510
410 44031 316133
411 141398 456479
412 637284 915680
413 849639 777830
414 482092 584587
415 38610 800724
416 972370 435602
417 761503 343755
418 756480 690017
