NAME : portgen-506-5775690
COMMENT : portgen N=506, seed=5775690
TYPE : TSP
DIMENSION : 506
EDGE_WEIGHT_TYPE : EUC_2D
NODE_COORD_SECTION
1 173540 712396
2 755368 273225
3 179264 169294
4 129429 172775
5 313030 954972
6 371252 561079
7 875438 738220
8 944069 83766
9 876831 816014
10 255471 674830
11 708292 698428
12 476564 54860
13 906988 761634
14 321948 716123
15 759948 35682
16 686220 747481
17 547854 762217
18 306827 535751
19 752788 130849
20 536677 185659
21 775377 122875
22 178286 508960
23 398563 332850
24 75436 363793
25 519419 731806
26 126757 548770
27 799116 196833
28 162959 426058
29 164541 993150
30 966398 643513
31 416506 998579
32 636098 127370
33 179594 248377
34 382792 366477
35 339656 611218
36 8330 513038
37 296595 523664
38 548073 159521
39 899311 279730
40 891901 480930
41 597093 328797
42 749725 116435
43 619176 687640
44 111383 420484
45 582623 58450
46 152958 386310
47 791192 925458
48 177329 262339
49 826279 654622
50 960887 239042
51 433538 795705
52 471891 38488
53 134713 797960
54 799045 682681
55 577657 475318
56 314674 744056
57 410527 907948
58 490555 30196
59 207387 710639
60 950041 917254
61 422097 728170
62 405590 100614
63 177680 212625
64 41146 258107
65 388951 750112
66 360475 216630
67 702072 416583
68 166255 853036
69 918269 841777
70 625879 588979
71 480253 400744
72 470443 665368
73 636352 424787
74 980719 690577
75 747778 964704
76 221192 568172
77 265670 210774
78 878566 216908
79 93633 55308
80 872233 281676
81 879690 957268
82 56801 988678
83 995064 913930
84 273613 745159
85 271595 65767
86 49476 516809
87 962861 985337
88 696062 853925
89 462499 194816
90 222048 960772
91 118991 985837
92 385873 107274
93 870422 403207
94 159829 713394
95 421518 252325
96 579422 173110
97 570181 560112
98 539502 963444
99 437883 485106
100 969306 782427
101 962287 785902
102 468529 787006
103 845712 235354
104 182299 158396
105 340351 475358
106 57078 380238
107 633790 619908
108 702254 706579
109 387086 496689
110 449175 31620
111 476046 788507
112 775852 489168
113 103480 263574
114 48279 175854
115 139624 460707
116 671626 304103
117 854465 746689
118 903693 738753
119 352047 765965
120 405020 163842
121 16121 663140
122 264219 389897
123 776278 790915
124 397257 81013
125 456631 275928
126 915164 262028
127 345481 508598
128 110801 658184
129 931437 721840
130 883313 106958
131 883307 416333
132 753376 176508
133 459237 393938
134 116019 243892
135 843629 911338
136 309322 306073
137 40057 173246
138 116455 214018
139 443026 267254
140 378367 445296
141 332136 326439
142 292541 32666
143 577400 255292
144 550727 677956
145 287451 509754
146 622733 108155
147 922335 493681
148 854520 710047
149 623082 90972
150 273442 562260
151 347889 130003
152 702645 11335
153 943792 588725
154 969487 312815
155 931198 855508
156 107457 253481
157 434388 373558
158 484225 775152
159 493998 259694
160 321988 749190
161 770856 25047
162 970449 281369
163 563448 179318
164 603427 28721
165 229454 527729
166 244530 130210
167 336055 522858
168 337839 78654
169 892050 918982
170 548440 802247
171 761294 291032
172 355968 538261
173 738898 597686
174 137705 640965
175 930232 675202
176 106619 594360
177 861517 745712
178 317729 217678
179 793948 179787
180 673496 865137
181 696674 50504
182 764374 128950
183 94214 816424
184 897513 896126
185 634660 886538
186 637447 853032
187 329461 646785
188 642570 176495
189 163529 224736
190 963640 345770
191 385370 423640
192 355225 364317
193 831054 194025
194 365836 207104
195 428644 521414
196 181141 995924
197 284321 661902
198 164800 908262
199 961570 709182
200 895691 562402
201 434156 912968
202 677325 584462
203 289832 682979
204 239135 497200
205 914658 123703
206 851842 586843
207 751143 152081
208 683995 700750
209 766182 102472
210 964149 185952
211 854853 188330
212 434 72257
213 452382 724478
214 175706 744999
215 356953 959590
216 937360 666329
217 310078 839936
218 493928 798526
219 672497 203144
220 680321 130304
221 427843 263364
222 242954 242691
223 666560 992810
224 995489 212064
225 209519 440321
226 732555 216571
227 352228 936100
228 625042 767827
229 602889 837388
230 90534 491305
231 10482 35990
232 816879 784353
233 695860 588477
234 343889 508451
235 485520 691185
236 705260 554118
237 892952 523828
238 453397 638281
239 836102 64334
240 447215 684554
241 121589 338317
242 654465 865648
243 949108 901369
244 849449 525724
245 144076 905450
246 454637 164045
247 717623 989136
248 425043 873724
249 370411 719126
250 789294 28279
251 156708 931155
252 764848 524964
253 318732 394237
254 562106 486580
255 986992 723673
256 918377 77164
257 693312 185083
258 36668 846436
259 318367 827743
260 359310 822136
261 218065 624762
262 719157 457241
263 534476 774105
264 789269 367987
265 205095 59159
266 76175 349522
267 77341 723541
268 766177 44424
269 645004 469381
270 828980 102671
271 583001 21706
272 166414 321939
273 687384 829874
274 444888 260381
275 454659 650938
276 84454 2424
277 514030 730135
278 952103 807186
279 853813 41307
280 758787 274307
281 749232 92725
282 657600 884320
283 140671 896670
284 910749 371373
285 497699 206793
286 401548 57986
287 373084 708371
288 737682 215641
289 110732 989021
290 505137 727290
291 920291 747962
292 609200 930788
293 309926 983449
294 691921 193021
295 582870 869506
296 133675 273631
297 971682 622186
298 701123 525015
299 648622 458042
300 584257 471742
301 719142 455866
302 755243 727368
303 730646 336491
304 393223 583241
305 420209 968653
306 115264 660792
307 458436 889280
308 140632 475601
309 121042 35413
310 183197 615655
311 248048 452707
312 787115 25956
313 487651 945681
314 302742 645716
315 977725 401190
316 822417 527490
317 568812 536484
318 612026 259499
319 289526 719919
320 790156 834325
321 862406 656508
322 9824 967214
323 621457 680967
324 486516 945726
325 134535 755441
326 222273 2906
327 480317 183067
328 649324 191652
329 887054 218759
330 115341 471147
331 46965 673304
332 793085 585884
333 106246 458756
334 650968 491222
335 267822 459664
336 989084 175316
337 900878 427756
338 393382 245142
339 972389 604048
340 376631 295998
341 58627 83982
342 530374 506578
343 354225 149113
344 734404 982928
345 430237 153270
346 608531 798303
347 452096 330492
348 845240 687090
349 755629 582067
350 573831 376315
351 708578 882468
352 569094 838536
353 696813 138290
354 472531 973738
355 828841 500211
356 457247 904125
357 788522 962071
358 862615 248661
359 221207 462593
360 740643 419156
361 703126 68900
362 917390 891507
363 751086 106616
364 606222 62342
365 730942 255092
366 772610 998651
367 775206 876420
368 838751 154502
369 295460 568303
370 643962 105563
371 927906 271811
372 242284 11080
373 450143 539630
374 880912 560589
375 579406 738623
376 80867 693287
377 851125 318739
378 603705 709926
379 107262 692674
380 999785 542310
381 842829 904228
382 329776 723278
383 572304 185436
384 661840 777441
385 511927 322984
386 367748 660617
387 883187 2019
388 338288 9839
389 217775 598651
390 287802 41159
391 999354 913547
392 62557 188631
393 412262 868382
394 668875 51927
395 304115 653314
396 492661 518019
397 56376 320977
398 737814 267288
399 388624 240264
400 672791 440304
401 321855 282261
402 272787 538246
403 739269 167320
404 630730 662493
405 906477 735322
406 41051 55334
407 388558 346470
408 49649 324810
409 847851 8798
410 985463 305015
411 796812 421576
412 104649 71622
413 1129 85486
414 387830 344940
415 262749 170968
416 379109 555281
417 692173 552479
418 107 944019
419 524988 716086
420 138982 87452
421 20530 660076
422 66464 999099
423 856502 71085
424 413370 984754
425 319848 652328
426 879458 43683
427 977514 501823
428 61195 766574
429 590088 720308
430 538139 795250
431 642331 914643
432 523511 819024
433 714792 380974
434 988870 389459
435 489968 978563
436 911440 863097
437 688949 333135
438 425557 753128
439 444061 602825
440 10426 234554
441 495398 667522
442 806801 467499
443 528636 464465
444 31770 873149
445 837686 619132
446 955149 135529
447 226118 160418
448 176012 157432
449 971127 733328
450 573542 103373
451 627024 810544
452 974327 85293
453 156929 211936
454 236882 510014
455 973187 596729
456 734803 716939
457 882621 919006
458 840100 506802
459 688524 363092
460 643012 557360
461 409847 255541
462 815916 386594
463 351539 100895
464 888770 603656
465 176206 213621
466 516246 934046
467 629638 413697
468 499751 778459
469 784901 887794
470 627399 21833
471 775940 668678
472 230136 280326
473 209284 699608
474 319612 839524
475 808878 75116
476 268661 367470
477 557122 359921
478 587127 692978
479 180906 560629
480 585542 378469
481 427035 349087
482 882615 951353
483 820788 66125
484 486802 602294
485 709721 140492
486 187190 849000
487 554213 567896
488 288698 42376
489 698418 455995
490 799466 658561
491 919989 328141
492 18113 797736
493 786586 167158
494 51430 678284
495 592908 433626
496 291656 182606
497 178072 486907
498 834643 926940
499 114464 662240
500 991627 166907
501 1189 863616
502 40057 150317
503 155126 940520
504 349357 759386
505 573334 419969
506 641547 502621
