NAME : portgen-572-3235450
COMMENT : portgen N=572, seed=3235450
TYPE : TSP
DIMENSION : 572
EDGE_WEIGHT_TYPE : EUC_2D
NODE_COORD_SECTION
1 485069 824087
2 311325 916347
3 567632 992954
4 91966 546645
5 544627 495776
6 615436 422423
7 121645 681446
8 738952 390488
9 346943 200335
10 914093 478419
11 927325 647482
12 891562 984318
13 976627 149161
14 59102 392904
15 616494 339146
16 110068 566530
17 987510 472682
18 542196 441765
19 641022 603242
20 456080 734636
21 4093 239965
22 763161 308861
23 155449 834582
24 281938 185211
25 962312 36689
26 913899 286093
27 571071 838278
28 108181 918538
29 836577 838642
30 374150 125866
31 351931 488723
32 90565 809991
33 491683 375471
34 659262 812783
35 525997 904370
36 108550 161732
37 238022 877403
38 564520 641231
39 76410 53283
40 876136 58088
41 312583 220460
42 18753 490627
43 987215 621344
44 475965 177519
45 980999 166725
46 782503 828239
47 77245 551709
48 626086 842360
49 1943 885757
50 744341 514217
51 758171 228654
52 309074 904224
53 724105 693438
54 267340 80444
55 851063 486837
56 442573 659057
57 857643 207425
58 343363 523692
59 411478 538855
60 183904 649322
61 373528 773505
62 68442 11779
63 146198 879895
64 852657 333797
65 153298 871081
66 373891 995966
67 202220 389299
68 615515 653526
69 362816 811327
70 147263 463522
71 209866 937109
72 993614 331676
73 793197 8997
74 759796 65465
75 405511 746190
76 989702 668145
77 732458 873259
78 140325 762205
79 26434 919774
80 288709 70579
81 330622 456012
82 933180 387540
83 276971 505463
84 665443 525967
85 414228 334366
86 763895 346012
87 133344 437714
88 659619 705382
89 41046 195182
90 871454 383993
91 853461 932883
92 45088 82719
93 540459 917879
94 62785 814680
95 112328 110051
96 988082 836849
97 397099 812897
98 699627 863853
99 803765 555900
100 672056 87814
101 967950 564614
102 194011 21518
103 892729 56819
104 623056 649739
105 332800 222446
106 699419 211753
107 807446 178657
108 82496 493773
109 58913 120283
110 687912 413117
111 701698 109543
112 853910 326413
113 366415 199280
114 152001 111826
115 544985 602800
116 82326 391307
117 862381 649007
118 684573 641707
119 125436 866430
120 222 46685
121 858966 942502
122 126767 699210
123 408352 878539
124 982938 70685
125 446481 500346
126 711852 691939
127 10915 69256
128 5488 576643
129 702233 545004
130 336944 251021
131 931382 756625
132 649516 286114
133 363480 756917
134 84985 108235
135 770305 203956
136 510834 988227
137 673802 187565
138 701265 9759
139 98627 784654
140 320925 789772
141 497047 606996
142 774881 293963
143 671417 325700
144 741790 576266
145 285527 927656
146 556721 17201
147 96125 796266
148 535851 870738
149 268699 939202
150 997945 398593
151 779911 198284
152 749760 656708
153 3299 104855
154 917057 716951
155 397838 679787
156 834852 125966
157 259476 409288
158 694299 914181
159 660500 853250
160 750263 492741
161 488217 145783
162 110289 371711
163 424044 312549
164 238467 17093
165 184266 596410
166 92701 381676
167 386815 641137
168 954919 371081
169 347520 365593
170 599664 757236
171 665200 888539
172 826003 792786
173 439438 410937
174 906911 724414
175 372221 223301
176 632271 251606
177 754935 401535
178 305891 398235
179 811468 108622
180 701788 632218
181 757335 551463
182 117287 640602
183 14587 946313
184 299963 466690
185 969849 283361
186 7269 936086
187 481029 526961
188 860469 236611
189 390848 708754
190 65819 25809
191 501080 129844
192 315304 552048
193 839074 541237
194 264389 746213
195 626549 8606
196 71118 880829
197 395743 316302
198 749966 729113
199 407510 299042
200 932316 202826
201 20089 198156
202 658594 346411
203 722221 502426
204 936301 202887
205 562460 764653
206 133846 65255
207 482073 693182
208 561100 876505
209 155720 800984
210 890635 285474
211 538803 920
212 534373 767023
213 263271 809112
214 277491 134617
215 804740 358042
216 300310 187960
217 146294 301165
218 891962 435825
219 647771 622122
220 990947 962569
221 385517 463404
222 855578 341075
223 469803 70197
224 346455 628720
225 53031 940854
226 451622 272892
227 494302 574273
228 902516 832129
229 51862 357428
230 454449 286395
231 854655 314178
232 211939 599891
233 379136 670441
234 209677 140997
235 223379 490902
236 530049 526999
237 747952 949780
238 833851 265910
239 506618 960099
240 864506 431141
241 757249 920062
242 680168 518344
243 503387 986131
244 976020 546403
245 922029 221521
246 226147 506774
247 398743 500045
248 432520 858517
249 715452 905797
250 507223 203892
251 563579 386355
252 764213 621889
253 183604 531559
254 592724 975958
255 70886 916384
256 856109 505459
257 435398 232928
258 60248 347881
259 915435 711894
260 167370 520618
261 954989 303880
262 633773 19486
263 927323 143693
264 762786 126063
265 766176 302292
266 673186 530660
267 889213 948122
268 575032 251789
269 484664 447240
270 458096 155505
271 70696 264125
272 379032 401411
273 266531 922267
274 873000 379256
275 572721 288826
276 95731 589388
277 139621 204931
278 530705 32918
279 497142 816091
280 46856 931814
281 46895 145483
282 517862 915380
283 845688 591983
284 126427 33987
285 966396 137980
286 474880 536178
287 139173 878544
288 424886 365600
289 164259 428841
290 488780 894404
291 646550 946694
292 79206 834361
293 255396 527703
294 12797 973832
295 102433 983049
296 125362 450676
297 480843 320115
298 680625 534518
299 124952 500487
300 976525 900930
301 758008 444158
302 890475 678316
303 642275 149037
304 510182 305259
305 949535 3002
306 20121 523310
307 713657 63807
308 806452 596218
309 664639 197746
310 234755 311170
311 467031 625939
312 57462 65465
313 379972 30722
314 645702 460856
315 236268 275849
316 855418 858999
317 479306 485778
318 874283 123240
319 233036 15398
320 27908 659178
321 863063 815051
322 739076 791263
323 516017 499422
324 393214 415378
325 940143 649903
326 888815 664095
327 264219 700676
328 45512 899008
329 964852 404697
330 804032 519035
331 916001 494783
332 277350 290357
333 139939 205069
334 784234 922394
335 547789 307030
336 203003 249261
337 257603 584852
338 422354 802936
339 361720 356785
340 19952 480963
341 65869 241004
342 656824 717232
343 359847 360635
344 581648 188949
345 345839 669213
346 339005 310641
347 467609 720878
348 456174 613801
349 557447 154223
350 368908 713081
351 137701 36428
352 395425 459180
353 584033 647811
354 7271 546986
355 340828 684877
356 317360 775903
357 58858 134819
358 180029 605359
359 27174 556472
360 834182 526137
361 647622 630010
362 553485 834708
363 169328 166574
364 853835 798423
365 819 774543
366 795665 814734
367 15957 335075
368 163603 289966
369 182146 522004
370 537202 754488
371 333461 25175
372 354766 819701
373 21591 708995
374 757156 632900
375 551549 289600
376 759965 759024
377 153404 594365
378 917415 322967
379 20471 60349
380 295577 294067
381 465664 485266
382 9783 586339
383 351416 292184
384 421136 239156
385 113227 471034
386 848202 394273
387 4923 544582
388 766171 888597
389 476606 959120
390 917292 846361
391 146103 793486
392 502846 706752
393 308878 310399
394 804950 429618
395 983659 871418
396 868829 942989
397 408776 66168
398 906285 939187
399 20252 810184
400 53530 132993
401 232388 798036
402 715607 705187
403 143496 966479
404 256178 446651
405 285486 607016
406 518016 590852
407 76690 424158
408 425237 522675
409 76489 943615
410 680053 412228
411 271931 610951
412 185626 980234
413 238646 50166
414 678665 299735
415 401085 799691
416 632419 29954
417 673633 310276
418 328345 555250
419 716795 78687
420 281515 786203
421 233909 861335
422 749565 571430
423 599487 257878
424 757362 428542
425 827521 856119
426 260521 720517
427 409099 253838
428 500574 202433
429 124403 405331
430 376842 588245
431 249684 177490
432 165136 499283
433 373107 656681
434 841287 505259
435 824671 167358
436 765312 647946
437 116093 823933
438 151707 551414
439 201852 931787
440 479659 36212
441 925763 273334
442 922893 812839
443 550007 454928
444 864817 174349
445 937169 671664
446 713963 211535
447 254016 114156
448 20890 585962
449 745241 925631
450 419723 48073
451 56025 825575
452 948883 791308
453 930356 987187
454 797623 596259
455 703831 45646
456 337615 950053
457 468162 705177
458 874282 38148
459 923474 50980
460 478392 787144
461 911439 915656
462 85536 776598
463 111332 939737
464 699063 324785
465 893577 164519
466 753790 605592
467 227956 434013
468 698597 975709
469 805171 217715
470 938556 511859
471 531454 813837
472 695956 150025
473 760224 798306
474 125999 477418
475 2823 81153
476 886899 420456
477 32053 255204
478 294282 450433
479 597619 514870
480 92711 954646
481 182016 579908
482 657702 191972
483 514191 523778
484 254096 318137
485 944953 75975
486 912148 446055
487 48157 397239
488 900244 490983
489 883602 830332
490 482315 660899
491 342118 184193
492 232073 938931
493 982503 173882
494 947889 35983
495 919821 174819
496 721613 487033
497 272762 862580
498 599710 85399
499 765679 298717
500 249780 269241
501 914704 295667
502 995103 341923
503 739035 702706
504 188382 93121
505 272700 120400
506 502543 561635
507 595048 917892
508 233033 694982
509 307145 795122
510 592261 428792
511 758098 955379
512 68356 675711
513 161271 616481
514 450952 706234
515 658204 197537
516 302600 790480
517 557631 361915
518 158356 780482
519 589144 314181
520 705898 287520
521 866736 152767
522 443722 491028
523 416720 766233
524 418676 597051
525 701309 983229
526 634446 59445
527 640513 52242
528 966640 124223
529 738035 633187
530 183566 958552
531 113562 874200
532 387223 985179
533 253663 349775
534 117912 104020
535 501171 466799
536 276305 710094
537 93812 609032
538 794345 698652
539 314866 16113
540 709071 37048
541 878445 817764
542 522667 699651
543 83975 428399
544 403257 572451
545 108252 808581
546 662570 485123
547 813009 239098
548 11215 156642
549 58955 834690
550 696682 718067
551 451366 402563
552 887979 664260
553 104783 816682
554 536777 940861
555 968267 538240
556 720965 165583
557 524935 374984
558 295982 628438
559 61191 148125
560 973964 97020
561 290820 283222
562 407337 783103
563 15433 873742
564 822114 429551
565 504248 977663
566 161874 374005
567 47846 170830
568 316082 712861
569 292828 147682
570 403668 455536
571 367208 255132
572 598487 11231
