NAME : portgen-562-7365735
COMMENT : portgen N=562, seed=7365735
TYPE : TSP
DIMENSION : 562
EDGE_WEIGHT_TYPE : EUC_2D
NODE_COORD_SECTION
1 800365 95494
2 872616 942031
3 113460 241266
4 903587 863202
5 622500 592097
6 323313 571658
7 729376 239147
8 424259 803713
9 487685 404403
10 978889 22713
11 626944 580236
12 462720 434030
13 191864 468589
14 895616 26062
15 530487 53092
16 378609 930513
17 385095 289932
18 183615 664945
19 203305 682777
20 828718 496639
21 683401 70062
22 695235 426123
23 212535 587853
24 860384 215308
25 632403 579459
26 979438 513819
27 177039 601905
28 305081 869851
29 710398 582683
30 758415 448514
31 37960 220810
32 34484 125861
33 908696 253251
34 876423 303253
35 26611 836406
36 943329 272377
37 771999 399429
38 43275 113125
39 403196 860815
40 128948 322013
41 758191 312932
42 267646 81972
43 15131 157798
44 896029 259234
45 381236 930364
46 788522 900052
47 656165 992311
48 553309 411024
49 298062 295805
50 382848 99409
51 184656 999569
52 86359 310390
53 821268 666505
54 246172 95066
55 586774 147282
56 973821 451164
57 201447 828051
58 659992 137908
59 564645 42172
60 572551 497672
61 955188 580618
62 920404 927202
63 651750 943760
64 186017 461608
65 578161 376770
66 866952 308129
67 274041 981666
68 348191 307027
69 111485 439595
70 421980 877222
71 593153 853857
72 686682 883564
73 975176 207904
74 979647 728962
75 340560 609549
76 225007 836454
77 717644 6078
78 232456 876526
79 725527 104693
80 962199 514241
81 555019 806577
82 673086 709551
83 554128 119964
84 764481 317882
85 852874 452088
86 158260 835682
87 701611 963002
88 272665 118734
89 862973 914326
90 694745 775224
91 218232 81323
92 499409 63919
93 821750 60375
94 635043 564489
95 427537 228227
96 542545 793603
97 586720 969892
98 718961 757471
99 152245 723679
100 610899 856442
101 344930 65320
102 34216 565336
103 391316 143683
104 337044 653724
105 184327 172080
106 241482 161038
107 677156 733971
108 971696 761416
109 219856 703193
110 990589 796657
111 967718 40801
112 706983 996432
113 107157 92940
114 801465 136275
115 571686 128981
116 781689 209248
117 729999 522664
118 533741 57194
119 404167 765438
120 92223 60334
121 840518 931849
122 573899 630880
123 260509 501743
124 86619 590288
125 862734 626021
126 956006 15970
127 151993 481918
128 74752 135681
129 335321 511552
130 31594 334122
131 739516 571606
132 561501 123992
133 331562 309632
134 587138 46275
135 473462 469952
136 674796 629568
137 840459 364568
138 840650 951747
139 888808 225065
140 921680 971475
141 757619 289913
142 104680 237564
143 389464 210083
144 647747 606006
145 191102 224108
146 470055 357891
147 291976 622271
148 385538 210950
149 91390 209331
150 790229 308761
151 612935 861554
152 668608 891259
153 868402 666092
154 911290 914429
155 92453 864668
156 487934 729314
157 320449 807485
158 864066 381625
159 279630 939230
160 738454 120611
161 218242 377806
162 256046 164700
163 857017 813241
164 960960 949199
165 496166 174558
166 40457 974378
167 132611 57011
168 483541 28304
169 969464 297194
170 373497 7838
171 930453 708517
172 867552 70491
173 5866 92249
174 101845 127275
175 765253 572297
176 249990 142190
177 713165 615671
178 268304 638556
179 728943 611596
180 407717 840097
181 696628 614096
182 540931 84614
183 934215 779416
184 861761 249958
185 801618 771817
186 279780 152354
187 173976 166156
188 870621 76051
189 664641 640374
190 896396 218460
191 84298 349363
192 541482 656068
193 477929 426361
194 433446 47996
195 122795 704124
196 166543 719505
197 495575 601680
198 728058 778098
199 534541 701396
200 199869 929815
201 427607 461470
202 230878 546793
203 487999 900626
204 600708 57096
205 137741 841942
206 205110 680946
207 488801 703592
208 673553 977122
209 118520 939251
210 356556 156117
211 244875 160365
212 50088 871803
213 344209 818310
214 921475 627183
215 678157 969994
216 475342 607544
217 502633 54453
218 13350 403351
219 860561 837889
220 982514 500807
221 307840 494195
222 691440 966678
223 459249 6178
224 669417 623772
225 257471 909748
226 856622 907357
227 23238 229874
228 454473 820063
229 958836 176425
230 533442 84647
231 40064 762819
232 74581 636934
233 534102 710914
234 989506 522123
235 244343 667375
236 307705 494748
237 681779 446808
238 299494 337517
239 137126 820214
240 417329 524146
241 859473 745050
242 93740 593510
243 929930 712522
244 532962 865699
245 520351 302436
246 413845 338438
247 593545 315139
248 193101 813091
249 812415 244631
250 667184 121731
251 869051 849202
252 206443 733325
253 50274 111572
254 813617 429728
255 299944 741951
256 287100 93137
257 656074 231006
258 670802 701626
259 169273 759442
260 443832 721010
261 898498 744874
262 854939 122612
263 798324 458502
264 288305 948454
265 396533 187921
266 523900 707398
267 520269 675378
268 237045 766335
269 88976 862734
270 922708 228304
271 543248 773520
272 421866 799340
273 403937 668970
274 483499 470933
275 516814 734599
276 524785 863960
277 848098 479262
278 597830 161652
279 328933 531064
280 496279 283939
281 22596 950883
282 507019 71640
283 198702 513579
284 671271 856734
285 827069 1831
286 218126 698339
287 242627 709233
288 196224 34538
289 896775 375676
290 524781 636671
291 129569 757240
292 452175 112593
293 165325 573017
294 200378 448629
295 476675 723466
296 95063 232242
297 35664 920877
298 10177 844908
299 530892 712632
300 603115 369398
301 772195 107823
302 946152 880142
303 605029 767545
304 411785 735504
305 313936 24813
306 961273 880303
307 54389 772813
308 188875 790354
309 915218 586142
310 61462 353793
311 982686 958638
312 253618 457670
313 229635 110303
314 752187 362484
315 104203 428679
316 622752 161270
317 61740 499967
318 675398 249265
319 702851 679362
320 923717 374971
321 657798 614236
322 387166 122882
323 740779 136425
324 978623 577993
325 691241 899874
326 92721 168408
327 608429 174435
328 746645 610924
329 46083 446184
330 204744 355764
331 64693 732423
332 811787 938965
333 367014 347037
334 493137 931506
335 32033 52450
336 811731 337224
337 894901 161587
338 261071 814278
339 350209 79183
340 711024 618711
341 64220 306002
342 157740 748439
343 363985 890329
344 349483 122774
345 132953 328361
346 756128 771345
347 647328 871267
348 563240 320574
349 719334 225578
350 861811 926500
351 786216 899439
352 866969 72529
353 835654 786719
354 10668 859989
355 810449 856316
356 261440 923308
357 313231 876383
358 599635 293348
359 85094 940519
360 375725 46440
361 627702 267558
362 69695 105533
363 266234 912291
364 470255 822372
365 325933 474352
366 803610 490219
367 268734 854708
368 357271 140911
369 992771 281356
370 148803 70637
371 805235 408964
372 747049 86512
373 700658 488570
374 701649 541795
375 605033 650948
376 850318 896962
377 899645 387458
378 122890 295996
379 630705 12260
380 715257 694742
381 793948 729311
382 711185 739811
383 51081 852476
384 176259 226718
385 175724 111065
386 591698 543299
387 335486 724776
388 196121 730739
389 367912 682236
390 982642 970237
391 281586 457995
392 107114 631190
393 680404 74298
394 779033 528922
395 803627 504795
396 964652 766052
397 105632 37738
398 478938 261935
399 73477 22272
400 890391 969919
401 120657 19413
402 559152 634795
403 369362 392323
404 789848 268454
405 707054 48591
406 516963 101783
407 208633 210462
408 730090 27895
409 623678 673447
410 260873 789145
411 778998 153986
412 336327 205805
413 990408 572285
414 984147 700691
415 355414 803798
416 940891 99458
417 975182 934051
418 453274 179802
419 249362 896651
420 901100 652509
421 450620 105585
422 268049 14481
423 725796 810665
424 429725 899827
425 47329 906653
426 277787 372786
427 666857 86592
428 29028 21199
429 44230 625101
430 181521 189559
431 142960 893197
432 367354 54545
433 597971 411377
434 833734 194151
435 484666 919424
436 598170 723851
437 626117 354219
438 511358 406212
439 487129 249735
440 176777 969209
441 528055 359046
442 519170 165854
443 660837 47693
444 732103 920637
445 336080 41896
446 346068 55210
447 411985 981675
448 54338 726769
449 479468 913829
450 503123 319583
451 323536 179989
452 723050 78120
453 378598 918741
454 853616 501002
455 425754 981334
456 289096 123592
457 289021 139624
458 843491 87750
459 481211 385679
460 206 871202
461 931909 919904
462 691028 165082
463 595888 418180
464 800 547996
465 975621 592616
466 552596 986126
467 823981 195443
468 680112 404462
469 70025 379545
470 322363 573087
471 566482 346423
472 920431 464877
473 109987 426163
474 364182 246902
475 385786 636158
476 725968 931471
477 938208 910506
478 766987 337410
479 356008 527607
480 398007 974135
481 848716 474070
482 178638 852666
483 414852 942672
484 203161 824143
485 29637 417327
486 723567 234309
487 999893 364048
488 145233 438
489 981696 780521
490 398095 258478
491 62171 473193
492 149988 1485
493 743900 78526
494 807487 971314
495 780591 737440
496 201301 245882
497 349908 905036
498 849519 332172
499 346530 556383
500 319644 109548
501 444466 583661
502 848807 127308
503 573986 252774
504 781482 936722
505 166606 688460
506 529922 384694
507 747016 660567
508 772834 602833
509 124161 273602
510 3146 82679
511 596142 646778
512 504498 920088
513 972860 139906
514 385501 872584
515 790061 892459
516 218956 44974
517 613915 709634
518 728555 677477
519 726177 489421
520 228651 141066
521 954364 533884
522 968168 697911
523 141297 554523
524 741383 429819
525 932175 709613
526 946671 473945
527 766321 427184
528 890592 399492
529 969745 139173
530 398752 896508
531 526596 292061
532 708070 25539
533 734096 996038
534 416525 49104
535 519270 218311
536 861450 694341
537 341427 293533
538 136007 122197
539 880456 77314
540 29495 573368
541 170160 246327
542 473831 893553
543 365862 926895
544 336903 588375
545 975537 732516
546 260951 677073
547 970150 10340
548 279616 260022
549 192457 674634
550 561904 19099
551 674066 664068
552 400324 358806
553 539452 700344
554 113 872768
555 61321 963697
556 62588 381370
557 163636 666236
558 635556 849523
559 321910 697730
560 745923 474074
561 803581 741891
562 487199 500170
