NAME : portgen-598-7110650
COMMENT : portgen N=598, seed=7110650
TYPE : TSP
DIMENSION : 598
EDGE_WEIGHT_TYPE : EUC_2D
NODE_COORD_SECTION
1 979370 113278
2 506627 266020
3 792759 828621
4 901077 400603
5 540263 742947
6 643583 233511
7 39156 638966
8 606424 970603
9 565183 122059
10 115974 960803
11 609939 659978
12 730522 33387
13 537478 93330
14 42040 669153
15 466647 701985
16 917261 254348
17 13305 852145
18 474855 31903
19 110235 100590
20 455769 266572
21 348880 692998
22 209849 742577
23 223961 728989
24 98303 962571
25 228751 519745
26 912414 887299
27 917542 776691
28 500504 725021
29 99972 654482
30 791165 760855
31 718385 800487
32 944834 273690
33 394067 950584
34 23662 296578
35 415005 877435
36 872300 602612
37 893308 596229
38 48389 722639
39 742436 953830
40 532882 812456
41 993358 387557
42 877988 705792
43 983599 116774
44 309514 739615
45 458077 524270
46 8240 813656
47 685584 578333
48 394272 746267
49 799690 613619
50 694187 501321
51 986552 144472
52 429688 416294
53 526386 524856
54 9311 211750
55 793092 383729
56 415507 360357
57 196405 266894
58 752615 904729
59 114902 366500
60 879418 647799
61 150894 410043
62 602391 913683
63 890883 727828
64 172923 477013
65 69842 523532
66 713328 530686
67 160738 149152
68 396948 633001
69 191152 611094
70 953177 78870
71 1872 943013
72 860196 810278
73 373376 598197
74 211265 771900
75 687450 666443
76 573344 322676
77 543777 170655
78 787992 455866
79 983733 280536
80 19346 893385
81 333704 398217
82 258572 714221
83 381857 472494
84 500160 386127
85 893517 154417
86 693463 343001
87 679049 212974
88 74455 828218
89 866266 431735
90 125690 435017
91 744095 892387
92 457667 176456
93 189828 315111
94 272113 446517
95 767294 924454
96 132841 805025
97 717576 798759
98 385406 658870
99 263963 647221
100 735822 545158
101 731931 779529
102 646210 252433
103 922348 680957
104 865008 367320
105 980826 472881
106 183752 537216
107 513241 94891
108 760544 528678
109 680641 459813
110 328814 722986
111 208530 852938
112 650304 348359
113 422486 913933
114 696791 426616
115 290626 393497
116 963209 498945
117 450909 652809
118 251264 206879
119 379145 362776
120 415912 661149
121 634470 812300
122 117702 44308
123 715924 279902
124 154721 369216
125 376273 471473
126 962079 837347
127 356595 342325
128 581949 232985
129 328620 993400
130 1168 715469
131 301811 502232
132 951408 319676
133 838411 371451
134 419513 468932
135 378967 480641
136 373957 311424
137 83539 857341
138 760907 371183
139 496343 307979
140 766410 189500
141 585313 703390
142 425448 575157
143 91686 460977
144 547537 131233
145 814397 879812
146 787365 910212
147 983808 935270
148 287192 323046
149 728760 260360
150 283401 344740
151 783559 846742
152 602806 186772
153 886160 258689
154 411899 781437
155 250638 120971
156 685448 197387
157 179003 121355
158 928104 391598
159 518423 16137
160 32483 515365
161 642691 159153
162 185531 34226
163 697081 527215
164 708617 896767
165 971181 502218
166 959284 714905
167 57340 645438
168 504052 387925
169 524387 304092
170 647053 700087
171 942553 531400
172 98749 299032
173 237121 628211
174 724681 949582
175 238189 759977
176 614428 831993
177 289179 781183
178 385456 68654
179 789401 957368
180 682720 498234
181 734301 107806
182 134384 550551
183 178418 154047
184 98638 879970
185 884233 299892
186 666917 568841
187 777947 272506
188 900936 810698
189 869974 404348
190 648770 628426
191 737813 751249
192 214047 472947
193 767916 851477
194 580520 506789
195 467019 350004
196 289287 644416
197 419858 347160
198 33170 373712
199 753452 826242
200 398095 426423
201 758237 320332
202 300812 609762
203 22163 863178
204 617946 816231
205 13266 533978
206 488134 282612
207 490348 332715
208 208946 89884
209 687947 787224
210 517380 804706
211 400595 272395
212 481874 457810
213 541655 346584
214 268029 168185
215 250343 37757
216 192751 53742
217 391081 114791
218 140292 455201
219 260901 881332
220 264000 678031
221 163530 793296
222 989408 662313
223 949409 16891
224 162542 962048
225 805505 686585
226 105683 585266
227 575899 360337
228 233671 704494
229 929251 186020
230 469470 566962
231 602277 736613
232 552231 335235
233 370448 694838
234 293203 828034
235 383305 192054
236 927342 725899
237 981719 830795
238 699022 815328
239 696496 121536
240 224138 837161
241 417332 82008
242 698715 683380
243 435480 456138
244 501511 55846
245 744343 445453
246 161997 432866
247 498026 71945
248 750689 437631
249 811576 158613
250 963291 134081
251 320395 41005
252 737909 968343
253 269252 23674
254 886551 892518
255 924857 777533
256 202982 873405
257 441677 24016
258 404964 169410
259 238587 480285
260 584545 932816
261 883261 134590
262 864743 249224
263 871659 886336
264 987989 13375
265 561542 675348
266 928777 803978
267 196678 446605
268 634178 543927
269 640331 674699
270 278416 266069
271 217550 21226
272 471300 811526
273 562192 27406
274 568123 248802
275 200286 864352
276 449642 798201
277 597070 287943
278 205304 516416
279 844326 291304
280 334165 725325
281 383343 211851
282 614102 658788
283 559982 181756
284 402104 630150
285 461823 377558
286 601287 989784
287 279999 720192
288 483174 85059
289 537519 576800
290 43920 355243
291 42009 696684
292 679209 836217
293 292004 716925
294 189876 537889
295 886622 452422
296 141822 10180
297 212875 900857
298 664781 227766
299 741227 751108
300 328352 477132
301 489886 991323
302 204882 845042
303 822343 752957
304 118991 760853
305 995938 488378
306 326540 306436
307 404681 881743
308 583502 373162
309 998975 713244
310 994007 332216
311 440529 650995
312 301798 984691
313 887671 609963
314 784902 434956
315 897849 730217
316 966068 776666
317 580861 555541
318 28702 735572
319 292002 797466
320 252715 918842
321 717949 476631
322 543882 554405
323 11892 490827
324 708382 228184
325 13186 54818
326 442863 306271
327 853259 598135
328 511064 713220
329 410462 649340
330 816340 86770
331 460954 321525
332 508138 77096
333 770428 849908
334 762554 850276
335 869850 92675
336 664779 770790
337 700057 939188
338 889352 134258
339 797736 703662
340 473626 174451
341 199501 135561
342 618616 811079
343 269262 644542
344 268528 503765
345 785112 178794
346 973018 441726
347 927615 160039
348 254062 947158
349 776574 604693
350 665052 877634
351 693090 4720
352 754558 838735
353 855316 307302
354 687655 42180
355 328872 866522
356 444691 906696
357 864228 637545
358 113751 19227
359 393910 348098
360 823033 823270
361 73334 157860
362 185223 992215
363 399584 660059
364 16232 861322
365 83872 582050
366 446603 755556
367 374789 607104
368 729759 292804
369 271333 981070
370 697327 250034
371 250632 920430
372 680731 961842
373 105460 815158
374 256503 935399
375 760455 594003
376 930925 915251
377 520821 83002
378 431031 937533
379 629930 147453
380 108975 562511
381 35968 706584
382 344852 78838
383 615889 524261
384 225965 902385
385 532085 298593
386 762724 458510
387 587643 229030
388 892344 158082
389 637038 102220
390 561183 462051
391 30129 868778
392 752346 521360
393 546081 740018
394 410704 295951
395 991214 205498
396 66839 368947
397 448984 398734
398 487309 792121
399 332787 451701
400 69498 947377
401 178119 154282
402 374215 298403
403 563874 62147
404 162904 999461
405 536920 691013
406 526829 333979
407 156239 903476
408 495672 667021
409 257599 946117
410 591528 823767
411 191473 774263
412 832887 584707
413 120473 608441
414 84294 289239
415 665155 830197
416 995177 637577
417 565300 870170
418 935222 696149
419 712539 848870
420 25687 879060
421 482418 464586
422 704422 167446
423 14024 292575
424 536060 864277
425 278260 878868
426 707827 43547
427 786545 239301
428 952200 540542
429 588982 504045
430 363181 867724
431 349607 314034
432 973773 657859
433 208595 62242
434 629556 988792
435 889451 203096
436 130960 393322
437 667857 712660
438 115940 147926
439 987718 593585
440 632507 579931
441 19459 580249
442 926058 797431
443 480589 681142
444 663803 907440
445 661575 872979
446 66593 723747
447 959418 822591
448 748100 89095
449 796729 991762
450 51505 866098
451 304857 942474
452 231769 698329
453 859408 127578
454 117489 989114
455 758711 271057
456 876738 681541
457 842469 490201
458 801130 625860
459 354616 151182
460 909759 119499
461 265513 637793
462 937286 23353
463 898238 188486
464 161552 969527
465 853251 988362
466 30436 998604
467 834874 361449
468 703192 337917
469 737779 435856
470 996300 854729
471 326526 512621
472 997681 542076
473 607466 428799
474 786460 936065
475 924352 559614
476 927542 827201
477 138511 63143
478 835661 306253
479 107599 870319
480 995136 521490
481 389798 681632
482 992813 903981
483 944531 364117
484 683860 300393
485 882735 372331
486 839399 418551
487 226829 350145
488 191956 438311
489 499282 874143
490 187691 591984
491 80886 291233
492 974390 331760
493 598564 348803
494 5790 930892
495 416918 339075
496 654057 437385
497 553121 623969
498 15329 907975
499 285791 647536
500 350119 169154
501 929516 912316
502 748373 332368
503 478728 636309
504 852811 806750
505 464579 486857
506 300463 176707
507 453400 656061
508 867433 952412
509 128511 368843
510 888651 36555
511 78325 36323
512 950273 713580
513 442814 927082
514 670177 894461
515 871416 555646
516 585500 692532
517 409564 700833
518 291521 904178
519 837832 318328
520 464327 646151
521 220292 636947
522 42240 380362
523 260749 617734
524 487112 839540
525 181155 88246
526 237797 391330
527 776119 794473
528 583654 236984
529 502752 47539
530 40846 574549
531 798477 534482
532 342423 818427
533 266565 663516
534 134466 73037
535 395312 249699
536 465300 288971
537 187688 800404
538 798758 686995
539 260204 155800
540 129925 205829
541 424330 622638
542 853614 296867
543 757168 51017
544 350108 591136
545 434268 628005
546 769712 764794
547 923016 214628
548 180850 931320
549 449259 241835
550 581604 573754
551 357529 331311
552 709615 975326
553 663916 615159
554 537715 479251
555 37304 532637
556 886876 911615
557 613271 412840
558 804836 33683
559 611466 127795
560 637576 335244
561 214257 892630
562 491433 821558
563 892169 133988
564 579356 212361
565 136488 183599
566 149279 780952
567 118495 597288
568 318952 512714
569 9366 440773
570 492030 723485
571 439551 222313
572 953559 99023
573 413748 877082
574 273360 101458
575 322458 46861
576 351964 236897
577 105347 398004
578 424474 576577
579 212816 112326
580 656373 151202
581 605792 96941
582 987221 313819
583 93086 664563
584 958056 514248
585 999092 927754
586 760322 510007
587 805336 590715
588 983279 977359
589 787282 93429
590 397083 315592
591 921172 467029
592 555987 985286
593 577807 52338
594 793731 804676
595 504202 654389
596 554658 495118
597 441681 564275
598 963162 929543
