NAME : portgen-494-4421790
COMMENT : portgen N=494, seed=4421790
TYPE : TSP
DIMENSION : 494
EDGE_WEIGHT_TYPE : EUC_2D
NODE_COORD_SECTION
1 204962 160983
2 906271 50727
3 660349 274809
4 387388 850011
5 65793 840721
6 161532 109301
7 858660 355018
8 693302 96045
9 676151 140043
10 697479 311029
11 776549 806443
12 875906 736494
13 53165 337214
14 656614 102706
15 450590 98196
16 346145 473551
17 230935 145125
18 724373 320642
19 151176 101416
20 528992 174282
21 543052 717357
22 368245 591663
23 62204 144850
24 660547 686210
25 888295 380777
26 639610 779733
27 684493 244259
28 275994 731411
29 930047 761145
30 326354 339706
31 123633 285972
32 321018 891510
33 297668 444174
34 741055 266996
35 292813 548452
36 435497 989940
37 251748 316702
38 671418 996815
39 121950 631647
40 460499 321754
41 407167 895469
42 776351 110884
43 974563 60173
44 152532 339425
45 847456 280198
46 579587 884179
47 808603 980540
48 738784 553111
49 465609 51542
50 920244 65389
51 22900 28900
52 225710 566541
53 973609 744141
54 3382 573609
55 269696 215821
56 578878 590622
57 913688 46156
58 760119 239453
59 477369 340478
60 152726 744557
61 978565 689512
62 346751 227424
63 525551 406597
64 764229 685207
65 343093 927277
66 993433 548340
67 361951 244678
68 742875 816544
69 981780 730195
70 350764 735109
71 582803 812053
72 186699 102899
73 301632 890074
74 537427 581179
75 454988 332187
76 788881 780401
77 708449 992967
78 71956 474560
79 666948 981032
80 823665 157064
81 762361 273187
82 222844 534586
83 633017 766824
84 403923 810789
85 744523 870044
86 702025 896190
87 885489 820539
88 955675 198163
89 981063 353783
90 155468 50991
91 739649 783197
92 861541 186028
93 164915 720246
94 325495 827364
95 611660 976050
96 412621 170991
97 985671 480720
98 33083 686613
99 926564 366160
100 147223 103469
101 909011 183643
102 425710 403997
103 592537 5684
104 918860 522420
105 828052 351709
106 149064 839584
107 369371 847615
108 744443 591370
109 287515 742124
110 501503 946403
111 840260 37763
112 663565 641054
113 961032 518381
114 470479 481491
115 228001 949991
116 279303 458642
117 525731 803758
118 901927 900064
119 413825 13926
120 441585 573544
121 432730 583371
122 325860 665257
123 135789 374858
124 507425 344617
125 519687 514701
126 216134 445072
127 138158 197232
128 824165 450369
129 657912 621952
130 502070 692472
131 591858 904933
132 80835 254507
133 918979 565692
134 513723 704114
135 711825 369584
136 83944 942898
137 222436 986802
138 730269 395187
139 899604 466332
140 816888 510662
141 860469 848526
142 979421 535528
143 358133 374369
144 377806 271224
145 884779 336234
146 386341 709711
147 302100 72000
148 489600 489832
149 360934 339058
150 934988 740602
151 475253 41092
152 527728 9024
153 654231 367608
154 465651 602630
155 839098 449795
156 72563 386688
157 737173 165836
158 306131 882146
159 602833 8834
160 764907 429147
161 204758 174665
162 769126 971223
163 894331 42851
164 415169 213411
165 332570 362661
166 929536 296974
167 627234 367092
168 438099 473781
169 111353 813585
170 229396 475987
171 771536 368971
172 506316 455632
173 131475 211676
174 940585 330877
175 177669 446748
176 74662 147522
177 6487 572326
178 811065 178279
179 413858 160635
180 570925 180450
181 256255 652065
182 373233 363111
183 678259 703591
184 880371 281541
185 34360 94455
186 941561 271955
187 831165 318159
188 354484 57235
189 168177 196799
190 160157 716052
191 628993 254534
192 642486 152120
193 106406 277470
194 923740 264122
195 688833 734508
196 593409 829811
197 779225 134941
198 534425 499580
199 537806 188157
200 101147 74240
201 43498 743786
202 170719 461617
203 817755 820127
204 505036 854367
205 465920 533594
206 254538 149736
207 471801 836417
208 587041 426443
209 872840 238292
210 828685 178678
211 165784 692214
212 180394 960119
213 50956 197774
214 101235 369548
215 500403 534356
216 552199 313809
217 730878 626562
218 461513 479256
219 782732 806069
220 565079 679962
221 404630 685448
222 435436 510155
223 568723 901194
224 649417 819105
225 83984 336650
226 398344 168258
227 687753 566790
228 522041 729688
229 12907 544157
230 103 338498
231 37395 698967
232 289288 785958
233 128964 569090
234 714299 961646
235 267693 685846
236 777026 53734
237 154307 492034
238 780333 997526
239 4461 613603
240 438078 321268
241 184867 557078
242 369444 161905
243 496961 853232
244 24521 944920
245 497598 892423
246 764957 821085
247 538375 879232
248 902936 350896
249 531140 943401
250 729821 571197
251 896733 35813
252 381026 762716
253 151783 841266
254 798813 525847
255 69828 668809
256 705167 67987
257 46559 107680
258 573540 216309
259 160591 410055
260 883021 778067
261 37949 770897
262 231824 696496
263 789112 741212
264 672707 391591
265 340251 939067
266 198712 478613
267 543775 769269
268 616100 116879
269 510519 261764
270 588365 280651
271 692640 614465
272 61898 719530
273 854474 994060
274 589260 841879
275 90120 161723
276 678188 139549
277 603150 790754
278 372484 418120
279 492038 611757
280 146615 34904
281 330746 537049
282 937482 789177
283 976168 90701
284 6089 327028
285 253206 579480
286 627048 318711
287 319935 721298
288 99878 898399
289 167746 441070
290 324011 370992
291 249174 60950
292 244975 305346
293 608320 661663
294 541130 754598
295 793101 525399
296 110789 183491
297 8558 8884
298 653603 373929
299 294530 340599
300 619652 956074
301 826313 148190
302 517868 719128
303 912548 617238
304 894574 297804
305 182434 710821
306 876989 737439
307 818656 621216
308 924114 147255
309 528490 928598
310 135573 602238
311 796170 665490
312 707375 297132
313 753166 478858
314 800842 600806
315 808749 482639
316 3825 869942
317 258636 613189
318 494002 511734
319 242293 623759
320 381231 461064
321 133172 612532
322 619024 190862
323 729229 445299
324 476115 711426
325 255717 174744
326 573087 693724
327 531849 137012
328 952248 956371
329 889554 904679
330 225126 400813
331 374945 270814
332 916572 721369
333 577649 264457
334 118415 627793
335 891987 478815
336 671140 817064
337 672880 960829
338 29151 102446
339 133640 570363
340 344883 796795
341 589303 896162
342 375680 407936
343 107694 733010
344 953369 537266
345 35539 229544
346 393319 614500
347 731772 902416
348 789924 316107
349 939652 658195
350 161711 626782
351 311658 905752
352 366542 458922
353 585440 676924
354 318043 123913
355 29318 219237
356 3001 352287
357 869139 995581
358 7494 760445
359 539042 14156
360 931445 261542
361 324805 460220
362 466082 265204
363 167156 765387
364 450521 213957
365 375388 352226
366 784402 9726
367 541044 125646
368 793793 237016
369 27022 380099
370 400441 347249
371 193968 939212
372 605821 773997
373 904739 933098
374 148417 466567
375 735259 24536
376 865585 725694
377 282806 809484
378 842380 301932
379 364707 240896
380 665128 348424
381 649901 937944
382 723472 682068
383 25269 63788
384 746466 95142
385 90841 74396
386 612027 72475
387 278897 906908
388 395956 599110
389 177413 656597
390 422823 865224
391 400679 209625
392 548828 26963
393 702325 846457
394 286254 858975
395 100376 730004
396 490549 931880
397 289257 326045
398 735221 121492
399 660315 698912
400 378040 305629
401 755684 491819
402 43743 870034
403 623856 655960
404 176865 255843
405 107159 995922
406 15677 505732
407 140519 935124
408 857875 718020
409 648686 397426
410 946847 903776
411 403473 47554
412 717101 785212
413 318711 120207
414 28731 408862
415 283052 739996
416 422245 921569
417 549438 426901
418 849547 894947
419 69105 613704
420 169087 984304
421 197771 888828
422 912128 196600
423 326531 442994
424 214779 504045
425 7334 615013
426 92761 251453
427 415860 638044
428 883383 834115
429 942381 616842
430 20487 728908
431 586854 563160
432 86755 122855
433 798151 126848
434 593603 943919
435 608592 414880
436 503241 144640
437 390092 331833
438 811014 152019
439 631694 79056
440 901828 484596
441 177826 411888
442 388375 554143
443 153141 859084
444 834814 426583
445 628749 722698
446 301344 125185
447 5112 754207
448 481062 53130
449 498736 580295
450 385585 174512
451 811300 135722
452 602217 522738
453 437187 680873
454 863078 861716
455 484902 24298
456 999300 515798
457 988093 297788
458 427564 461668
459 558048 332548
460 641792 745021
461 628112 13308
462 558334 434080
463 603580 367519
464 542423 867354
465 894645 130141
466 288941 769977
467 594154 877529
468 485295 662028
469 423795 90586
470 126579 691473
471 301036 502265
472 784790 883728
473 94585 288036
474 566851 571032
475 150626 113543
476 510706 631381
477 685649 255444
478 885570 41322
479 541568 724687
480 37442 775158
481 257078 772491
482 735137 793429
483 723261 497035
484 731007 104365
485 203202 139528
486 894816 987016
487 181922 528249
488 234314 996730
489 327658 302889
490 548509 562258
491 825951 817736
492 829911 119487
493 873063 516449
494 34840 800725
