NAME : portgen-469-9200792
COMMENT : portgen N=469, seed=9200792
TYPE : TSP
DIMENSION : 469
EDGE_WEIGHT_TYPE : EUC_2D
NODE_COORD_SECTION
1 985335 985343
2 130482 477355
3 617813 723202
4 388504 697891
5 640159 9440
6 465013 662340
7 304640 760962
8 104436 233793
9 86634 889958
10 739520 393227
11 98391 693482
12 983277 559818
13 307965 232482
14 200611 24425
15 990073 988734
16 454029 788727
17 445771 242440
18 237563 302523
19 356212 997182
20 670403 734909
21 461936 642468
22 41359 590259
23 448242 745045
24 707739 349403
25 49400 233658
26 736730 350027
27 198901 530956
28 521880 196607
29 539571 888041
30 239791 315290
31 366989 391321
32 27488 905249
33 547503 822544
34 620980 714380
35 312719 359391
36 526053 737230
37 840558 505861
38 656497 748364
39 494581 452320
40 37938 111357
41 692910 312569
42 784634 674783
43 621744 62707
44 761238 540522
45 694937 415019
46 681543 641831
47 684463 311011
48 208856 724705
49 801910 535498
50 933762 699877
51 250464 255418
52 311465 938042
53 540748 424160
54 565393 524118
55 909212 459172
56 435368 999049
57 193104 824772
58 633747 725157
59 706858 716476
60 696393 822798
61 20633 85482
62 780618 612841
63 108927 270634
64 425765 902515
65 965113 232336
66 182971 970462
67 543108 578765
68 675989 693861
69 119464 959861
70 41035 896586
71 355849 44761
72 844129 872138
73 394386 596060
74 861213 71621
75 202084 938221
76 298939 899394
77 570384 701425
78 516906 280001
79 712310 732699
80 262053 846886
81 304695 605531
82 483082 12625
83 103323 390607
84 154920 320965
85 430385 37686
86 863944 635237
87 514392 758171
88 523858 121238
89 515097 79192
90 95935 828925
91 558323 693066
92 640462 118226
93 927641 577439
94 487380 530482
95 475442 285382
96 538940 798499
97 529475 3349
98 32642 720612
99 530369 85957
100 348280 273147
101 80962 782020
102 975685 373159
103 379897 605873
104 258932 452157
105 773784 939466
106 792621 181828
107 257257 976671
108 307946 506196
109 76055 479732
110 979983 382710
111 860237 68962
112 972684 157238
113 956723 81923
114 659551 141232
115 378273 917984
116 862306 62940
117 305408 156468
118 36304 376495
119 435809 663791
120 810280 421444
121 501384 7647
122 550499 92731
123 425144 469978
124 825814 372237
125 46625 950719
126 61060 389136
127 707684 430296
128 410841 18022
129 476612 819217
130 336854 3402
131 170064 595140
132 641877 352340
133 438082 784973
134 631328 164525
135 551526 837967
136 680382 703817
137 433107 29263
138 321650 471100
139 361278 542388
140 746397 938701
141 605310 840333
142 804377 374871
143 747919 267166
144 421063 953067
145 718385 251330
146 745166 271283
147 112265 972313
148 741061 797566
149 574539 521235
150 771081 954044
151 108699 283425
152 625840 107924
153 345408 220727
154 584759 332813
155 682376 143675
156 596959 523544
157 100831 85524
158 258235 898781
159 482875 669564
160 611278 640515
161 210433 110093
162 393444 597482
163 729267 396956
164 77976 325183
165 683855 100922
166 886341 28465
167 860011 602721
168 341741 81765
169 739501 718853
170 116635 849138
171 784290 751499
172 341789 77870
173 40896 635073
174 877838 514782
175 243045 344105
176 719589 249356
177 837380 670158
178 67702 80234
179 423414 23118
180 766182 263643
181 481225 865905
182 216177 833238
183 359384 845460
184 181755 22961
185 44627 623162
186 20942 968092
187 426518 267172
188 920926 961076
189 272712 723285
190 529779 649032
191 973542 54858
192 559000 420211
193 619697 20435
194 812287 26773
195 243337 496281
196 900010 716540
197 674225 493473
198 828195 816198
199 324980 74616
200 156944 79819
201 362360 154552
202 985002 594012
203 370562 664731
204 690356 417168
205 50460 47266
206 267947 396640
207 779781 269900
208 363632 764685
209 191680 722704
210 5042 543185
211 520480 107138
212 866017 964807
213 260801 866389
214 983089 832506
215 896610 256194
216 270720 855544
217 672825 482513
218 381085 576901
219 275076 289099
220 56579 855012
221 828755 89582
222 21730 700151
223 975801 792872
224 850522 709417
225 232671 961805
226 833108 492473
227 178006 900749
228 809099 506815
229 481727 502489
230 212927 793660
231 389654 401256
232 360589 195447
233 218510 178365
234 374910 79629
235 294099 570760
236 914162 482262
237 490033 43236
238 710076 28006
239 929131 965268
240 155708 753985
241 384661 480599
242 619579 102949
243 866539 869463
244 494955 477377
245 264002 202719
246 201991 195447
247 995000 485819
248 940850 346493
249 599549 978493
250 990075 947795
251 863740 885254
252 553708 478685
253 577144 352509
254 872894 75057
255 34210 939635
256 11860 4350
257 238487 10207
258 591668 194206
259 406256 874769
260 254597 872017
261 578815 396416
262 89554 346304
263 707019 28908
264 928553 11348
265 466092 357567
266 155111 854074
267 931058 216073
268 742125 380311
269 242112 609371
270 511280 672332
271 463207 620185
272 222779 391984
273 623904 805575
274 105893 648696
275 778799 911941
276 417939 588201
277 512401 632507
278 792683 9666
279 954196 337635
280 736559 196832
281 110396 263522
282 563776 361877
283 476427 391675
284 781571 846502
285 386303 786093
286 88313 757560
287 95970 342656
288 454077 990614
289 884015 457046
290 553620 697353
291 74712 590917
292 274788 269260
293 247171 891588
294 290298 569180
295 739645 350450
296 598740 395610
297 223068 725187
298 584019 705647
299 524215 880123
300 937907 633289
301 921560 648846
302 95075 81446
303 837229 827021
304 313412 243140
305 385336 901095
306 719367 385015
307 597990 386109
308 598092 714786
309 40454 838588
310 777857 770780
311 867459 901448
312 908595 753013
313 864532 439466
314 662484 14524
315 505426 627055
316 677201 640874
317 71710 652524
318 977985 689696
319 992927 888678
320 671167 532384
321 851134 451709
322 791322 968864
323 482990 697291
324 487014 470054
325 860654 144553
326 43162 509691
327 374696 310851
328 956087 280686
329 577136 442551
330 103460 147532
331 834094 424734
332 571973 852951
333 49961 267658
334 593692 629125
335 903118 900800
336 227771 570399
337 977934 633304
338 727618 357768
339 526751 597744
340 796926 583846
341 862330 219933
342 911063 357893
343 792961 252467
344 68900 218759
345 602563 710326
346 96003 363801
347 985560 770367
348 304613 280734
349 473775 158017
350 241246 125221
351 170540 889270
352 673128 276808
353 282222 823229
354 598627 16802
355 517889 703619
356 211785 358376
357 839988 393133
358 51528 470292
359 439173 801606
360 548337 769226
361 793883 435674
362 387879 777897
363 730260 338501
364 897270 701125
365 351082 904388
366 759141 509949
367 79854 93306
368 372061 503953
369 379945 517929
370 306365 322669
371 813293 267294
372 670421 833336
373 916443 660329
374 975922 207662
375 40106 966112
376 383463 772649
377 806935 336858
378 366080 660590
379 809416 579822
380 904747 778269
381 443284 80698
382 710437 195220
383 890326 944490
384 687954 6651
385 476690 391199
386 494369 231510
387 761499 582225
388 385763 21234
389 628739 51021
390 411816 69669
391 529084 317448
392 796378 572813
393 461103 678442
394 799511 884633
395 202980 427570
396 815998 373293
397 41238 915165
398 828299 581782
399 505795 88195
400 447573 895209
401 31589 924901
402 795846 970436
403 437027 66015
404 976270 234122
405 875754 687637
406 861078 924782
407 376842 477176
408 962270 69991
409 39459 795272
410 366920 308543
411 438695 599758
412 559078 581481
413 359609 569468
414 435664 791062
415 145198 319747
416 44963 394616
417 175266 724179
418 208591 604302
419 940605 319202
420 610543 391112
421 638983 4239
422 517712 894436
423 988875 216239
424 814214 459757
425 555555 258831
426 146118 714732
427 942997 127825
428 850245 636973
429 749634 71666
430 761845 832725
431 125410 657068
432 623579 484642
433 48654 856838
434 407069 482405
435 488301 746030
436 255776 579702
437 239716 108089
438 162425 723962
439 656761 431252
440 731235 722636
441 819833 363997
442 29216 312473
443 194337 387895
444 771037 690624
445 675525 351752
446 197232 458199
447 830900 864512
448 135335 59281
449 764523 409623
450 732011 264913
451 559478 382961
452 728521 832919
453 438997 782120
454 685516 630524
455 933488 462350
456 865936 59010
457 396141 410093
458 635492 667210
459 826167 759066
460 349307 989372
461 92315 997446
462 750394 223388
463 186551 872815
464 851180 406797
465 669092 380305
466 38445 26236
467 497764 268885
468 856700 760823
469 967856 619122
