NAME : portgen-526-7333726
COMMENT : portgen N=526, seed=7333726
TYPE : TSP
DIMENSION : 526
EDGE_WEIGHT_TYPE : EUC_2D
NODE_COORD_SECTION
1 816394 141146
2 561598 867768
3 712373 408467
4 375377 303129
5 233942 840738
6 348397 181632
7 890960 948811
8 719431 51960
9 148714 506939
10 294893 293506
11 818056 304404
12 72039 199080
13 754605 440976
14 26650 96002
15 672277 482272
16 946979 661825
17 576033 333121
18 950914 918374
19 603755 975137
20 940188 765423
21 924992 694923
22 118185 120426
23 259400 605504
24 2558 376055
25 734218 323759
26 175638 757211
27 159127 723695
28 245082 154568
29 565113 228476
30 916854 793998
31 804711 400240
32 362940 468519
33 915745 653474
34 63447 770534
35 689410 113927
36 49401 772659
37 772720 971134
38 117868 60844
39 145277 348344
40 953997 600036
41 875863 798173
42 179148 878279
43 677560 546739
44 298884 107514
45 417375 297439
46 854927 833221
47 285726 826260
48 716021 152333
49 922202 147050
50 2557 198556
51 460226 654214
52 422058 134182
53 447895 377464
54 578063 280847
55 46134 698343
56 855683 457598
57 811101 619414
58 939070 971490
59 114513 536679
60 752497 763412
61 731272 916396
62 767976 490854
63 653700 395187
64 350600 638538
65 523239 740404
66 482781 864430
67 302209 255653
68 744352 418264
69 987072 559733
70 939208 706070
71 432225 762204
72 355016 653963
73 566167 938530
74 65245 794871
75 172560 320834
76 801732 283663
77 623811 262153
78 715774 595796
79 352004 166404
80 389830 29630
81 390391 18329
82 341639 340064
83 266117 93479
84 102582 157137
85 53246 540
86 906244 319641
87 364119 431663
88 961680 447608
89 292584 505822
90 775080 57903
91 43182 184196
92 248708 493608
93 350013 464451
94 522790 962144
95 989535 650873
96 315682 829934
97 506486 938668
98 799825 112584
99 398085 923353
100 692282 118559
101 645946 559423
102 19791 114656
103 277651 617536
104 34955 130203
105 912140 251322
106 73005 389860
107 176869 738956
108 713947 560456
109 511842 402970
110 540238 153533
111 695394 179228
112 464855 934687
113 354594 346821
114 299850 249462
115 154011 344144
116 412653 162381
117 593682 523757
118 984898 653322
119 7327 509751
120 779660 789556
121 952609 119819
122 421905 836002
123 955479 136453
124 365079 571799
125 584074 453004
126 812733 148622
127 769341 348138
128 705906 483564
129 965740 496033
130 129758 624329
131 610208 525203
132 350542 122583
133 298713 953185
134 967954 340867
135 783477 577493
136 195377 940043
137 818896 87234
138 340799 546771
139 409887 116717
140 228781 871029
141 381080 803816
142 119704 529682
143 733935 887449
144 811839 471098
145 225044 31712
146 685367 666460
147 726273 202167
148 594179 12565
149 300923 334671
150 495202 408707
151 726566 248362
152 343017 713044
153 71924 8917
154 28917 239658
155 614202 818456
156 671724 494641
157 270989 98046
158 938962 943748
159 798929 148375
160 528404 286147
161 652262 633282
162 845664 374770
163 850927 947014
164 597025 105852
165 15309 331882
166 517854 170229
167 502514 410324
168 199305 886438
169 532827 21657
170 590720 790186
171 88519 663464
172 942693 938897
173 379449 52084
174 820795 351503
175 351239 647164
176 415540 195070
177 319361 163319
178 890853 556337
179 745848 932693
180 513739 185485
181 476089 7259
182 648938 824016
183 729937 8260
184 551947 332091
185 718597 886877
186 122953 447426
187 797135 881240
188 870607 457191
189 313921 682345
190 483917 294590
191 201166 664332
192 592112 829824
193 855792 510594
194 521290 678498
195 680387 191044
196 334491 200735
197 303060 703842
198 667232 641093
199 866329 61453
200 68289 922257
201 738163 138449
202 867586 56649
203 445997 751207
204 602958 489537
205 307526 380258
206 35046 67349
207 252305 322694
208 850994 275354
209 704199 945095
210 156783 88844
211 141931 490494
212 263802 796339
213 148713 984503
214 579839 740486
215 435242 119400
216 854233 824383
217 374818 103658
218 259544 133816
219 412026 269418
220 978830 580438
221 806394 576195
222 521715 591543
223 49113 843996
224 936933 506720
225 555129 682728
226 61253 125842
227 626210 948889
228 68023 913780
229 763631 763928
230 797104 312181
231 339180 333539
232 510707 727088
233 573864 458851
234 545634 660762
235 273580 6997
236 338420 197478
237 389966 474054
238 27590 16088
239 864284 314912
240 728316 234933
241 220872 815911
242 943381 123061
243 780219 520693
244 313676 647730
245 529794 800692
246 588181 751264
247 995837 971832
248 242018 608916
249 186228 47660
250 563952 33024
251 979712 622021
252 778404 320195
253 461856 245341
254 182461 503148
255 168670 547329
256 600103 115901
257 234133 996412
258 723999 587916
259 337702 538874
260 485070 964948
261 272622 497974
262 96810 240555
263 27284 716399
264 419074 69771
265 12197 782249
266 833627 361135
267 146242 180986
268 634830 104971
269 581777 946969
270 399062 192303
271 182991 774801
272 162660 564846
273 528070 90207
274 654453 755281
275 944547 525618
276 189841 116457
277 35462 781702
278 199397 618577
279 475779 597417
280 685364 356885
281 663563 235491
282 104085 976366
283 364338 825302
284 953241 669287
285 468341 633791
286 933462 582421
287 594326 959451
288 775106 156164
289 462511 315107
290 41158 408707
291 240619 821657
292 384406 655312
293 118685 598136
294 257049 169875
295 816648 809528
296 151730 912489
297 478628 765271
298 258840 600570
299 180474 203208
300 789739 371905
301 627696 339345
302 714122 535839
303 284999 368184
304 732051 380150
305 663017 601261
306 361527 305903
307 780768 875836
308 205155 751073
309 756863 338814
310 717525 763767
311 644827 750032
312 879548 96435
313 6095 594116
314 868298 58486
315 674452 406921
316 424113 82360
317 652090 439897
318 47180 934716
319 40888 508569
320 450157 367612
321 841272 918234
322 452350 52880
323 164700 401697
324 32941 382192
325 759175 664723
326 732271 121987
327 528756 382817
328 947791 545335
329 687255 274225
330 488659 350282
331 327296 223481
332 929992 295405
333 759988 443292
334 853553 727887
335 711135 803457
336 718131 374671
337 579638 52801
338 31495 522839
339 221275 496730
340 148644 460759
341 906861 594072
342 569827 324169
343 79625 200632
344 152367 356685
345 679908 603887
346 81163 313000
347 797433 646700
348 649480 466601
349 338595 399548
350 21385 641861
351 180422 536211
352 233548 298416
353 757862 138199
354 552160 204587
355 303191 747159
356 392967 330569
357 594317 884772
358 269119 14295
359 426047 283292
360 645925 293387
361 104697 454004
362 706502 69274
363 623034 181920
364 141123 281222
365 294939 893296
366 970678 16687
367 193538 401484
368 67791 576291
369 999755 685054
370 55049 65330
371 774585 869075
372 710760 386520
373 499189 627158
374 606498 728159
375 23665 467559
376 325478 57373
377 104609 128088
378 671183 163734
379 342672 832063
380 230625 181570
381 138444 867106
382 149537 237861
383 972573 523892
384 619809 207797
385 385582 641961
386 407796 697887
387 259626 178365
388 967909 47323
389 349395 578413
390 398090 459299
391 839247 309059
392 50596 113368
393 754852 103571
394 867149 955677
395 428911 543899
396 956482 791957
397 299471 413088
398 657534 76697
399 609448 532394
400 418611 451866
401 277762 28084
402 330069 564365
403 628311 16418
404 6776 991240
405 373236 567611
406 296585 386995
407 403152 686726
408 225088 346486
409 567635 736449
410 580327 895875
411 914443 87414
412 789185 933716
413 364198 379711
414 367818 695261
415 550053 951490
416 40546 358154
417 205176 830478
418 162714 452252
419 905907 363870
420 888280 408365
421 535936 130699
422 375350 533035
423 629455 869067
424 2772 365754
425 48889 277822
426 708879 914187
427 982341 467120
428 411319 919608
429 822907 499590
430 401650 176059
431 110511 642906
432 102960 964871
433 31675 165885
434 11645 870117
435 57270 356020
436 343714 201880
437 687560 302504
438 186995 255
439 105073 322065
440 522397 444590
441 556803 868227
442 293610 373993
443 840979 397640
444 255194 240305
445 798803 996829
446 440606 35790
447 306599 532259
448 64651 334055
449 443139 72845
450 346039 629199
451 763994 680706
452 843357 604299
453 721018 840652
454 620577 608347
455 626140 13679
456 664413 582601
457 700787 404820
458 735453 74720
459 336306 570700
460 900219 697619
461 722745 938800
462 524077 428070
463 592026 663007
464 358522 83260
465 581486 346343
466 379678 496726
467 695924 508717
468 780176 974201
469 167440 888789
470 638540 766258
471 61333 684494
472 340086 101183
473 274084 501806
474 511712 878529
475 940233 401643
476 975532 359879
477 491358 999695
478 249521 267267
479 984782 334639
480 824122 746816
481 673211 731787
482 969806 859881
483 952345 979919
484 242515 599603
485 130736 233646
486 563008 457777
487 630467 498575
488 722086 362866
489 447441 524382
490 178549 324758
491 678225 23883
492 259137 834669
493 673131 647890
494 526920 836042
495 556372 800257
496 731686 567837
497 758053 404894
498 203250 603556
499 54026 841510
500 379096 911218
501 54365 987330
502 699979 615474
503 723418 951649
504 100741 656689
505 326563 601630
506 740347 148739
507 778267 23865
508 15130 105374
509 973734 564911
510 656631 348788
511 925892 401005
512 220506 219517
513 179281 575677
514 757797 14993
515 775157 770437
516 262124 790752
517 197818 576918
518 584411 529485
519 245616 235272
520 819539 567756
521 674156 962008
522 179411 207583
523 874364 330681
524 347330 538535
525 225613 627572
526 845758 39033
