NAME : portgen-447-2855119
COMMENT : portgen N=447, seed=2855119
TYPE : TSP
DIMENSION : 447
EDGE_WEIGHT_TYPE : EUC_2D
NODE_COORD_SECTION
1 239493 428387
2 517684 754311
3 110171 523461
4 245752 529860
5 55244 70985
6 358920 467382
7 870794 931860
8 987321 80009
9 445506 791816
10 626494 307345
11 155967 330123
12 291849 465848
13 103992 11322
14 4068 254113
15 146289 274274
16 524852 956060
17 946821 884038
18 343825 34472
19 855205 337622
20 969199 231026
21 497506 788993
22 130186 94580
23 630768 416931
24 120430 687914
25 458623 643772
26 655811 744078
27 261010 270544
28 632400 283432
29 481566 633646
30 410486 75699
31 668256 908129
32 560661 824217
33 573478 569926
34 337196 776213
35 301092 570389
36 959578 757591
37 333192 982721
38 651534 411889
39 69113 21304
40 833447 820559
41 529756 370422
42 843627 70590
43 606018 616723
44 395399 122603
45 310560 773899
46 697275 78991
47 36530 398809
48 271447 739914
49 455801 147464
50 443046 218879
51 347818 99125
52 854467 638064
53 114016 285389
54 900451 190420
55 664525 15677
56 888033 358962
57 323086 636587
58 378423 589265
59 871599 161851
60 552769 833563
61 114124 189732
62 333167 82213
63 222571 860452
64 903124 695128
65 868705 366145
66 511437 878692
67 356779 817769
68 932526 170793
69 47336 207039
70 692166 16753
71 745124 233547
72 569833 476996
73 659774 507543
74 745823 954317
75 176238 410995
76 836790 760672
77 278758 76900
78 707441 469126
79 742346 36698
80 705537 943222
81 238053 693411
82 498253 647772
83 270553 654485
84 789128 846089
85 976812 870880
86 843441 917281
87 985613 141774
88 996772 353451
89 910973 256266
90 374771 753445
91 118106 866425
92 989590 925482
93 128092 818025
94 380438 709007
95 547216 278040
96 381664 201246
97 230227 821286
98 173311 827842
99 247934 428059
100 480223 306322
101 596569 489556
102 579545 422792
103 292889 970365
104 771082 353275
105 948808 889415
106 88687 33339
107 489482 427496
108 561558 36806
109 463184 676967
110 474460 442711
111 406550 361069
112 365866 670490
113 274310 353884
114 337736 562820
115 848885 26407
116 582369 557697
117 307458 485355
118 664757 84767
119 376943 562093
120 363924 91285
121 354841 703470
122 234546 104504
123 871490 20594
124 835380 559737
125 546975 819427
126 490106 685113
127 579174 453816
128 723953 38872
129 182098 94189
130 758034 208122
131 593421 208988
132 989351 857522
133 534574 385216
134 798792 384977
135 556006 540963
136 201426 903447
137 129992 655033
138 952604 721436
139 781895 912049
140 946536 235438
141 171786 243546
142 804785 640762
143 432986 373380
144 568346 449935
145 950781 279541
146 285974 991966
147 6086 822961
148 889858 451394
149 573478 579513
150 151900 150053
151 238699 923330
152 613200 311537
153 647640 246560
154 880328 938411
155 20829 350572
156 470525 732163
157 143407 478493
158 922147 601454
159 202901 166390
160 967663 83179
161 811738 219278
162 233077 405953
163 302263 278096
164 290247 818455
165 7392 706044
166 841108 843483
167 891220 595964
168 764912 439622
169 100138 326291
170 718615 831532
171 170479 401956
172 482271 867602
173 467802 66696
174 758889 600133
175 520697 611762
176 161147 755023
177 572121 445855
178 308944 395215
179 32110 17235
180 546624 208018
181 146421 554036
182 219796 189297
183 180093 68569
184 249891 275805
185 10691 855451
186 842564 602768
187 645692 355901
188 922032 56714
189 647157 787221
190 97009 907048
191 245986 273011
192 271830 799374
193 559622 287072
194 623687 701922
195 415871 696342
196 189731 824332
197 315600 863164
198 988967 567710
199 756263 126370
200 945569 411087
201 419539 971668
202 503123 613648
203 365776 888135
204 483192 772747
205 886232 21872
206 771527 330187
207 601363 850281
208 18286 322089
209 238436 356632
210 200330 612382
211 312306 123521
212 330236 599603
213 435911 870896
214 99644 32043
215 990124 33897
216 573522 874409
217 900988 75136
218 135520 915798
219 671647 421548
220 781087 237533
221 48635 267055
222 501592 803489
223 384036 66209
224 494096 715997
225 427252 118071
226 468065 724219
227 136245 911672
228 837565 545129
229 70679 427986
230 478128 449977
231 216487 61644
232 991659 648699
233 973236 504472
234 828595 797874
235 466245 952077
236 827993 522439
237 929379 82258
238 144316 588086
239 987276 418563
240 762037 890782
241 800216 671657
242 553915 540146
243 817409 511877
244 882750 252288
245 101900 631048
246 87203 873772
247 955303 829009
248 409539 526196
249 337676 419333
250 659172 795949
251 78932 75532
252 953959 536470
253 317854 796407
254 170304 596098
255 94263 325687
256 662379 818390
257 326086 847080
258 362774 342714
259 106340 162649
260 239160 447039
261 166796 409261
262 138702 670295
263 873144 752461
264 568479 392908
265 764404 347909
266 417782 391178
267 324300 436349
268 228402 981826
269 345571 706834
270 177372 474694
271 405537 720100
272 13128 654860
273 464251 677942
274 735070 285008
275 955865 657077
276 957716 944767
277 654928 311262
278 378167 687754
279 751231 517609
280 308068 336027
281 450836 463469
282 418725 619568
283 920150 942279
284 805261 671226
285 382828 684832
286 607644 821332
287 206784 582082
288 489322 222028
289 754332 827439
290 292127 185389
291 1230 50870
292 84840 428377
293 897072 954312
294 972452 704731
295 516199 286122
296 176564 674344
297 324005 492540
298 867049 584205
299 513315 431045
300 165537 242222
301 923609 907630
302 992880 770475
303 655847 906846
304 859926 226551
305 414189 423855
306 715302 46499
307 1410 21945
308 159463 776491
309 139463 926185
310 752518 335945
311 428964 374216
312 505689 140605
313 761222 700014
314 828451 436309
315 926234 582476
316 362102 527780
317 413249 868272
318 470087 954730
319 49460 62895
320 268914 120581
321 814848 46267
322 952213 180254
323 857158 802348
324 168655 183400
325 731318 167035
326 755753 77006
327 504811 583061
328 880120 395828
329 494380 124608
330 300388 701117
331 857386 797031
332 957637 293608
333 609006 669034
334 94286 821156
335 164786 357114
336 607836 956063
337 194866 585483
338 580191 351957
339 869404 922627
340 260485 365393
341 205633 703842
342 135920 225117
343 725089 565070
344 570143 119641
345 259265 801052
346 860444 228304
347 898108 911799
348 512745 858785
349 851400 366729
350 600062 505200
351 932943 246027
352 922915 365924
353 961402 51911
354 941085 279693
355 857971 315050
356 825685 374739
357 865343 499335
358 840673 629082
359 898922 45837
360 780863 750221
361 817634 727556
362 221093 659586
363 424170 361808
364 33148 828942
365 624080 528280
366 410872 589711
367 64656 945434
368 539708 830894
369 838499 636584
370 384444 96007
371 666147 524305
372 338777 509044
373 983417 132887
374 7210 238522
375 487628 150936
376 825636 22457
377 742649 71782
378 94328 343232
379 181371 977480
380 826215 130507
381 213411 304500
382 895249 761964
383 648902 301379
384 35961 356298
385 515917 707785
386 621872 660400
387 558209 629927
388 924584 795176
389 984907 149311
390 565257 80938
391 180437 55668
392 2726 493572
393 314868 106371
394 694462 302692
395 296532 238328
396 794932 482200
397 120666 676658
398 474135 5747
399 966096 708850
400 584459 188241
401 147980 857899
402 673264 406690
403 970499 769968
404 19731 249076
405 756913 987956
406 648769 878679
407 680947 587887
408 335575 731210
409 183833 218590
410 287829 643155
411 335283 327110
412 771839 327676
413 559805 763972
414 987135 151518
415 659427 154616
416 775445 735831
417 392397 577301
418 432168 301758
419 374720 414839
420 157997 583657
421 922538 475872
422 14862 653377
423 903045 467821
424 710361 792990
425 116853 710162
426 18611 814577
427 49422 429842
428 412796 412149
429 465501 95963
430 974521 668741
431 395247 604891
432 91078 173255
433 65418 172897
434 863816 27570
435 684841 867753
436 20849 390843
437 101737 577667
438 624543 520705
439 277688 341996
440 914880 147656
441 298471 891172
442 176997 990686
443 759369 170553
444 644752 219141
445 511883 259270
446 437941 347150
447 729998 290244
