NAME : portgen-528-3266607
COMMENT : portgen N=528, seed=3266607
TYPE : TSP
DIMENSION : 528
EDGE_WEIGHT_TYPE : EUC_2D
NODE_COORD_SECTION
1 555911 984124
2 39694 869823
3 393671 266705
4 555193 589671
5 10850 444918
6 341215 769577
7 94232 56309
8 762612 761146
9 205212 222868
10 133133 152382
11 240878 283994
12 745211 699440
13 886205 638284
14 214164 591250
15 77372 544652
16 159813 529963
17 223317 455198
18 530489 117135
19 119768 513265
20 582230 168030
21 716603 237503
22 813744 321501
23 340297 576875
24 831104 987973
25 699285 307608
26 774844 170114
27 44910 698455
28 117065 25947
29 760806 584495
30 339333 276535
31 146936 41927
32 7441 842819
33 728315 103711
34 955832 772730
35 716011 185737
36 930041 217238
37 523583 825524
38 377538 70764
39 239083 46756
40 582374 860257
41 877477 629668
42 251916 800836
43 397715 117885
44 522522 380497
45 726883 426778
46 161303 347038
47 797254 396492
48 237988 499364
49 713920 988220
50 943963 269532
51 337791 784348
52 405598 839027
53 430131 145176
54 918197 244074
55 300739 999180
56 503425 380308
57 857612 912555
58 115232 799898
59 244673 610948
60 604831 228951
61 389790 967611
62 828766 446478
63 847946 145692
64 811640 684555
65 395392 232362
66 152567 995009
67 746016 583194
68 356832 497168
69 772055 339361
70 685603 597816
71 873211 911573
72 775666 497932
73 36987 193691
74 518271 350775
75 548545 92296
76 687724 29365
77 592827 711601
78 116965 342782
79 38332 822404
80 482195 932962
81 373120 578835
82 558470 702923
83 125968 591851
84 604641 359680
85 875567 921541
86 281627 893898
87 62403 512534
88 541226 360425
89 374784 117165
90 329513 505163
91 107360 989235
92 202359 462430
93 859242 573732
94 436538 43093
95 457226 764980
96 892527 412375
97 463794 764062
98 316189 979313
99 849170 263131
100 956705 676561
101 818906 401105
102 21261 43381
103 984936 698488
104 827005 130397
105 852358 543233
106 906243 995239
107 365178 717214
108 40435 960744
109 115040 794407
110 386734 146655
111 742680 341509
112 402974 199005
113 102634 880521
114 872636 19021
115 527598 842737
116 533420 244387
117 264806 786279
118 598920 112120
119 624057 485144
120 421995 898497
121 458691 642130
122 656358 310571
123 22299 551017
124 9401 264789
125 661428 435667
126 106676 830149
127 735533 113968
128 143141 574519
129 136299 234982
130 444461 872815
131 74431 341860
132 708401 953861
133 84542 264112
134 338880 54607
135 694915 489418
136 951343 850251
137 132979 951066
138 39978 912531
139 605976 289006
140 55863 528114
141 744222 637654
142 574559 654783
143 768306 191560
144 535985 310945
145 701737 334807
146 773240 569450
147 790229 932576
148 947154 608439
149 509150 705292
150 270592 109768
151 945040 720394
152 208925 133313
153 691445 469022
154 255589 80750
155 345661 951581
156 38534 825353
157 533244 109653
158 99575 504981
159 551630 775824
160 6706 476102
161 754961 633588
162 784014 585146
163 544377 230948
164 641326 999666
165 259621 570956
166 656941 525226
167 943344 104282
168 489580 918868
169 104410 464905
170 555207 263325
171 639929 760160
172 304238 225635
173 579845 139652
174 785435 205082
175 388199 716206
176 967113 509484
177 445670 699636
178 452826 419814
179 777050 104642
180 643732 772577
181 364612 790684
182 525542 82336
183 311651 278373
184 521115 307609
185 529808 959923
186 719545 346547
187 387625 290500
188 508988 245477
189 187917 84377
190 132320 124563
191 453898 536683
192 355933 487044
193 206344 866257
194 999683 861008
195 792631 211206
196 397752 796801
197 935097 595284
198 543779 293382
199 372534 13738
200 716646 334367
201 951734 701057
202 72762 263635
203 262307 430430
204 153550 958626
205 493292 586568
206 420130 916042
207 312011 432525
208 374824 567810
209 855586 930257
210 538557 18268
211 905838 507377
212 590962 195440
213 8188 18488
214 273784 123989
215 28192 78558
216 91927 229290
217 591085 545751
218 704432 537856
219 224671 923408
220 112220 638533
221 10671 69426
222 322450 774362
223 305368 890375
224 205838 739657
225 587096 525291
226 19597 248545
227 985545 638088
228 242440 722443
229 109972 527011
230 559203 724451
231 205758 230141
232 846406 854759
233 575897 350704
234 593591 537648
235 127157 484448
236 361972 115929
237 343161 13266
238 998670 657293
239 521831 952873
240 952999 285744
241 908515 746773
242 564786 303740
243 872799 861785
244 382884 736326
245 969853 353728
246 944264 687023
247 796250 627771
248 276561 894741
249 726264 309184
250 775692 648074
251 368544 252965
252 786657 301351
253 616775 272824
254 683758 681804
255 765288 380654
256 339559 373645
257 557158 205475
258 780187 518735
259 433891 218634
260 578197 681155
261 624439 284406
262 761956 479082
263 115904 109006
264 329271 41810
265 396490 725845
266 973534 840027
267 187584 572344
268 946185 534870
269 189615 359311
270 523553 354064
271 427894 164249
272 158128 288697
273 729288 659857
274 925066 317167
275 511867 167554
276 565470 684454
277 912693 49846
278 674539 528516
279 65380 214312
280 355165 81904
281 83209 324447
282 158251 411224
283 952760 175309
284 215517 268460
285 476187 120329
286 593668 116723
287 706767 410643
288 115685 939985
289 371712 712110
290 804543 587387
291 43626 114958
292 686644 314585
293 642636 649087
294 681775 776360
295 619584 770876
296 319352 921154
297 883124 403224
298 760396 311170
299 457482 747484
300 173011 789302
301 288144 212956
302 512624 924480
303 123927 450511
304 997810 598108
305 407209 25452
306 846741 289019
307 594728 584289
308 762552 162055
309 441323 755027
310 650827 641590
311 717826 468032
312 95448 686884
313 832184 380711
314 604099 782287
315 286715 665174
316 942175 773604
317 304900 779090
318 740646 754606
319 520230 102355
320 552033 480581
321 207763 926748
322 125532 977993
323 53050 851320
324 825705 196239
325 571039 379684
326 707070 675195
327 460768 507837
328 847127 514540
329 908055 733534
330 183833 369321
331 930281 895454
332 46074 926628
333 817689 919992
334 163487 616735
335 531239 911231
336 336349 245083
337 183987 271142
338 934519 42630
339 7263 587611
340 839756 317644
341 472655 870565
342 598453 917394
343 734892 46720
344 727530 378272
345 961401 820653
346 591119 903494
347 571116 640801
348 144231 962679
349 742760 854389
350 43473 10419
351 844056 238094
352 356483 253395
353 907029 836505
354 76742 543373
355 772944 800407
356 787009 529783
357 772132 363180
358 778201 26786
359 324338 405272
360 782396 855009
361 177231 309097
362 573261 520819
363 67175 98255
364 888600 930592
365 364113 98013
366 965888 463890
367 814666 39349
368 530635 942872
369 98432 235272
370 139192 708106
371 722381 322258
372 595875 106391
373 643421 282021
374 330233 50296
375 573626 45976
376 74078 812168
377 490276 945459
378 44531 380166
379 423427 317133
380 722759 964157
381 738073 841469
382 404180 64838
383 78026 464751
384 933907 665741
385 719758 496180
386 696552 274042
387 831645 736420
388 780930 365063
389 818821 627801
390 476288 687009
391 674827 571466
392 207832 399956
393 359940 124418
394 59709 749828
395 961323 65884
396 8964 432691
397 515514 643012
398 11553 448339
399 490612 859455
400 325461 278358
401 463200 702432
402 574008 886617
403 371148 502612
404 604335 90319
405 585519 920112
406 320457 673599
407 355810 656875
408 955192 305382
409 325955 761168
410 53284 629686
411 974138 74452
412 340279 441400
413 32979 994120
414 700034 945028
415 365271 278318
416 760727 728501
417 42281 556175
418 366552 1228
419 215656 550956
420 444763 54558
421 798463 298540
422 696543 331636
423 91745 934512
424 92411 74114
425 610032 17433
426 748305 545583
427 494184 47143
428 517630 734698
429 660150 17832
430 520065 369920
431 286956 53378
432 645556 530961
433 121648 21916
434 977056 24174
435 565130 20680
436 212970 251840
437 151135 35851
438 881381 428554
439 580268 293136
440 923769 298281
441 333969 682201
442 424963 995351
443 991362 707348
444 82945 511320
445 434526 344635
446 24171 191481
447 985826 424082
448 841587 546623
449 147405 660691
450 450254 663190
451 354243 799275
452 150344 311751
453 683463 66103
454 120620 498832
455 55780 810281
456 651753 148830
457 583305 175429
458 345748 95474
459 67552 221473
460 689373 575025
461 874510 316364
462 573919 901940
463 666436 413695
464 101495 839383
465 352388 815278
466 307934 81435
467 237355 113487
468 646528 185139
469 98896 249534
470 649602 895887
471 639795 861471
472 821946 859501
473 470125 707807
474 617561 83886
475 757645 427892
476 445127 308022
477 308303 634976
478 355255 272808
479 561919 36857
480 665223 498323
481 967207 871085
482 849230 159893
483 170485 790281
484 326883 723804
485 705303 637941
486 477913 983666
487 463828 261481
488 129898 566488
489 8061 938943
490 546684 393627
491 851775 64638
492 174160 854064
493 848070 436849
494 232204 77462
495 943001 856246
496 858255 375092
497 544231 11661
498 417974 656129
499 397643 560464
500 729602 903637
501 699745 678618
502 537201 364017
503 576117 380489
504 133861 454238
505 786906 918406
506 40604 484457
507 93855 808977
508 640068 592115
509 326854 837568
510 741918 514356
511 392638 766418
512 994201 801666
513 938195 799294
514 446464 99810
515 685364 749408
516 432626 553822
517 152037 628278
518 353023 367317
519 970782 365183
520 213995 255955
521 109995 394635
522 335543 428644
523 463607 91836
524 380890 742564
525 73465 618679
526 209664 297832
527 875100 980193
528 471010 145922
