NAME : portgen-499-2400385
COMMENT : portgen N=499, seed=2400385
TYPE : TSP
DIMENSION : 499
EDGE_WEIGHT_TYPE : EUC_2D
NODE_COORD_SECTION
1 400572 287230
2 452007 702701
3 776734 589421
4 619120 561307
5 907924 710351
6 895190 388123
7 713490 334955
8 85502 961234
9 685265 418006
10 256626 449335
11 642358 721262
12 600822 140137
13 270022 190066
14 911930 262430
15 805567 670126
16 55400 174319
17 676207 364106
18 537822 11472
19 688891 164648
20 11222 951738
21 711596 444102
22 578618 415157
23 337551 877324
24 402398 204647
25 380169 505942
26 366946 275921
27 114411 356860
28 752794 226252
29 611023 87901
30 164879 765261
31 900529 454472
32 550084 956185
33 998755 451088
34 809504 298333
35 997404 208178
36 558836 480618
37 37837 750683
38 82388 366436
39 606850 243961
40 387342 43769
41 579043 824029
42 97551 40305
43 769596 600928
44 624234 720022
45 365350 86733
46 201967 390557
47 167244 803044
48 392902 230977
49 406265 827935
50 332768 971115
51 270473 158436
52 817304 336400
53 926899 542916
54 178370 74105
55 587263 151866
56 602018 891000
57 722550 78145
58 563294 509971
59 287228 747040
60 563282 767777
61 44823 981569
62 965565 26289
63 937704 400399
64 663313 701436
65 823784 539471
66 188066 532744
67 656697 235476
68 441750 688042
69 101479 19405
70 477011 259625
71 313700 877193
72 156739 597572
73 41910 220397
74 424992 140954
75 865339 992502
76 567664 704828
77 4150 793296
78 783048 737728
79 501739 581828
80 894649 238856
81 441437 158965
82 597094 327638
83 838166 724824
84 734261 124977
85 36235 342896
86 84979 146273
87 881700 570780
88 200113 339995
89 977418 172269
90 243240 199976
91 898660 81485
92 806787 584927
93 98033 29100
94 935650 329058
95 397310 716925
96 953781 976501
97 983170 134115
98 174645 167427
99 995493 585959
100 397459 701915
101 242979 252722
102 897714 665363
103 93842 486179
104 898040 419223
105 695262 753948
106 802077 172680
107 184518 177723
108 285074 464936
109 175795 462978
110 152993 670739
111 729331 148301
112 727518 334320
113 99916 832256
114 248558 216336
115 476937 713934
116 441954 558195
117 477006 489292
118 397898 725979
119 896966 629063
120 299853 633097
121 853305 472672
122 176065 726570
123 987594 805480
124 248983 648849
125 34198 342388
126 918868 779156
127 109022 683525
128 259960 684783
129 775716 408422
130 267465 367863
131 589212 268977
132 119370 62164
133 900642 329405
134 996614 457947
135 190129 479594
136 215952 526945
137 428779 810604
138 751870 950174
139 39279 43993
140 74359 415132
141 56540 840135
142 948871 109073
143 124721 172976
144 438825 414841
145 588649 68493
146 729365 439019
147 438934 820258
148 417144 326360
149 43893 365461
150 974700 37420
151 766201 204990
152 574490 619065
153 285848 78732
154 830285 999948
155 558803 86984
156 245958 360874
157 819773 198972
158 638497 150193
159 830043 299111
160 645020 574282
161 285511 631152
162 483247 152708
163 713392 10962
164 952454 809713
165 524755 673138
166 119889 39330
167 485189 987374
168 169174 695666
169 20362 749899
170 470576 974527
171 342933 139713
172 769821 14367
173 782981 98212
174 955772 286225
175 106865 406181
176 373905 234179
177 840706 301562
178 917530 726870
179 719800 587115
180 449891 590181
181 58369 80385
182 529372 584275
183 744051 106245
184 591052 805405
185 415990 540285
186 194421 543818
187 192245 238838
188 200376 51332
189 790446 181684
190 235178 986522
191 291162 365338
192 359821 934573
193 614768 39503
194 509958 900913
195 243323 62928
196 104614 214957
197 333908 930291
198 780106 799115
199 947468 530983
200 813990 731649
201 307766 774087
202 51046 120343
203 115019 8566
204 874357 906132
205 686794 878026
206 216912 818887
207 343792 386962
208 485567 843412
209 746477 599081
210 804169 944936
211 158777 60068
212 991414 684341
213 232518 420334
214 492771 71901
215 123818 191809
216 176974 884314
217 494890 357151
218 769610 472274
219 21546 972858
220 449006 771355
221 293026 910877
222 96744 298387
223 904151 44545
224 223542 649567
225 697772 359772
226 306343 875566
227 407165 622181
228 554674 423452
229 279196 693895
230 350733 642744
231 987020 901499
232 457125 915438
233 585000 306035
234 722142 45404
235 482811 441022
236 619870 96910
237 901308 444396
238 638592 283210
239 652903 369233
240 129666 809066
241 141137 798875
242 721168 481073
243 204788 275475
244 427188 579452
245 772151 463574
246 750132 976141
247 490047 7984
248 151484 196116
249 9568 652347
250 659795 620941
251 391641 854308
252 519900 888706
253 218634 507468
254 154398 926091
255 417392 279199
256 996263 699744
257 921744 887158
258 892612 10879
259 411451 449141
260 763953 388883
261 296466 69794
262 385609 861869
263 49380 765561
264 577010 12602
265 225762 131123
266 128812 726811
267 951841 850467
268 812802 441393
269 877131 834009
270 588460 193909
271 864023 978046
272 815498 383267
273 167108 680337
274 590531 628177
275 958603 385922
276 619106 996965
277 426585 528671
278 492128 664830
279 902467 669432
280 75903 777241
281 630337 320389
282 337631 223482
283 415175 18217
284 884245 538477
285 720050 212275
286 420347 783273
287 490537 378030
288 769777 299500
289 643209 856938
290 369741 384549
291 863094 907577
292 936698 448520
293 500786 808423
294 389180 728358
295 435291 794584
296 557147 338653
297 113958 376185
298 773562 80749
299 487508 437467
300 613490 867607
301 37127 733593
302 258436 574054
303 522828 711529
304 60267 978064
305 27884 683705
306 275649 174108
307 234140 281318
308 220094 291683
309 206430 961445
310 449920 334425
311 530708 446778
312 924987 852443
313 175147 686754
314 524837 916483
315 855202 58248
316 239233 665144
317 829053 686035
318 108899 688985
319 673436 655379
320 228426 209103
321 601992 427734
322 278438 100865
323 263876 110369
324 413666 261515
325 201038 86808
326 555912 571025
327 582265 555241
328 628373 371983
329 904539 572400
330 465154 833842
331 38092 404887
332 749638 818781
333 81712 847915
334 895670 133274
335 17442 109724
336 878016 944915
337 760407 363112
338 778513 959683
339 864512 369745
340 224069 803164
341 782214 952436
342 451329 21359
343 20155 834345
344 915506 10271
345 604323 260984
346 793314 540161
347 637937 118702
348 331086 657077
349 667327 915325
350 322352 304193
351 245856 43921
352 37445 397874
353 304593 603475
354 119696 560906
355 535086 794027
356 456476 894268
357 968077 204169
358 40527 497930
359 766950 630936
360 487695 424635
361 180587 980345
362 810922 713249
363 863867 834095
364 907470 362533
365 58518 175037
366 839986 303606
367 834659 430041
368 346687 887945
369 984359 247159
370 980831 522225
371 67395 284570
372 522575 179687
373 80397 812969
374 729239 924687
375 254834 496990
376 749607 304793
377 856807 147315
378 464206 942250
379 209261 607403
380 51187 416648
381 619116 872536
382 580074 12860
383 726632 171906
384 371692 788389
385 123772 227558
386 768690 842262
387 376101 990705
388 675028 875793
389 123538 663606
390 249043 921617
391 624833 300066
392 311346 641870
393 555921 967450
394 723532 821798
395 703409 174780
396 516253 195970
397 123387 753273
398 753534 225132
399 908468 531870
400 504659 204603
401 689431 65633
402 675644 333217
403 872156 449540
404 993447 214936
405 591394 496755
406 218718 387463
407 903993 876406
408 900395 423145
409 749149 826800
410 259326 501499
411 263438 839822
412 283729 919168
413 538126 703057
414 166618 42884
415 118548 225487
416 882346 908601
417 72212 752287
418 702898 237370
419 396072 434939
420 741475 132775
421 218301 896731
422 562472 201909
423 911341 676431
424 912240 204218
425 215146 50476
426 58514 865584
427 413321 279171
428 322256 780830
429 993420 923357
430 630318 634786
431 53467 558507
432 473461 458618
433 278454 321987
434 824991 702084
435 965064 223964
436 510905 544930
437 611654 208849
438 442985 397854
439 426500 4558
440 596911 757296
441 709637 243261
442 412565 483762
443 172020 323838
444 435139 613594
445 473832 380911
446 412378 693988
447 469874 517510
448 621870 673370
449 285076 353622
450 758924 513487
451 249930 907682
452 607306 457849
453 340839 815253
454 453018 929558
455 107151 998418
456 345690 379826
457 449524 249407
458 222407 359479
459 88632 955950
460 836747 605084
461 36910 471369
462 943159 451576
463 974033 603222
464 937624 153805
465 868010 627732
466 944835 496941
467 897406 598493
468 411606 329811
469 793736 163158
470 261355 812540
471 235206 479188
472 776846 868748
473 344000 941009
474 750828 18297
475 543477 18648
476 735746 131271
477 485612 131191
478 568652 752988
479 10276 8812
480 46243 11028
481 21516 289860
482 668203 294610
483 763212 866501
484 602979 580776
485 905406 281397
486 608650 70334
487 412473 818099
488 869337 905639
489 985756 811968
490 882924 221044
491 592946 928811
492 107562 856981
493 606215 654974
494 828738 602795
495 835281 545104
496 726831 212960
497 257751 979958
498 203890 164871
499 66715 958747
