NAME : portgen-569-529921
COMMENT : portgen N=569, seed=529921
TYPE : TSP
DIMENSION : 569
EDGE_WEIGHT_TYPE : EUC_2D
NODE_COORD_SECTION
1 552274 514549
2 444345 261618
3 594281 422993
4 802224 839164
5 931170 581634
6 550209 309199
7 255106 735509
8 986167 536487
9 402948 92484
10 333221 70604
11 81333 859871
12 160434 215577
13 851567 267353
14 170075 507291
15 891371 765380
16 954871 135142
17 515482 205193
18 81572 880913
19 125998 121122
20 451702 259247
21 116009 819224
22 335102 30057
23 65803 130141
24 595312 487172
25 429072 508853
26 991511 418962
27 256840 935422
28 58524 417131
29 999066 239152
30 180045 713367
31 296995 681101
32 387461 671923
33 465624 730985
34 974096 225049
35 669705 856026
36 941175 915776
37 663412 824368
38 79093 662370
39 603031 225012
40 157052 434435
41 268286 930923
42 327245 178003
43 468385 273769
44 747681 843559
45 739568 350587
46 906816 900948
47 451417 595676
48 318071 200233
49 155811 510734
50 950964 403433
51 527110 370300
52 330119 994636
53 240566 60588
54 91717 78836
55 467037 784755
56 669450 155506
57 499583 829458
58 806551 396046
59 229684 791784
60 353851 265391
61 575173 463362
62 274084 266271
63 328915 570875
64 585657 668775
65 583802 18504
66 570652 524194
67 757974 372297
68 764984 112780
69 431339 497787
70 371452 72339
71 44085 955896
72 489708 474177
73 775414 443453
74 626864 185145
75 266760 747196
76 614575 487035
77 926932 932459
78 832781 2915
79 612325 957821
80 229652 127785
81 629248 593930
82 707384 394697
83 740669 713554
84 665798 25406
85 54043 363097
86 769181 44539
87 525023 606654
88 650815 88137
89 536430 341624
90 433490 326000
91 958550 627835
92 439123 456016
93 389256 976722
94 816809 363277
95 631628 51430
96 446982 405933
97 443743 8354
98 303157 999546
99 430873 883053
100 823361 687277
101 907023 285239
102 751654 940760
103 788646 986740
104 47912 470915
105 543203 856058
106 186105 249047
107 326193 178221
108 680803 223315
109 150186 699029
110 91539 741123
111 282680 782744
112 202045 366766
113 456073 483942
114 292884 584263
115 818008 664075
116 40225 65514
117 798421 577432
118 139894 709502
119 301642 260901
120 775213 165941
121 826536 117780
122 271738 890504
123 768749 664237
124 203888 76977
125 552281 819215
126 706661 846610
127 65044 159285
128 647051 841509
129 486817 174222
130 800865 79143
131 685097 787010
132 695702 377261
133 29522 68325
134 977309 435688
135 409472 16565
136 19427 73208
137 146748 272323
138 34462 436070
139 717699 42759
140 719714 614563
141 997124 118662
142 783397 738864
143 978977 253214
144 369811 421159
145 547910 71569
146 732193 865953
147 851429 758647
148 146514 753327
149 971032 999414
150 856042 332678
151 946537 161128
152 357263 937717
153 822091 587998
154 63212 326179
155 180307 393837
156 471697 65657
157 626311 729296
158 346950 819144
159 935581 937055
160 230747 276194
161 97293 977895
162 579646 76793
163 70027 858298
164 715945 209030
165 450232 446463
166 372858 391519
167 862451 325876
168 142866 931466
169 492350 54101
170 391914 159833
171 317632 432756
172 190412 271715
173 974276 754298
174 286306 774635
175 688620 288215
176 37381 762001
177 549181 409578
178 959820 555018
179 298676 31386
180 794851 890624
181 95647 9111
182 934265 20474
183 76204 38941
184 875245 354596
185 755019 592652
186 532838 160946
187 248434 942532
188 238812 335291
189 428713 170067
190 116973 515009
191 559621 684559
192 414179 559607
193 350815 363746
194 457253 841977
195 249672 103924
196 56220 137754
197 299081 799261
198 626995 156686
199 184321 247879
200 32903 638984
201 325584 116238
202 657662 173610
203 728593 352822
204 347822 989574
205 58763 596073
206 97764 456699
207 781713 690926
208 834403 957892
209 710029 135004
210 393479 919517
211 854619 627366
212 321693 116035
213 267067 416599
214 503283 74823
215 213938 885990
216 987469 439139
217 111304 520899
218 417245 102922
219 902845 723252
220 725203 392922
221 653716 322249
222 448497 330154
223 249304 428854
224 816061 183046
225 532193 210395
226 653402 109497
227 33940 146912
228 651514 886445
229 4934 136762
230 756365 625670
231 449976 624569
232 264370 665840
233 942356 775514
234 8201 451559
235 441621 405549
236 141831 526983
237 602810 183083
238 266114 745121
239 593425 174780
240 464520 380621
241 411664 366521
242 318458 588268
243 436013 362900
244 174768 445463
245 578543 641730
246 94721 451286
247 281630 319654
248 251091 126733
249 719438 265414
250 64039 504183
251 835428 641281
252 718525 151572
253 798731 286881
254 791039 445672
255 710899 288614
256 711677 559470
257 558218 114634
258 530949 998690
259 342938 944715
260 414749 815623
261 56075 742786
262 387520 937438
263 570120 500549
264 808458 451238
265 384352 979233
266 954082 147752
267 463881 175906
268 668944 852194
269 808303 203823
270 57318 437323
271 19961 230052
272 30714 762920
273 585655 351934
274 63765 344191
275 749533 750541
276 318274 268200
277 881062 84805
278 550100 687675
279 177400 542618
280 482627 946537
281 478577 587215
282 388354 273576
283 268652 481624
284 528755 795298
285 528979 179015
286 934924 998746
287 195182 664207
288 497349 787875
289 861724 302714
290 387338 882444
291 323149 265839
292 968611 437814
293 500655 366867
294 759398 190304
295 907253 187320
296 323438 13004
297 674844 878303
298 502398 21214
299 34870 366507
300 265570 797779
301 490210 761051
302 956853 867088
303 427392 52434
304 299589 443247
305 584149 183233
306 928277 987095
307 635365 295307
308 623098 465573
309 912371 510051
310 771177 247438
311 446754 162248
312 529727 731200
313 688805 173873
314 41893 328093
315 236814 444914
316 488286 418476
317 718565 204105
318 954167 336053
319 630474 673303
320 814715 35082
321 454496 249347
322 419127 659815
323 740565 161190
324 483276 943644
325 189497 328524
326 979321 706777
327 129692 820656
328 309493 71733
329 42485 752748
330 912921 91338
331 421960 626285
332 628531 549066
333 728736 678929
334 567968 975549
335 554741 461908
336 982296 968726
337 320553 442652
338 268116 739977
339 32555 709071
340 421706 617071
341 131387 289145
342 415171 145475
343 22954 862001
344 789944 169498
345 475368 275237
346 768085 654925
347 118562 352807
348 52785 485769
349 928794 976474
350 391698 588
351 128634 774205
352 521937 572425
353 197136 690176
354 291605 984216
355 797702 447491
356 281788 872987
357 277379 637684
358 323253 767034
359 507723 275724
360 496280 242967
361 750135 591494
362 583850 554152
363 333273 208091
364 446789 748127
365 245515 577940
366 448371 48338
367 911369 974215
368 335283 258400
369 11765 777487
370 822222 255919
371 354278 514219
372 673217 232401
373 525101 176590
374 71074 564409
375 19533 844694
376 38979 180666
377 730958 813758
378 552217 80296
379 862836 547722
380 237142 938736
381 678410 514117
382 161994 541782
383 93213 767568
384 199769 44978
385 112582 146662
386 695960 943313
387 256191 651586
388 203987 569469
389 860535 770092
390 1935 252977
391 345254 899067
392 510984 306779
393 899529 934253
394 886343 369586
395 881001 567714
396 58630 966786
397 664904 675559
398 559958 410964
399 258028 21631
400 28413 955632
401 316054 300981
402 562474 766556
403 499440 139912
404 669682 424178
405 914228 617963
406 193952 493250
407 666720 669428
408 880105 711623
409 849213 486435
410 981823 682248
411 509539 178138
412 16564 156950
413 830607 394979
414 380839 489635
415 152145 64074
416 899786 436357
417 855864 383972
418 59024 852004
419 232346 841556
420 426674 187906
421 85040 399908
422 387762 198752
423 58174 880492
424 950222 507954
425 844951 164979
426 30125 768393
427 869485 964338
428 55845 879697
429 445116 178501
430 707531 647436
431 907565 828125
432 997504 726321
433 532922 794044
434 105487 467968
435 611253 999612
436 761401 341258
437 641483 816844
438 652123 741146
439 308652 52225
440 101104 950910
441 949862 202337
442 782103 504709
443 156508 71661
444 438852 129542
445 851049 264980
446 746516 764378
447 230303 427061
448 426504 743782
449 758424 570918
450 546629 317028
451 571840 897996
452 406850 894041
453 215117 827787
454 986290 364776
455 807830 984184
456 440844 315573
457 327451 442551
458 900919 143187
459 597822 570443
460 299817 789140
461 35619 534569
462 921339 294224
463 427772 863405
464 934408 747442
465 601727 824336
466 754855 943875
467 244395 116920
468 510065 634288
469 874885 339551
470 603789 13321
471 473838 868409
472 829725 61909
473 229360 211946
474 843039 936078
475 999288 563099
476 809374 10981
477 969190 722292
478 562172 627964
479 653600 289929
480 383975 580828
481 952901 646739
482 760987 794508
483 510345 572434
484 485848 265542
485 213191 688973
486 300147 661744
487 571154 736718
488 979766 24638
489 565379 199046
490 732052 799808
491 209804 644478
492 363467 20898
493 871434 108116
494 182888 449887
495 606575 937630
496 148439 609343
497 126359 914816
498 713173 812094
499 297255 93006
500 82143 204721
501 646567 643993
502 204026 199480
503 353294 164895
504 647514 948291
505 850858 454056
506 445075 203713
507 683354 446344
508 432388 343558
509 520379 846170
510 81335 698250
511 275179 392842
512 183398 8469
513 42405 656154
514 457718 371673
515 383424 814870
516 377123 617087
517 348187 277996
518 354732 6091
519 961123 917122
520 588509 527876
521 587737 336717
522 368551 908324
523 662451 755597
524 425944 117889
525 872410 57019
526 354376 925581
527 709582 267272
528 827598 29480
529 295806 926029
530 844748 347202
531 203771 730392
532 359781 322982
533 866318 108358
534 835161 775030
535 783893 676791
536 917613 402489
537 973760 24316
538 343873 349597
539 683260 916125
540 180871 12925
541 360348 531688
542 526925 36221
543 611098 646731
544 257305 25204
545 411677 246373
546 170929 186093
547 133228 911718
548 610262 185247
549 362957 344235
550 564451 312853
551 72337 509818
552 937017 859484
553 696670 822688
554 398656 673360
555 656174 180866
556 772174 270601
557 514352 598374
558 176273 17678
559 597163 448063
560 712720 681071
561 745401 490925
562 210578 471039
563 604454 407795
564 465471 114275
565 327645 521184
566 950941 9899
567 259951 5
568 240750 89747
569 17335 928550
