NAME : portgen-430-5476342
COMMENT : portgen N=430, seed=5476342
TYPE : TSP
DIMENSION : 430
EDGE_WEIGHT_TYPE : EUC_2D
NODE_COORD_SECTION
1 859793 745916
2 48114 788064
3 851086 162624
4 218076 561014
5 656430 210842
6 785942 943988
7 978407 319298
8 147890 787697
9 429294 21895
10 777145 2314
11 706537 581877
12 256511 536670
13 620268 278180
14 625014 320687
15 505851 946433
16 596511 463894
17 75139 216199
18 401776 7664
19 36304 965443
20 422843 588796
21 766439 726167
22 337314 840001
23 219087 36650
24 807280 261049
25 469343 656406
26 655296 775176
27 217619 311504
28 927075 395898
29 670777 831914
30 386287 843421
31 126320 252632
32 138171 67634
33 444403 59775
34 606674 138405
35 100210 111240
36 980417 168244
37 552552 120738
38 347017 931361
39 364257 945006
40 609594 224369
41 607402 793100
42 934399 662429
43 820112 343878
44 325722 7504
45 771796 342001
46 400990 897899
47 865233 311602
48 608379 598194
49 173615 216576
50 492983 287726
51 672392 862273
52 651454 244973
53 49003 862196
54 840776 555189
55 491391 583196
56 70175 663272
57 60117 44286
58 442431 228421
59 387399 826568
60 459255 846209
61 886159 390098
62 645421 812484
63 438847 118143
64 516790 307578
65 71734 484821
66 90584 809067
67 453615 26398
68 154193 944130
69 732982 890113
70 219998 591691
71 956479 499154
72 548249 925587
73 455841 10891
74 252477 52749
75 872755 490235
76 81404 866036
77 144841 8162
78 197141 863324
79 408658 625056
80 90779 104873
81 129213 950663
82 335191 899700
83 626716 571021
84 115022 134530
85 588444 431539
86 975943 334650
87 953813 969019
88 764804 20122
89 245256 637258
90 615342 575522
91 709484 891733
92 216799 966861
93 355607 139921
94 473876 553914
95 399681 583172
96 829107 598451
97 301668 788458
98 615747 621829
99 545340 579229
100 160782 435718
101 765634 615218
102 437406 297232
103 780750 189670
104 649237 177979
105 652555 57219
106 389448 854743
107 225375 507607
108 275765 530762
109 648994 546733
110 283952 4887
111 25681 535793
112 973748 152726
113 665904 360724
114 897243 656581
115 188269 575134
116 370885 67277
117 984703 558122
118 186073 854741
119 666358 709192
120 691095 824845
121 490926 927142
122 269962 394793
123 557490 293314
124 624703 148942
125 122553 255023
126 724585 888758
127 390960 585648
128 64833 698357
129 630515 879283
130 111158 926009
131 523312 940045
132 486884 827709
133 566293 462305
134 584780 830581
135 950116 982450
136 906058 500052
137 424179 28929
138 280301 136922
139 144832 388100
140 87892 967547
141 730209 17959
142 545422 262259
143 51821 430839
144 580392 156994
145 991829 723767
146 269960 835776
147 759075 708644
148 918786 990874
149 502963 241033
150 114491 420567
151 148481 236602
152 61049 155006
153 524813 706625
154 343335 128700
155 533826 633993
156 117964 473520
157 887454 387390
158 656048 687536
159 180970 778239
160 908922 575419
161 959342 343747
162 716090 529549
163 833968 669455
164 439003 269172
165 504115 573676
166 793586 16131
167 854273 453899
168 849582 256688
169 130505 158032
170 606210 364285
171 249869 802153
172 248071 416410
173 764425 926213
174 119686 229526
175 874675 249330
176 551870 233790
177 736917 540815
178 626980 132350
179 382329 607150
180 305424 268124
181 576120 185303
182 522489 169541
183 384124 315811
184 225449 471044
185 622965 729835
186 567849 951444
187 903563 659592
188 23548 725551
189 606829 175274
190 902568 701618
191 287126 831852
192 963748 235990
193 997555 608283
194 493641 684732
195 69775 533770
196 31239 659461
197 535067 876375
198 796435 298425
199 898590 588479
200 392861 38873
201 319383 944411
202 326957 173057
203 962204 720018
204 270042 500926
205 543259 18697
206 638708 697596
207 537375 771653
208 236885 916659
209 650236 646114
210 373105 85698
211 417220 636970
212 78182 584091
213 410451 623437
214 624486 730505
215 697387 303529
216 455509 105902
217 632014 883871
218 62910 589529
219 294477 192094
220 999105 80896
221 958047 847527
222 311626 984076
223 116550 394269
224 581278 950975
225 465923 172998
226 673938 168084
227 891091 89331
228 583363 213481
229 312396 443086
230 110146 372674
231 425541 77947
232 501821 462362
233 60650 791181
234 385970 553299
235 655103 842615
236 335380 699260
237 180190 200107
238 411760 249135
239 745878 988850
240 727 196970
241 311040 181400
242 620358 324713
243 877988 377562
244 604081 169652
245 823220 271728
246 203559 741177
247 536991 156490
248 745516 258787
249 667336 111519
250 572316 867414
251 648390 592428
252 950247 268953
253 861957 492538
254 547725 566378
255 211343 205800
256 609400 142744
257 619865 838418
258 169115 684363
259 540955 345331
260 716846 801863
261 123845 274451
262 980982 787688
263 194224 742952
264 749012 911237
265 338150 919221
266 701409 179500
267 777507 794927
268 587569 168296
269 561534 781940
270 155598 193625
271 836607 258750
272 452805 21357
273 147883 929108
274 760194 749302
275 962265 2564
276 509774 756098
277 773368 653094
278 166004 468890
279 814920 155320
280 681383 693661
281 931003 765784
282 410780 17718
283 369193 350650
284 689938 598507
285 690534 240006
286 924168 791652
287 383065 714281
288 292088 367746
289 501082 327888
290 621684 725334
291 928031 593691
292 229853 644489
293 988218 935624
294 768720 759789
295 425733 236919
296 478357 963027
297 91406 915591
298 269456 44954
299 875684 738523
300 729269 780137
301 428026 432306
302 127618 236931
303 74533 916083
304 526245 128879
305 664876 230379
306 700170 55131
307 729587 444464
308 215303 967976
309 674378 495188
310 748261 324239
311 474965 951414
312 869238 910396
313 811980 491862
314 664034 146134
315 639748 376005
316 841500 372202
317 663012 391304
318 25163 872899
319 864104 785388
320 429185 20242
321 261246 273531
322 11527 101493
323 761953 526942
324 93789 181009
325 103611 777594
326 380919 729550
327 98775 353264
328 938636 55823
329 769293 736313
330 211768 201633
331 51979 740856
332 699694 644633
333 969132 426639
334 43603 628093
335 682511 688361
336 874186 493368
337 391577 970666
338 943319 745415
339 852639 515973
340 971759 756157
341 722568 927720
342 934366 438115
343 324026 100643
344 672508 18378
345 422171 598523
346 829295 236010
347 102877 740824
348 146055 767878
349 881954 40861
350 158173 16537
351 674303 577815
352 209250 347453
353 55026 453199
354 795183 660659
355 29237 837993
356 383314 750915
357 314141 613244
358 372338 815969
359 637979 958870
360 498578 201254
361 544685 2742
362 469920 665973
363 14058 296371
364 284118 44123
365 915639 490120
366 950232 191979
367 486736 133766
368 372842 971653
369 613578 321122
370 65776 508057
371 462664 713638
372 519799 220917
373 53838 826552
374 766089 436904
375 726765 849683
376 483760 837830
377 125221 668053
378 66305 482323
379 91079 75483
380 974611 83373
381 839620 474061
382 594882 521180
383 375328 669676
384 231115 93224
385 559405 545785
386 49879 201074
387 232104 648895
388 717494 706854
389 877520 801867
390 599667 531734
391 205292 208634
392 69512 832266
393 650499 476170
394 597096 965555
395 758438 703165
396 740537 520353
397 761717 519991
398 458178 261589
399 481533 870904
400 503422 346983
401 949032 964222
402 837236 195030
403 644390 275125
404 768318 292955
405 17553 590134
406 885226 125523
407 317045 271445
408 342835 319266
409 712344 74891
410 63002 113738
411 188143 360210
412 589802 212421
413 596753 85656
414 363837 37073
415 4504 442368
416 938536 584565
417 784313 9532
418 646508 79768
419 891588 798066
420 489430 331233
421 763826 522205
422 902552 644699
423 515022 380327
424 930551 549295
425 923238 372521
426 897752 444460
427 866400 61053
428 408447 364466
429 179908 827704
430 548522 564622
