NAME : portgen-442-2723930
COMMENT : portgen N=442, seed=2723930
TYPE : TSP
DIMENSION : 442
EDGE_WEIGHT_TYPE : EUC_2D
NODE_COORD_SECTION
1 466643 277120
2 184307 591247
3 796752 260723
4 505107 612041
5 341240 202415
6 551357 354255
7 228446 410794
8 707065 726053
9 416319 411286
10 747312 189601
11 305635 336213
12 864966 591755
13 507798 327092
14 509497 160527
15 443746 135554
16 89316 533336
17 969407 173048
18 40226 492440
19 629665 625744
20 981059 56123
21 466550 21329
22 746932 252066
23 496158 518174
24 839125 431775
25 948861 906163
26 574623 495504
27 654776 363501
28 256065 933306
29 307713 11258
30 551021 304311
31 631057 879363
32 630982 285117
33 735865 530027
34 607322 976380
35 914636 188891
36 886927 984544
37 462425 841149
38 614977 810131
39 681436 501465
40 335690 574491
41 19378 498238
42 609505 139435
43 504496 209953
44 902354 684289
45 437183 510198
46 885117 653285
47 711107 792167
48 169195 482006
49 558904 905782
50 637088 686027
51 836737 337660
52 96085 374369
53 886785 76385
54 885998 515341
55 859004 46111
56 30952 623423
57 574075 40822
58 419194 977772
59 168255 838815
60 115921 253859
61 971123 701539
62 339291 228609
63 352154 549266
64 888459 88056
65 954364 538592
66 924132 166094
67 642460 289578
68 543539 395954
69 924162 568682
70 720240 526724
71 41697 63539
72 568368 183324
73 539075 183577
74 313994 482498
75 440013 619929
76 593546 470848
77 951418 98496
78 761895 670643
79 695200 806506
80 830829 490830
81 152222 317315
82 795101 332280
83 4414 967412
84 55055 390751
85 501747 235617
86 663778 685757
87 398801 495992
88 660312 500275
89 750120 240794
90 466714 681510
91 854066 81952
92 257226 463533
93 386370 606816
94 370992 310180
95 285163 576126
96 340898 533411
97 66935 484622
98 862945 355939
99 664737 72376
100 523011 38800
101 433456 73199
102 15783 758502
103 765863 511593
104 213621 487885
105 712126 155078
106 299650 385019
107 521342 254702
108 149931 618810
109 250380 310478
110 469334 648474
111 302675 982679
112 867739 462947
113 802160 590579
114 669973 640299
115 730128 148718
116 286653 262235
117 528668 311635
118 381860 469046
119 560610 2524
120 313601 767559
121 356435 60514
122 840846 636689
123 273451 358219
124 665672 603988
125 682462 272366
126 685965 24438
127 342247 374293
128 752146 171221
129 544530 704148
130 376642 296816
131 950983 211097
132 174283 944566
133 798643 239136
134 544173 884653
135 981250 791712
136 953137 646391
137 628016 196968
138 962509 278236
139 640432 493445
140 710801 630939
141 46049 965825
142 263657 433312
143 197734 75556
144 87951 584101
145 512992 142724
146 924873 675956
147 21273 521889
148 814421 710044
149 432497 643878
150 674179 995214
151 717787 172226
152 893187 51522
153 226317 720140
154 760781 908934
155 176558 676589
156 83269 960428
157 191156 233917
158 371942 275027
159 189823 652394
160 130145 88598
161 806638 900294
162 210473 986035
163 73925 780911
164 753204 576494
165 970650 242369
166 517455 731497
167 316887 34211
168 547670 85620
169 774669 29739
170 61369 922707
171 885732 435557
172 453956 424393
173 336086 24578
174 465482 35237
175 447964 33510
176 956839 856003
177 673227 431810
178 477759 986289
179 855339 858976
180 503851 140696
181 945470 731041
182 847565 253851
183 790856 647711
184 506471 766762
185 897831 347364
186 809544 154586
187 204429 96634
188 131758 950635
189 227067 778663
190 508276 87635
191 925571 894228
192 72642 829954
193 296898 786413
194 883931 63035
195 243354 899958
196 579149 7907
197 131908 714005
198 113162 731146
199 231127 357322
200 292634 385451
201 797511 686819
202 526960 360328
203 107938 62611
204 783360 843273
205 134911 691345
206 102357 792303
207 615621 603893
208 561547 937563
209 599133 133560
210 140688 59710
211 416584 149149
212 474127 512380
213 549853 122725
214 627625 844100
215 988695 69147
216 167274 383794
217 643751 816931
218 985277 133267
219 278606 468749
220 268406 359335
221 187280 750371
222 922347 183643
223 483374 429999
224 533779 619527
225 164152 990437
226 103520 387026
227 368626 223487
228 218176 413717
229 43068 710029
230 375051 974671
231 784005 314611
232 574866 775576
233 504064 351985
234 869956 431977
235 120518 131547
236 403784 979605
237 969408 150251
238 956190 29557
239 780522 250640
240 294203 136135
241 79657 917596
242 469049 14024
243 285141 852663
244 808927 868174
245 312866 633291
246 263310 846628
247 348231 136858
248 955551 207674
249 780963 772095
250 227453 453817
251 649477 283139
252 325324 28016
253 910779 185924
254 917977 354602
255 938345 365513
256 604789 174893
257 397162 741759
258 711360 937376
259 966380 438007
260 820025 296390
261 571022 97861
262 204524 666700
263 482070 120645
264 654281 941392
265 239471 770266
266 111579 425920
267 312294 928689
268 531346 904764
269 520433 727290
270 302664 347765
271 886282 370919
272 48149 16476
273 62269 165449
274 642104 681530
275 654788 834905
276 553392 839571
277 532624 457186
278 342237 223557
279 970844 396634
280 496669 6015
281 665490 190686
282 51938 590580
283 479230 233870
284 126744 380686
285 679489 545910
286 295272 284849
287 783218 985119
288 742997 731450
289 565237 747337
290 324463 258512
291 149800 257647
292 444722 233455
293 104775 920892
294 373982 721714
295 449458 297475
296 778020 139746
297 47800 756753
298 52493 601433
299 587700 63029
300 273478 330818
301 600212 894766
302 357067 396275
303 685105 295745
304 394849 299168
305 352410 421344
306 849575 249129
307 947175 199193
308 227995 525744
309 142886 295184
310 538086 877797
311 646169 63714
312 107208 348670
313 945698 400505
314 927782 386943
315 300014 447252
316 336601 266068
317 394926 903118
318 408937 900670
319 310471 245528
320 5460 579031
321 778006 78797
322 183627 571661
323 651306 714305
324 32538 699129
325 811055 651987
326 673650 200757
327 763015 826226
328 994217 334143
329 499839 453949
330 987338 784434
331 985273 149321
332 293708 773379
333 643338 770778
334 65502 375514
335 547887 513689
336 493205 443756
337 484129 886099
338 204146 445412
339 300699 280982
340 354453 611554
341 900666 473833
342 399604 515580
343 461978 187280
344 972360 621547
345 259779 638159
346 835168 934957
347 697640 491770
348 85825 334250
349 594667 297528
350 367514 205893
351 413606 751555
352 344676 199500
353 751321 199817
354 801152 247435
355 364247 806936
356 361783 878291
357 194169 349178
358 949265 50316
359 451680 801938
360 687553 309088
361 176110 767973
362 7999 341993
363 100083 741650
364 99080 284629
365 134778 4328
366 644259 53264
367 916734 547516
368 249771 22374
369 279663 50426
370 566314 411662
371 735599 170422
372 933994 950691
373 462048 67194
374 926957 355646
375 391686 344175
376 235169 310037
377 162750 363185
378 561634 360342
379 834821 797159
380 949729 728946
381 920154 750726
382 681120 952585
383 71336 191360
384 944297 243477
385 887130 882070
386 123358 96033
387 410251 343377
388 73918 866073
389 605223 644813
390 780359 739740
391 906828 301920
392 334900 405831
393 84174 893533
394 372143 964149
395 476179 58410
396 78077 36185
397 163296 684243
398 288303 639566
399 760171 590616
400 876773 595975
401 461971 282143
402 575286 651946
403 437346 933249
404 975137 756918
405 279011 668101
406 988199 870672
407 320979 891318
408 650869 883968
409 587430 996877
410 664281 431770
411 431189 353680
412 366704 291154
413 420099 841214
414 520746 758305
415 906030 140668
416 890935 848304
417 365802 112258
418 751541 36156
419 980941 443581
420 754961 200205
421 306102 375266
422 299867 44408
423 627221 724396
424 669481 872141
425 264143 447088
426 118819 1866
427 684586 736104
428 705040 613666
429 916341 463028
430 900404 401190
431 952307 531556
432 1957 78806
433 361998 612932
434 570804 276570
435 264096 926473
436 214487 715289
437 732733 217193
438 312951 429323
439 669093 630599
440 586114 806433
441 924873 57718
442 857900 504840
