NAME : portgen-506-4648695
COMMENT : portgen N=506, seed=4648695
TYPE : TSP
DIMENSION : 506
EDGE_WEIGHT_TYPE : EUC_2D
NODE_COORD_SECTION
1 664486 138872
2 137251 370190
3 656091 178120
4 926031 708846
5 350581 424061
6 103372 963711
7 897390 347193
8 366395 751598
9 633637 183500
10 778177 921346
11 363348 285327
12 324578 483668
13 522041 596689
14 709932 272196
15 447750 990910
16 627314 100304
17 872294 686636
18 396251 758322
19 351924 480745
20 334014 779192
21 763231 501949
22 252917 159788
23 559812 425327
24 387403 562986
25 114752 690338
26 667143 963183
27 695161 543434
28 357094 564182
29 266577 450615
30 973938 897768
31 826195 445285
32 374832 571389
33 660829 601422
34 710793 737602
35 787380 941067
36 364195 70651
37 68748 87838
38 254203 400164
39 590165 781143
40 126573 957859
41 330112 259317
42 298257 549981
43 164714 182028
44 725472 300905
45 25806 794829
46 47528 614322
47 693365 392946
48 414996 692580
49 433201 165079
50 905584 159648
51 835162 606259
52 436413 156892
53 360226 407825
54 664926 145179
55 378720 175065
56 838710 965672
57 424808 179109
58 850240 211873
59 751920 981885
60 156393 968248
61 168221 545714
62 832017 627731
63 105905 757935
64 634237 911855
65 727612 846377
66 735237 444985
67 402423 951507
68 119149 364440
69 834508 119148
70 699741 952841
71 430108 743586
72 144512 57558
73 626608 501814
74 782305 65633
75 287041 657060
76 58342 521345
77 437466 59207
78 424411 390176
79 203836 484905
80 37743 995786
81 573317 545778
82 445437 425879
83 744957 95123
84 821160 367250
85 552500 348425
86 429567 686286
87 694844 499332
88 909906 646875
89 108247 772810
90 203320 715729
91 554099 149332
92 874111 731826
93 273060 189459
94 999548 976544
95 206550 24025
96 543279 467258
97 566647 351315
98 523273 743822
99 48741 645179
100 147652 979733
101 393566 9495
102 862313 571311
103 102960 909010
104 647234 705640
105 786146 234951
106 390628 227291
107 278355 13718
108 452506 106058
109 979131 94121
110 902605 1135
111 46382 175980
112 219598 572767
113 954859 420071
114 823973 123532
115 396371 895
116 999641 402607
117 986663 968368
118 325101 326808
119 870977 860393
120 279319 167001
121 210328 905426
122 73939 205414
123 977643 367298
124 247659 993879
125 396456 103202
126 919848 925208
127 248807 146756
128 980092 990959
129 22831 893944
130 246210 776152
131 38033 786841
132 426320 619144
133 24623 485201
134 153352 72940
135 36075 85207
136 858399 985251
137 697665 799403
138 81286 121173
139 927173 72842
140 592675 963900
141 397240 930028
142 877322 620219
143 962862 212800
144 976286 367519
145 943744 839899
146 173455 798037
147 824317 194112
148 308602 225076
149 207760 274535
150 124128 856470
151 440125 174817
152 401204 432556
153 705962 989819
154 47886 628588
155 183893 767292
156 14673 655312
157 950200 406310
158 602697 239996
159 962523 232208
160 310541 799546
161 277441 878816
162 948811 179605
163 645081 683582
164 584046 265109
165 93441 91466
166 73286 298584
167 888948 825383
168 949226 741927
169 979828 471012
170 17522 722866
171 250276 744077
172 56977 144197
173 562458 294638
174 849225 644711
175 549030 625020
176 641030 942651
177 181094 32661
178 783183 141540
179 285868 575821
180 483329 964034
181 9991 576873
182 611066 461027
183 517015 270595
184 598334 806002
185 843852 308058
186 390770 317811
187 683178 685521
188 158516 334789
189 697722 916150
190 396422 503541
191 397713 8224
192 781779 129406
193 81475 496413
194 687518 427921
195 308367 678631
196 143593 173826
197 627160 709463
198 332095 932464
199 60898 371456
200 985681 227668
201 596916 933075
202 248289 45489
203 227306 632806
204 160871 51687
205 951186 286769
206 454022 857947
207 267454 804698
208 820440 836164
209 949713 901603
210 128931 584550
211 209697 226878
212 820320 616183
213 711142 457695
214 69522 637689
215 458215 525709
216 173917 646034
217 964963 109652
218 49518 539766
219 740769 977081
220 308966 245310
221 546699 785915
222 298990 723816
223 468933 916715
224 353505 10976
225 998320 874399
226 862942 423208
227 913241 459971
228 53750 950882
229 968111 138636
230 995970 687540
231 892036 183790
232 742721 705875
233 740070 668107
234 558957 543637
235 335764 903725
236 482658 938736
237 903282 254531
238 721608 786488
239 313637 360348
240 562432 760260
241 489584 930885
242 641719 770674
243 633673 990127
244 903312 259088
245 369582 381411
246 980809 197132
247 641317 405241
248 762651 607962
249 882632 44458
250 2208 682445
251 603078 993156
252 448543 238060
253 384815 932057
254 781489 142566
255 826298 63623
256 47569 709022
257 769054 614558
258 706730 694904
259 542473 337480
260 943223 132107
261 785474 514498
262 541429 653318
263 300647 489501
264 490192 665222
265 869716 789550
266 4998 171071
267 534050 498809
268 712690 780561
269 161830 27160
270 63944 938769
271 447654 565832
272 315864 237475
273 595936 466311
274 655703 987998
275 104593 273149
276 117769 217410
277 174742 212658
278 677447 432006
279 459106 949734
280 525369 604253
281 770226 754329
282 78621 887528
283 615969 481737
284 393158 531579
285 18622 240419
286 39200 554474
287 232886 670073
288 14337 568064
289 339755 328771
290 975871 868640
291 30395 540458
292 139852 265462
293 19323 250669
294 92449 646521
295 882840 230953
296 387403 630251
297 8538 823524
298 899568 893179
299 332945 645790
300 223137 27872
301 126555 326932
302 12127 235953
303 242754 577311
304 77557 909280
305 193334 426778
306 339557 812584
307 66894 294416
308 216849 139975
309 745791 255097
310 987960 722789
311 148791 747367
312 308441 990749
313 113864 712268
314 542347 996932
315 427319 437026
316 490506 430475
317 135436 549093
318 529082 217811
319 473564 845436
320 48612 879348
321 504877 837352
322 658561 160050
323 82162 640036
324 321809 17788
325 709660 187299
326 350832 336013
327 218471 786111
328 537365 696079
329 191495 463034
330 706871 24943
331 103746 232120
332 860667 313985
333 921900 502205
334 154023 906844
335 212253 576813
336 818165 728002
337 545436 800660
338 371957 812778
339 528895 522330
340 453384 417784
341 520773 79313
342 290061 402376
343 333279 258386
344 569807 821451
345 627192 26877
346 63787 566720
347 633182 471799
348 61182 776874
349 291915 857900
350 788092 269384
351 111140 799479
352 564404 291876
353 666525 271518
354 45951 816095
355 452832 278979
356 126272 370043
357 835841 679993
358 961155 537026
359 598937 388868
360 252803 145025
361 210290 296122
362 118751 942869
363 465673 18686
364 163598 253560
365 134134 100439
366 766826 712800
367 69497 174404
368 291512 150729
369 243471 610067
370 441220 796252
371 659448 180939
372 568648 482166
373 816587 767665
374 447968 690313
375 6125 42495
376 613276 38355
377 723765 687653
378 502557 398339
379 729981 389999
380 364 515795
381 28047 435883
382 374874 656580
383 619530 945332
384 801395 353674
385 863406 193489
386 89058 908624
387 382742 210307
388 531749 171934
389 572356 431098
390 440312 67333
391 288705 773598
392 253195 618338
393 72391 330943
394 337926 412917
395 554874 346179
396 349334 889796
397 746661 247731
398 707194 750824
399 798196 358340
400 950417 644652
401 195308 16869
402 250000 938792
403 753790 839677
404 785159 105427
405 615261 171614
406 60412 317064
407 835125 654185
408 166461 138250
409 689222 127143
410 949385 868706
411 147136 443054
412 403257 218754
413 998180 72188
414 658623 443950
415 456516 692071
416 386775 466929
417 815837 268698
418 6920 971640
419 938473 599010
420 451877 934141
421 641720 210783
422 463531 686168
423 199042 906280
424 486539 527906
425 249550 635005
426 92200 354246
427 901824 258345
428 257876 728379
429 201032 981302
430 931871 782149
431 901204 186148
432 653549 681119
433 529893 849629
434 853532 148956
435 455142 260181
436 651710 161316
437 877593 314380
438 776505 792890
439 541229 144911
440 960877 269801
441 871156 677321
442 512079 674366
443 790867 200627
444 813379 134717
445 738804 157291
446 118108 789516
447 143868 191696
448 282430 480404
449 333190 149151
450 909662 406152
451 365050 341627
452 567028 979748
453 763849 414879
454 842166 227457
455 467478 57249
456 914999 66315
457 242497 774579
458 664041 111687
459 42279 461853
460 398689 49489
461 516438 704381
462 239294 48989
463 895131 310082
464 594287 897844
465 550530 361626
466 950723 313772
467 677433 903627
468 354801 804840
469 434823 737499
470 10325 679179
471 158347 351526
472 736028 689315
473 640852 413726
474 550222 94879
475 296564 972348
476 886117 435346
477 598620 548036
478 455429 51278
479 664194 663401
480 624946 959008
481 980055 104667
482 217132 788298
483 898902 563473
484 330286 553181
485 133726 250314
486 561465 947399
487 165288 426341
488 163371 81092
489 105760 691257
490 593559 843853
491 645888 930885
492 272897 591521
493 381570 846055
494 96639 889134
495 4725 791328
496 474554 881641
497 603772 760010
498 117714 210947
499 186237 309687
500 525944 559760
501 307966 858965
502 501319 452711
503 326459 955231
504 162448 7098
505 166466 609373
506 954638 775059
