NAME : portgen-513-9901655
COMMENT : portgen N=513, seed=9901655
TYPE : TSP
DIMENSION : 513
EDGE_WEIGHT_TYPE : EUC_2D
NODE_COORD_SECTION
1 84238 519689
2 52527 785060
3 710761 315395
4 879165 459231
5 66382 547095
6 224350 56313
7 642344 470989
8 161481 902703
9 143589 302127
10 709224 291130
11 727341 924768
12 648686 812486
13 10039 252099
14 862609 89890
15 729724 545218
16 440979 732704
17 66963 822479
18 878008 172558
19 674374 208384
20 776120 648844
21 475482 66547
22 764899 619173
23 672790 770342
24 314202 800414
25 329840 239067
26 735568 56338
27 533723 122544
28 382378 351533
29 452726 230047
30 907051 538203
31 641021 670780
32 683110 417537
33 71612 157803
34 291413 23171
35 798198 391138
36 588501 343175
37 972287 470157
38 555561 671002
39 391044 526142
40 430108 658505
41 799373 632561
42 182838 191521
43 904197 770198
44 49594 649425
45 750867 720204
46 881145 651203
47 410185 384981
48 60343 132307
49 94259 294742
50 63611 1787
51 379297 788059
52 370306 671334
53 439693 103006
54 873500 342202
55 218346 612179
56 301939 803300
57 479180 186847
58 657057 989817
59 260595 298128
60 357194 939305
61 63543 996670
62 959559 796410
63 11840 800441
64 972868 300952
65 30463 452555
66 797502 48841
67 307795 817929
68 356566 996072
69 153381 995990
70 534463 914379
71 509603 751465
72 292231 811561
73 656660 884474
74 691643 613774
75 373141 259901
76 159438 793307
77 264279 611056
78 204285 330455
79 480264 552377
80 314768 443620
81 949624 877509
82 807739 303966
83 102576 550473
84 511068 667618
85 530186 772583
86 298173 646820
87 924987 97292
88 779866 270236
89 732391 348503
90 592125 681384
91 320177 420491
92 986183 586842
93 502930 919992
94 241102 3828
95 715353 806092
96 485004 485762
97 465804 761879
98 616206 862782
99 826478 194939
100 31694 386424
101 152082 343140
102 21649 691756
103 939724 738946
104 807123 677436
105 108125 284292
106 89353 476435
107 837024 508675
108 958616 463861
109 411705 45860
110 687760 239793
111 723995 316129
112 635923 143762
113 620501 955033
114 625171 233230
115 157567 40920
116 463112 54955
117 240378 307832
118 592031 843741
119 583467 477507
120 628225 39069
121 508287 195242
122 316068 475559
123 82096 168874
124 849839 322041
125 141378 661172
126 237611 593247
127 37371 990774
128 923312 97126
129 102762 713817
130 99725 95982
131 155479 329615
132 49210 69055
133 776005 894111
134 160367 361464
135 426579 789742
136 614022 89663
137 904481 26587
138 2182 130748
139 278758 645149
140 220450 523374
141 852270 911353
142 133505 61584
143 885440 133496
144 5744 171322
145 531826 697920
146 683374 222002
147 50928 838483
148 425046 418623
149 290760 289480
150 473377 951348
151 890116 204689
152 101591 618003
153 808901 326257
154 459741 975787
155 105333 789815
156 91382 931439
157 181990 401805
158 412608 933476
159 278686 210727
160 644009 357382
161 603350 870886
162 888087 475230
163 899626 409333
164 988072 286478
165 217686 675925
166 671006 302971
167 539815 430634
168 431992 920830
169 729363 731700
170 648976 951964
171 854809 795017
172 527312 174444
173 94569 812487
174 333915 575698
175 938856 15713
176 430551 4282
177 71794 797452
178 280342 587145
179 664874 670956
180 186011 888070
181 596893 728041
182 326810 153369
183 935005 296364
184 404127 7546
185 307235 600120
186 599561 702988
187 271871 628296
188 926830 599068
189 799092 90635
190 194888 312481
191 744459 317115
192 100467 329615
193 79031 942965
194 976160 386446
195 495629 135627
196 516703 721817
197 424465 48855
198 352403 151821
199 523146 899016
200 247613 495501
201 13394 243279
202 380809 626375
203 271254 113435
204 903814 742179
205 718420 337376
206 610984 278427
207 175327 50383
208 371367 875076
209 303576 277955
210 800966 783184
211 773218 505111
212 759932 811734
213 586725 356281
214 322178 645496
215 357042 813394
216 695253 56913
217 372214 857511
218 701496 466031
219 141788 50083
220 958247 203954
221 639389 698204
222 585480 712445
223 362408 11592
224 961884 612731
225 462129 996121
226 829642 877650
227 541973 434218
228 800247 956481
229 871065 523298
230 924878 805222
231 971647 853731
232 783931 514466
233 697987 912779
234 692947 462882
235 687974 359774
236 913192 690844
237 815825 804844
238 953541 895568
239 963137 325713
240 11486 630244
241 485215 798880
242 720617 551819
243 841746 841522
244 272982 857747
245 159523 788716
246 773083 678905
247 362108 598472
248 290761 948544
249 882379 780635
250 758903 466839
251 48454 636171
252 601244 831885
253 510905 30762
254 157032 990154
255 592472 958725
256 683498 13317
257 363774 136161
258 32139 292742
259 491622 185458
260 223704 749443
261 30400 912312
262 703979 221134
263 311320 277021
264 89600 983939
265 293938 922779
266 738536 972983
267 733241 52760
268 946745 471898
269 435105 584456
270 519680 549004
271 349899 87524
272 634042 410080
273 758316 860771
274 974926 140973
275 287152 13740
276 858943 898439
277 486696 836123
278 728303 75471
279 902929 548483
280 885139 39007
281 595657 572575
282 470473 43467
283 608826 595974
284 379274 953694
285 377844 171368
286 317815 350649
287 898305 209964
288 890499 131960
289 425615 867855
290 492831 235848
291 374091 541116
292 98800 254931
293 327122 165960
294 502509 689774
295 443934 350770
296 92623 481410
297 206611 348312
298 231189 999249
299 189218 424078
300 519580 626356
301 435155 107071
302 648142 51304
303 639648 317827
304 799639 231765
305 509001 562342
306 572961 213155
307 104549 534368
308 946383 114246
309 365964 122161
310 812278 609576
311 406755 955196
312 434114 751488
313 736212 210744
314 702507 847000
315 570315 572672
316 332321 193850
317 358853 930488
318 662886 160936
319 436567 564431
320 308547 212875
321 799996 380347
322 877496 834357
323 944015 137427
324 47295 455123
325 612099 20444
326 296742 342217
327 853763 946907
328 294035 241305
329 748217 717653
330 388417 478712
331 881260 235208
332 923218 296125
333 762346 192613
334 335659 270191
335 590353 808956
336 66950 910840
337 510061 791833
338 312834 64537
339 101432 487206
340 457453 494906
341 462527 984853
342 458583 91602
343 691412 97112
344 270631 62728
345 168141 470272
346 825277 166375
347 974077 499590
348 145924 889155
349 870286 85662
350 521523 879477
351 35994 560089
352 997669 117193
353 557917 311888
354 883634 762160
355 255495 196922
356 970673 685489
357 549511 918144
358 653435 714884
359 261130 423627
360 150200 873191
361 322327 249996
362 748668 710876
363 772961 506861
364 913171 392868
365 233916 945
366 180903 339272
367 231711 260531
368 524232 777038
369 435342 540438
370 438167 976527
371 835982 847004
372 912527 294950
373 147945 575280
374 417706 263201
375 726628 639063
376 975984 477417
377 851746 520577
378 698574 696722
379 328377 737138
380 592960 780878
381 876546 343195
382 323992 278968
383 360939 123669
384 772961 254560
385 770199 78154
386 297177 997929
387 696998 511137
388 897206 844909
389 398250 228090
390 12302 76239
391 178483 176032
392 799907 453037
393 124399 837707
394 15279 952742
395 899591 400563
396 4076 180781
397 770239 360013
398 679349 838053
399 150005 401389
400 397743 303035
401 177030 189616
402 250899 650389
403 460579 799952
404 677510 398709
405 396178 860866
406 681442 375634
407 837547 192397
408 776802 695765
409 572956 963978
410 599618 522886
411 973663 371572
412 856817 467163
413 901123 107561
414 747029 46609
415 50558 97254
416 167399 999541
417 831911 151435
418 394797 802849
419 338484 607510
420 676234 428633
421 264750 51301
422 353124 376705
423 426899 632504
424 323964 303075
425 458890 571787
426 91023 103395
427 350831 300489
428 135635 177489
429 357704 99463
430 255591 657730
431 461467 69999
432 722474 967544
433 596115 630140
434 22510 460842
435 765497 144297
436 371801 269880
437 505088 27831
438 431862 870267
439 20740 556327
440 331527 723633
441 749856 647566
442 791018 392828
443 635787 97400
444 277066 864367
445 555319 764656
446 780338 877642
447 842012 531937
448 56832 994869
449 546212 325293
450 944842 556631
451 611763 767636
452 971547 735256
453 821931 443457
454 312377 958003
455 664702 38235
456 900422 493337
457 544144 490934
458 877391 583825
459 227986 190537
460 910711 601245
461 83928 697217
462 515999 208866
463 532534 604164
464 298333 769831
465 205899 988405
466 557890 62737
467 891625 293292
468 823210 256519
469 103422 300083
470 515436 51961
471 869413 86529
472 953655 954073
473 680728 83120
474 361642 633146
475 999402 452667
476 696536 776380
477 119393 956437
478 998741 549025
479 876010 678255
480 912045 565411
481 340035 12294
482 442566 612740
483 168822 813893
484 539682 590070
485 810206 794271
486 222183 594840
487 191134 458043
488 904709 307547
489 577824 559562
490 210124 983508
491 728154 620077
492 857786 640488
493 648370 545595
494 620170 278885
495 124470 9317
496 716837 513351
497 489877 721164
498 829778 274572
499 895395 495611
500 49364 373181
501 505295 802079
502 423021 15894
503 724513 76459
504 918594 478904
505 308066 453145
506 928854 597125
507 553785 902727
508 848574 826683
509 522417 721402
510 782962 894249
511 918497 44070
512 540706 437024
513 288975 420104
