NAME : portgen-511-1254963
COMMENT : portgen N=511, seed=1254963
TYPE : TSP
DIMENSION : 511
EDGE_WEIGHT_TYPE : EUC_2D
NODE_COORD_SECTION
1 651816 224539
2 386169 399733
3 937342 787725
4 646428 106018
5 720258 19289
6 797675 220321
7 657231 928182
8 649980 567504
9 902279 100823
10 629406 140723
11 910635 836614
12 555772 73789
13 662563 499587
14 414807 95168
15 27837 584693
16 4721 598805
17 353498 682502
18 264911 934719
19 257446 723839
20 17034 237791
21 50657 324295
22 572044 164392
23 887053 65439
24 131431 139261
25 612046 705601
26 403829 764095
27 905234 823997
28 769836 53010
29 871040 703666
30 134822 2622
31 530279 922589
32 88984 482467
33 968631 473380
34 648277 492838
35 41128 584541
36 436073 763017
37 488776 923805
38 736894 146540
39 931380 731775
40 303953 609552
41 628547 711141
42 960346 25214
43 54413 82132
44 509821 871031
45 713871 791531
46 286442 764607
47 682710 432492
48 801718 287639
49 835518 648239
50 427498 740513
51 134058 399655
52 835308 2494
53 77054 692688
54 803748 880019
55 769583 687703
56 543189 9
57 989794 343291
58 716180 765671
59 239878 656491
60 680749 680991
61 637861 37
62 65340 300615
63 450482 36417
64 927709 486282
65 846751 44205
66 342791 51360
67 962192 616249
68 66363 628537
69 721346 617054
70 309034 288742
71 842254 853330
72 190281 32879
73 153669 286404
74 699267 382095
75 982010 765300
76 359930 349236
77 801487 383292
78 397721 82698
79 437463 219059
80 936131 448516
81 971341 186694
82 570985 480840
83 845449 689859
84 809727 956915
85 189621 429775
86 66403 857783
87 674480 915448
88 321061 288625
89 198549 682047
90 902894 367784
91 598954 708650
92 550151 398235
93 72864 156097
94 480375 481352
95 770799 376503
96 818810 764431
97 427432 879258
98 222339 984471
99 178849 274833
100 711818 865044
101 87854 17220
102 479201 614226
103 166346 651280
104 799084 403252
105 310428 241623
106 602322 956110
107 448259 559627
108 629705 206910
109 759261 691727
110 258501 860978
111 511009 534893
112 245096 324577
113 341920 49183
114 378582 60254
115 749102 669780
116 489540 795297
117 371618 661270
118 765461 642843
119 260391 990524
120 768529 865953
121 396835 788647
122 222850 909821
123 865494 283916
124 519334 102855
125 537337 173156
126 605889 118595
127 525731 42037
128 375503 292557
129 645601 817930
130 848765 523502
131 390889 808560
132 634723 444474
133 844787 813674
134 733260 538437
135 694132 345789
136 687575 656406
137 154389 85345
138 255089 392413
139 9162 203059
140 949073 49363
141 403581 560651
142 211488 225599
143 278891 680980
144 160573 927144
145 816482 951786
146 909583 721953
147 296391 422739
148 178378 740429
149 634258 137505
150 654731 473080
151 274754 316275
152 153781 487974
153 769574 45237
154 907106 300132
155 763145 694523
156 131984 718457
157 1447 896979
158 613919 668936
159 512169 211983
160 266096 104358
161 179416 595755
162 883706 221051
163 71035 371299
164 502624 666414
165 315770 209851
166 485306 709030
167 439913 254550
168 917378 685123
169 559204 314509
170 611679 609955
171 168810 948589
172 661047 712124
173 772369 313828
174 838246 75339
175 351704 807078
176 237804 967843
177 821734 444880
178 987773 565723
179 876362 899231
180 570595 84450
181 486033 592597
182 688452 153190
183 525712 183394
184 57410 289322
185 124609 300091
186 830689 436829
187 860278 459018
188 866553 211572
189 774020 438826
190 233277 505311
191 494937 603393
192 95818 231320
193 723818 892709
194 20577 286723
195 728837 733984
196 627713 269881
197 189900 311587
198 779266 731981
199 88310 202029
200 845571 560797
201 539807 399420
202 842061 846393
203 312141 634411
204 872024 590413
205 721061 95064
206 545145 589639
207 170394 836611
208 456736 216151
209 402696 376864
210 373923 793731
211 95083 855381
212 443750 563811
213 760284 431268
214 594768 13885
215 146876 232141
216 339547 183607
217 717764 138213
218 960165 905297
219 432999 259207
220 774583 507667
221 490013 643712
222 912799 935105
223 638901 772332
224 826131 626088
225 551303 347998
226 137213 74425
227 55152 613430
228 221249 356200
229 681656 703847
230 886227 406843
231 201412 612817
232 815830 213393
233 605050 901432
234 676839 235288
235 197710 684403
236 390020 776607
237 825561 25925
238 656518 20658
239 800228 830320
240 342562 404084
241 749612 890920
242 127658 740033
243 30729 726730
244 367776 504370
245 533163 58732
246 228458 197710
247 61497 90179
248 117647 713405
249 818151 886874
250 278587 618242
251 972103 995810
252 283526 147218
253 598386 246292
254 946766 315119
255 582700 494519
256 988423 177285
257 170684 827494
258 178385 3701
259 551319 725650
260 95746 891645
261 83281 789964
262 956701 579467
263 712299 394209
264 493081 678342
265 427539 410225
266 73891 485109
267 247620 848042
268 415661 572326
269 720235 300164
270 561648 27027
271 175410 642126
272 408623 641517
273 975451 438493
274 241009 482030
275 377879 723437
276 220324 139808
277 459335 868361
278 544351 486994
279 748190 435483
280 731557 26059
281 526057 646602
282 753470 555673
283 319108 346296
284 768661 529166
285 852043 739891
286 762692 69289
287 347770 372309
288 671320 943473
289 330629 88339
290 35116 225305
291 646019 57597
292 946785 401479
293 884168 427289
294 731638 691946
295 528934 69364
296 803665 191069
297 448120 821756
298 264335 106121
299 294355 36314
300 970197 31978
301 107864 152669
302 446913 152574
303 77417 162726
304 193022 57856
305 984192 117062
306 755355 56243
307 906548 662192
308 222394 334987
309 198481 931714
310 291337 212986
311 51941 732347
312 558969 820064
313 632027 610023
314 622375 195196
315 294891 508594
316 750450 272773
317 104146 918054
318 469950 589775
319 151048 284592
320 179085 549180
321 228807 799924
322 400609 315947
323 17423 71317
324 632099 628056
325 189729 654311
326 483746 99159
327 741422 461602
328 281527 835091
329 48522 528859
330 682623 487641
331 11677 908429
332 878770 435012
333 888254 955430
334 655634 590600
335 644769 151076
336 702888 570425
337 741984 637025
338 729240 952782
339 990924 97366
340 538537 796935
341 561500 93515
342 512573 807249
343 496916 842020
344 394002 669134
345 29799 514519
346 934141 560447
347 639823 28008
348 846292 658381
349 57939 763583
350 586707 64641
351 80392 534733
352 89518 392793
353 92811 390230
354 586585 934172
355 964686 439507
356 441089 379387
357 499059 168104
358 553500 451229
359 268606 850762
360 588719 229872
361 897491 892051
362 3893 580127
363 70683 168155
364 480906 349191
365 544214 339009
366 366196 56752
367 132680 99029
368 355846 182112
369 594455 344468
370 253749 45686
371 573414 543239
372 80415 799927
373 617027 42090
374 556554 59695
375 957324 678137
376 177475 708748
377 219368 247697
378 698445 23640
379 402052 990489
380 36947 910698
381 795774 242117
382 680422 919000
383 866093 897849
384 298972 699132
385 551076 511410
386 894675 208910
387 893437 910582
388 52397 188743
389 672682 756195
390 881682 47043
391 766102 490417
392 312243 633516
393 543235 124078
394 376329 213679
395 232936 457996
396 883140 895323
397 793392 742339
398 151011 364503
399 649802 169832
400 747529 428284
401 369407 800359
402 178012 910281
403 912034 687057
404 396504 585852
405 704462 574366
406 647310 188373
407 757552 578951
408 27558 900451
409 448725 938083
410 767988 501589
411 248047 129140
412 951603 122792
413 142002 94315
414 30897 983155
415 998547 365339
416 792238 86830
417 51732 307316
418 399732 577729
419 732865 733292
420 605958 642783
421 675353 438246
422 445691 731347
423 209948 754000
424 943719 670600
425 600336 56695
426 333605 666646
427 171284 382189
428 636045 282576
429 748627 870696
430 510549 334305
431 954192 663212
432 979894 61679
433 899012 209064
434 742681 26204
435 369002 273557
436 956731 778124
437 337746 711293
438 167983 581401
439 957855 569413
440 486746 859426
441 345688 160201
442 472606 664242
443 411147 129026
444 106936 990053
445 408303 190667
446 835047 706660
447 364290 332400
448 686052 897228
449 100499 734398
450 563363 628547
451 796144 374306
452 183853 740910
453 711006 173404
454 194039 507042
455 971042 507019
456 175640 758573
457 462392 319881
458 499257 247531
459 298922 647494
460 375627 1783
461 108565 8283
462 462841 740454
463 477412 582425
464 594271 596836
465 286 994579
466 387361 450813
467 598371 979727
468 683785 587114
469 697808 152724
470 164984 163615
471 830104 459442
472 614426 406520
473 82102 826763
474 243818 623835
475 854987 103627
476 302957 503663
477 734111 568783
478 241186 345331
479 775935 204126
480 57125 123892
481 475596 41315
482 342057 807426
483 676915 716198
484 144147 55872
485 237779 672494
486 3713 675086
487 792506 272000
488 698825 604902
489 274171 894057
490 499268 132080
491 806489 390144
492 539711 876394
493 518983 346046
494 108755 790944
495 302811 967586
496 442966 641936
497 914944 492490
498 159902 155017
499 666935 342426
500 707694 477199
501 552591 349761
502 124566 722906
503 297137 912813
504 963952 857717
505 49800 895139
506 236576 984991
507 901314 89538
508 680925 833659
509 126370 849567
510 647524 521898
511 49263 801721
