NAME : portgen-453-5527667
COMMENT : portgen N=453, seed=5527667
TYPE : TSP
DIMENSION : 453
EDGE_WEIGHT_TYPE : EUC_2D
NODE_COORD_SECTION
1 597283 4153
2 789217 394161
3 829211 87626
4 468361 270495
5 932126 445323
6 981905 268431
7 9732 176852
8 230001 423541
9 628884 440662
10 485885 627155
11 289942 182960
12 667511 293919
13 316551 54000
14 857563 276303
15 700753 156228
16 657819 108539
17 12129 449394
18 630943 316820
19 576523 286653
20 680077 57965
21 81860 460149
22 28466 691102
23 116136 667973
24 47803 688168
25 825253 707918
26 346635 267565
27 711273 781658
28 127126 488743
29 992023 339822
30 763217 512391
31 511102 181707
32 590418 874160
33 363463 521755
34 239965 318629
35 60716 562028
36 375738 940715
37 615408 777967
38 280520 22377
39 471686 885853
40 166793 827807
41 61976 517740
42 513085 188362
43 645125 476111
44 518121 137969
45 85931 109187
46 76854 257893
47 225936 118049
48 682227 141145
49 844740 250498
50 410581 93759
51 196287 161949
52 521375 997445
53 645941 828894
54 754479 522911
55 136532 651014
56 970622 854054
57 253891 654029
58 435536 253208
59 955770 472368
60 191933 222318
61 677015 989466
62 908047 966957
63 365740 213788
64 419340 617962
65 132026 451626
66 267897 948775
67 749321 515779
68 857185 207922
69 263849 859056
70 752825 391916
71 520340 45752
72 946035 863613
73 432172 87388
74 349846 258979
75 752308 468438
76 721804 226777
77 118472 958955
78 825861 247512
79 412628 5595
80 140260 438018
81 565045 895423
82 770085 744615
83 130673 924870
84 908018 390278
85 221857 348147
86 903362 696791
87 720060 723494
88 500513 450237
89 870993 949092
90 141095 118228
91 801160 413744
92 477702 694007
93 886581 372474
94 178689 4705
95 385105 932315
96 299904 873570
97 637199 404678
98 488553 823549
99 325692 222541
100 363100 981935
101 216395 400753
102 117883 634079
103 667277 308060
104 749075 424465
105 72374 453387
106 68822 407922
107 620490 207945
108 138114 691474
109 258224 365407
110 256061 307124
111 599178 685476
112 27178 239921
113 131752 502608
114 578908 85980
115 56216 192452
116 701161 446528
117 876717 687708
118 49406 393238
119 793254 269756
120 555892 195106
121 114250 813282
122 748643 77980
123 333137 614427
124 846392 397277
125 272925 985944
126 244640 239711
127 166324 170647
128 280773 769866
129 524036 430175
130 584673 274039
131 514806 479319
132 868572 877267
133 339137 255540
134 659278 542509
135 874808 523687
136 845081 860947
137 92481 270116
138 62483 359466
139 519152 856530
140 959148 361885
141 978572 148733
142 501306 782176
143 677645 221842
144 577955 999449
145 348570 793866
146 733959 250744
147 394948 32204
148 350025 253302
149 720800 478526
150 15497 973670
151 95274 989862
152 438128 911039
153 7372 95907
154 738405 384148
155 493001 58931
156 191911 524586
157 81604 790807
158 540080 264062
159 84370 836367
160 527241 85834
161 534739 180752
162 527012 901137
163 428412 855218
164 422818 181441
165 262744 966576
166 621060 135003
167 363528 900216
168 169974 453985
169 67128 710498
170 242096 413583
171 137471 741587
172 472207 262736
173 259126 553207
174 723731 493810
175 603792 494807
176 830484 539358
177 215782 48920
178 352610 960271
179 626334 537911
180 741065 553386
181 28778 27906
182 142052 79417
183 921459 450323
184 52378 818868
185 531680 986873
186 540330 590559
187 232575 32434
188 255349 995380
189 964969 478091
190 548527 468141
191 228884 884906
192 440376 709357
193 937797 593154
194 992951 284110
195 978757 719650
196 401606 248260
197 178818 255222
198 873253 546911
199 509012 439773
200 7386 263746
201 588237 245640
202 945283 135650
203 265922 945578
204 98982 506424
205 111123 759455
206 967319 342223
207 559154 21414
208 151780 780518
209 849088 886829
210 206163 374548
211 941311 612605
212 811481 267934
213 398636 294689
214 645276 96925
215 766512 309771
216 896398 458545
217 366967 789071
218 500821 886661
219 325751 418961
220 557577 157278
221 744066 106121
222 77946 604208
223 778339 789001
224 436779 910883
225 856586 578564
226 901635 412087
227 673261 697615
228 367348 129692
229 878672 156211
230 634828 379261
231 619827 680021
232 948847 953844
233 15389 861197
234 264276 954946
235 243075 362778
236 343738 938204
237 30243 627599
238 472913 529224
239 939344 113866
240 900586 268944
241 416016 489064
242 462096 387250
243 689944 216376
244 509697 413122
245 773682 639624
246 622384 370805
247 175886 194798
248 813540 805861
249 75878 450346
250 131295 249115
251 849656 322913
252 10296 587642
253 162547 412570
254 949990 286010
255 7671 150971
256 619994 465549
257 382528 995204
258 756876 249021
259 504134 754048
260 140304 209527
261 785319 813929
262 823650 993959
263 513122 20825
264 927908 442601
265 465052 60342
266 579233 653334
267 106194 749615
268 648949 950467
269 106536 466892
270 630374 440922
271 712242 755649
272 272818 564155
273 854305 808455
274 547154 181926
275 681675 792714
276 877952 633277
277 985294 70952
278 669881 196321
279 216718 260680
280 938692 212080
281 306033 483097
282 655635 566749
283 438728 864345
284 192731 818373
285 140898 948420
286 701867 322207
287 72372 347590
288 331574 152041
289 828635 752697
290 324078 316800
291 804107 667227
292 503908 252972
293 754308 96135
294 997698 539445
295 310887 784604
296 757735 288163
297 325993 681953
298 739055 390034
299 683276 925227
300 232580 702263
301 979820 794457
302 857848 364874
303 988606 210725
304 129368 732321
305 316644 573745
306 198622 677272
307 949793 154087
308 454344 17870
309 157104 973681
310 827694 48693
311 181068 267504
312 585792 438635
313 968600 907409
314 464359 707497
315 358984 120849
316 22673 96313
317 436053 750332
318 118177 126835
319 717434 349821
320 798627 736438
321 939031 24016
322 711751 262193
323 603536 490230
324 702370 887358
325 713353 831645
326 925675 975778
327 566243 111731
328 679590 883506
329 358404 107515
330 246697 861770
331 493290 779547
332 933693 580206
333 634713 174606
334 965520 687600
335 550551 964114
336 315499 269745
337 260328 996048
338 123018 205290
339 701261 474060
340 759044 85093
341 549005 356843
342 460800 497213
343 627559 243125
344 162619 855847
345 115618 943571
346 161314 29834
347 799270 834513
348 420938 669285
349 763688 715702
350 139174 398246
351 788969 228310
352 128314 628260
353 282640 568831
354 514977 69029
355 484172 436464
356 720887 502557
357 991896 303125
358 700456 463456
359 980277 99180
360 159267 965428
361 410917 249817
362 548425 152305
363 175144 87189
364 141431 632068
365 713408 554187
366 690312 632231
367 989888 322579
368 364206 46448
369 364946 157675
370 796756 164103
371 262848 63439
372 696579 150190
373 532653 911496
374 481408 646964
375 659368 333748
376 527854 131619
377 2294 584987
378 707933 156738
379 238421 805735
380 264053 236192
381 203884 357302
382 272273 320069
383 173616 657448
384 805977 841706
385 770471 788959
386 982047 333312
387 439811 825519
388 437573 279297
389 247523 963438
390 444371 18406
391 848768 335696
392 368014 477216
393 350302 333010
394 359958 669819
395 148963 706758
396 240470 523240
397 387204 7797
398 182055 929536
399 623627 871059
400 712616 253356
401 663973 517970
402 202593 640961
403 484979 192158
404 763605 525078
405 234685 374923
406 796779 568601
407 656771 557295
408 995722 680643
409 970097 264475
410 138013 244079
411 33820 934918
412 129089 517115
413 124986 464076
414 130719 798849
415 340539 245415
416 515692 722445
417 728752 69448
418 221626 280166
419 678924 810718
420 481494 669658
421 362912 95482
422 531806 904883
423 672937 305551
424 394151 870089
425 882810 717979
426 798817 824777
427 530520 467201
428 737663 941527
429 789217 133144
430 419335 204813
431 513234 952887
432 43583 565026
433 12010 701297
434 36795 751888
435 884358 690170
436 286492 100008
437 381665 420034
438 445262 209043
439 404398 661887
440 779451 183458
441 674858 997574
442 379514 135726
443 732181 562805
444 678861 163726
445 57438 520329
446 243370 927035
447 926359 791324
448 383165 262904
449 713817 111771
450 459621 463893
451 901153 732263
452 90637 699351
453 43120 801242
