NAME : portgen-485-3998816
COMMENT : portgen N=485, seed=3998816
TYPE : TSP
DIMENSION : 485
EDGE_WEIGHT_TYPE : EUC_2D
NODE_COORD_SECTION
1 118358 80062
2 245414 647235
3 950785 499620
4 530538 695352
5 248743 835024
6 444978 745566
7 216308 471039
8 638788 920464
9 952422 488982
10 523610 127348
11 525656 57696
12 62977 610008
13 340265 777041
14 369167 147659
15 644210 496835
16 450236 272694
17 418750 357122
18 231050 238194
19 732205 628327
20 976174 165932
21 604249 204151
22 634232 19613
23 765193 408279
24 495345 436461
25 185558 985490
26 23359 735703
27 129193 805628
28 860462 845663
29 661312 888292
30 416184 712590
31 767415 902211
32 719178 82811
33 230774 240826
34 111333 196694
35 705845 230508
36 425119 515961
37 303423 538119
38 103988 789953
39 928503 257349
40 749546 494602
41 115729 480875
42 731475 931619
43 729420 548025
44 553516 335938
45 126347 990224
46 126860 535511
47 922481 745666
48 740812 88287
49 900728 96112
50 915625 975240
51 479776 237996
52 686914 690956
53 869760 542484
54 4227 197573
55 76207 312436
56 292146 325373
57 761945 425960
58 585730 231904
59 979729 973511
60 341998 142487
61 340098 15220
62 281069 730605
63 750731 187123
64 829046 612466
65 668358 561503
66 785725 730929
67 181141 437109
68 202455 790356
69 718930 305514
70 345889 497516
71 568296 580005
72 993939 983860
73 650125 111639
74 254441 191876
75 994935 553689
76 259240 288261
77 427753 354121
78 189514 748847
79 56854 249805
80 488501 79404
81 823554 698712
82 851684 578691
83 744140 712141
84 331433 778084
85 775834 474090
86 977462 787852
87 978575 788309
88 883246 51836
89 587467 926948
90 541090 1883
91 130268 579241
92 123965 588954
93 737949 87012
94 879244 602449
95 692969 490313
96 458922 940845
97 529680 871798
98 520054 780443
99 601429 205630
100 100613 598288
101 524172 327493
102 650785 993052
103 423420 679999
104 164296 838799
105 616171 102502
106 869603 454404
107 556835 998188
108 620481 882709
109 169032 979885
110 58637 963697
111 110712 125803
112 677471 177545
113 949918 649968
114 137067 985523
115 364889 203247
116 887540 748667
117 310776 438588
118 132280 675864
119 22406 125777
120 968472 855240
121 917979 899359
122 543812 729272
123 379601 333119
124 263374 352134
125 921880 870085
126 643376 615905
127 840740 897366
128 710748 775504
129 16717 212197
130 860771 747556
131 657593 38519
132 870326 760931
133 184522 970243
134 910592 827563
135 618586 287361
136 619335 816898
137 58004 188551
138 320321 494806
139 285062 780104
140 466797 174413
141 633251 924869
142 124751 617333
143 545653 849021
144 878340 549844
145 254066 162036
146 765271 194842
147 507190 681110
148 235904 101081
149 841354 355260
150 408951 884794
151 48057 483269
152 885337 747467
153 236834 718506
154 491154 223407
155 351712 861727
156 897163 466872
157 958130 698735
158 982284 462750
159 531328 189216
160 525026 83440
161 128889 555331
162 418612 733792
163 239304 136065
164 931560 310537
165 951717 601814
166 3652 61654
167 428391 605069
168 277249 166379
169 966738 426016
170 635049 82903
171 317692 689124
172 24818 170625
173 33146 209940
174 776230 773397
175 441806 99839
176 169520 530816
177 403542 807136
178 881142 986403
179 54877 280267
180 470217 70455
181 751767 65137
182 588358 268809
183 544034 208039
184 442054 787505
185 665588 772344
186 686520 757931
187 747410 425187
188 913920 598073
189 151789 611476
190 852649 252900
191 81187 651293
192 840320 881262
193 850047 938514
194 473295 159582
195 61035 69210
196 724324 179233
197 760427 862705
198 396383 559761
199 941714 599630
200 256705 435073
201 58151 164754
202 920747 188905
203 18651 518226
204 690495 522279
205 957088 942627
206 513107 895295
207 219232 401006
208 346130 572533
209 304710 725653
210 872426 984273
211 266325 842423
212 530799 230515
213 714192 521766
214 837183 558504
215 406535 395693
216 907577 629509
217 654387 910022
218 739793 185892
219 432061 439313
220 535132 277514
221 633804 747642
222 287156 76761
223 802885 881901
224 648433 529911
225 148512 874616
226 722578 383209
227 193095 861012
228 527495 428641
229 510366 10725
230 449111 832759
231 86165 251181
232 987147 679574
233 308823 765464
234 608139 142470
235 598121 464228
236 924099 774798
237 577141 997809
238 261695 883115
239 649328 669787
240 703019 285551
241 11399 826457
242 109392 573775
243 309527 656395
244 642362 974813
245 601198 974328
246 577752 289590
247 841192 70904
248 353414 859005
249 170501 289346
250 815066 919769
251 232573 978646
252 826892 862960
253 863216 896120
254 273817 619319
255 551484 871100
256 786279 535553
257 409526 474782
258 255006 796574
259 409989 916242
260 326159 449817
261 594963 318792
262 327404 678351
263 231654 945453
264 947905 714180
265 134592 365574
266 609298 30008
267 118302 831919
268 499271 475846
269 416930 634609
270 318769 512953
271 246405 726119
272 648653 151381
273 379365 258960
274 962186 162840
275 839249 407960
276 911100 456320
277 154754 449491
278 310471 202564
279 860343 994973
280 363688 387369
281 479190 639207
282 300550 38531
283 624694 60159
284 886899 258145
285 95417 996046
286 834388 247149
287 76993 918198
288 538717 138642
289 164038 877912
290 367879 29090
291 85110 952932
292 350491 747222
293 886384 970091
294 729458 79771
295 207224 439112
296 588947 158785
297 539192 322722
298 678565 999256
299 649126 730454
300 612664 240722
301 94921 84273
302 794960 810159
303 322850 958167
304 105829 407531
305 563107 340380
306 473106 780571
307 787748 924576
308 798422 320404
309 100014 977827
310 359966 625437
311 411033 156444
312 645480 854694
313 901124 750114
314 452188 266834
315 595348 580549
316 32813 756507
317 314805 27499
318 555983 304538
319 165184 425914
320 948800 565979
321 870076 751631
322 719805 581787
323 28078 432502
324 513304 684497
325 421597 928450
326 547068 382292
327 135106 32114
328 207908 338414
329 769468 767461
330 254175 18311
331 792982 679914
332 458730 997127
333 470304 721475
334 60766 205960
335 896498 365919
336 807099 415517
337 556229 431515
338 78368 28741
339 21338 613366
340 646785 562710
341 980646 684726
342 12658 577036
343 787567 352899
344 297776 317677
345 557195 834508
346 243772 959224
347 529416 582880
348 758879 454559
349 195401 288290
350 503418 999337
351 411163 899938
352 37711 858887
353 947804 862341
354 369633 558069
355 244547 855009
356 40638 451790
357 210266 419667
358 774539 833758
359 150497 875850
360 238248 15744
361 526073 772475
362 702541 897161
363 954756 907161
364 377805 697341
365 483710 216027
366 659107 463269
367 368819 791776
368 522071 528855
369 474460 592991
370 802497 953808
371 202402 421926
372 79429 541450
373 308434 471296
374 256682 632255
375 628124 851718
376 76754 498059
377 804579 287391
378 340229 947894
379 531119 245935
380 336815 418949
381 387881 776642
382 755572 290738
383 652606 618711
384 372361 668816
385 111232 303242
386 577076 518241
387 247725 386529
388 938990 28014
389 967896 415150
390 556931 6861
391 376041 131870
392 360525 64761
393 828146 882465
394 707696 78080
395 139169 903360
396 156494 805644
397 481758 499254
398 376732 684160
399 174200 692899
400 602459 280420
401 503400 841531
402 75324 621262
403 475676 944883
404 137533 739818
405 459245 457764
406 240198 453038
407 106765 433455
408 262455 582236
409 294883 256318
410 914005 968446
411 444511 679461
412 66356 830812
413 799841 735544
414 442917 626462
415 910852 994107
416 890480 228077
417 955904 99167
418 766663 923003
419 25104 927070
420 802305 245909
421 587581 451377
422 164074 170723
423 458848 477032
424 739287 650946
425 699412 641188
426 241243 547737
427 782047 608352
428 389939 275323
429 885627 976156
430 854599 552673
431 919779 210463
432 937512 213336
433 870182 788820
434 288963 936041
435 974606 785422
436 842949 643937
437 556906 272817
438 727202 896773
439 897414 458004
440 440872 524518
441 849917 466760
442 771863 358179
443 74327 680016
444 290564 742568
445 228985 977842
446 634039 89062
447 952463 16883
448 402959 943644
449 894471 891256
450 443521 562075
451 579618 281282
452 210074 174893
453 791270 774483
454 775874 423867
455 534024 709922
456 984759 143059
457 747171 876756
458 918634 830716
459 258000 920629
460 810376 926538
461 894348 397707
462 492520 412531
463 205804 561667
464 433863 382012
465 481546 952719
466 120899 473546
467 923980 730949
468 539759 706858
469 719589 895106
470 439544 243611
471 422016 369934
472 932191 302446
473 83494 236332
474 596542 539931
475 811078 841292
476 509781 512459
477 409709 490802
478 441175 106072
479 357302 479124
480 635134 84412
481 54893 880767
482 984323 290412
483 287906 614824
484 210867 444724
485 793262 682302
