NAME : portgen-475-6595928
COMMENT : portgen N=475, seed=6595928
TYPE : TSP
DIMENSION : 475
EDGE_WEIGHT_TYPE : EUC_2D
NODE_COORD_SECTION
1 355499 313512
2 220408 681813
3 999219 180816
4 51219 858503
5 494951 167077
6 807513 403280
7 906067 923075
8 462917 780031
9 227037 511971
10 938880 255448
11 840289 741779
12 706770 980625
13 817904 385997
14 163888 172755
15 558857 334384
16 10600 360323
17 944072 395595
18 840731 488697
19 874917 613738
20 467671 243426
21 401752 325211
22 69507 6946
23 90430 315561
24 155107 741007
25 954498 199936
26 717480 66167
27 210021 663717
28 655820 995176
29 369440 824812
30 841081 510522
31 305898 437480
32 390831 251524
33 765324 482301
34 333772 899121
35 832645 147355
36 624923 486029
37 557472 738943
38 537968 774121
39 531758 43052
40 324805 822728
41 16557 339075
42 331674 48335
43 28485 573120
44 969491 692547
45 630270 358430
46 154924 975795
47 781093 320316
48 618502 915722
49 767738 330564
50 468978 316308
51 783803 112054
52 416202 131770
53 183379 378404
54 734493 161686
55 635232 82699
56 25684 676892
57 194542 482650
58 355597 330102
59 656386 70515
60 633022 849602
61 714562 3208
62 430143 516336
63 363552 512868
64 69826 425702
65 555563 159563
66 39628 370072
67 407820 242105
68 797043 339664
69 144533 849023
70 692737 698382
71 916733 898976
72 59525 780668
73 643868 151716
74 545652 264757
75 956763 105633
76 845896 342036
77 775001 309414
78 276680 413730
79 704234 174097
80 334726 843715
81 233871 885470
82 468948 936849
83 165965 126707
84 617367 413874
85 838782 203881
86 784450 391629
87 113751 527388
88 3706 372526
89 228207 120729
90 239656 949821
91 808634 895728
92 90976 711848
93 925692 154157
94 901123 470971
95 76139 670336
96 722296 730658
97 10240 488855
98 913932 525104
99 785224 532136
100 776962 271341
101 923509 424923
102 25100 6941
103 296999 950167
104 251059 63152
105 383722 122522
106 512607 233262
107 97957 664389
108 121418 503212
109 875230 980093
110 22916 640861
111 341483 85231
112 636912 567441
113 280371 359527
114 366528 106810
115 230389 53538
116 121467 165054
117 737007 117133
118 437214 575372
119 797770 426586
120 590429 422479
121 278927 921030
122 448054 435277
123 328853 637065
124 93746 442798
125 208484 554405
126 158575 678414
127 301746 723423
128 149874 758455
129 687916 907967
130 569727 721626
131 152396 824472
132 472723 961242
133 843595 591577
134 785207 662680
135 335536 484353
136 409466 432431
137 771608 468511
138 482286 663068
139 783484 913489
140 417566 521916
141 671611 458561
142 537082 508762
143 901142 296994
144 692331 775765
145 273537 845637
146 790164 135090
147 91049 106076
148 13013 846495
149 149421 979543
150 952991 665784
151 853580 180256
152 25232 686567
153 882794 700013
154 141331 792984
155 822280 852880
156 66124 912150
157 634429 724090
158 931462 17305
159 733422 366646
160 948228 997100
161 442155 805664
162 709688 669752
163 630772 229209
164 407199 85041
165 585717 782272
166 521737 990500
167 91208 564686
168 455792 759460
169 824131 812992
170 577299 883837
171 563571 325684
172 827536 276437
173 403481 984499
174 425402 421297
175 475303 783804
176 439296 64380
177 393825 170719
178 144046 863079
179 89048 460545
180 230775 123333
181 875882 328338
182 215684 938443
183 289308 740439
184 84614 357992
185 320608 946963
186 591903 312125
187 891343 164423
188 557803 377775
189 411838 538969
190 525706 767692
191 140160 946653
192 854265 462383
193 906390 193399
194 774816 152765
195 275377 715352
196 674845 466139
197 492383 630336
198 291933 251445
199 434341 663112
200 718633 25705
201 572660 886432
202 895590 707610
203 643643 492643
204 210114 931442
205 264329 950647
206 88263 936283
207 185168 515423
208 448488 409742
209 835954 585347
210 646509 37863
211 306098 421501
212 639358 294903
213 374303 705470
214 416535 183732
215 520780 65160
216 167660 480396
217 274640 575058
218 679429 203877
219 761485 338842
220 13895 496647
221 357444 189468
222 506255 237514
223 409253 253344
224 826781 197480
225 256033 586463
226 834910 250608
227 142332 653473
228 858044 92263
229 611792 320532
230 28181 439765
231 731157 871272
232 917547 767681
233 593203 898794
234 430028 947654
235 106169 195143
236 582961 638473
237 329314 60046
238 202953 55490
239 279168 985885
240 436858 282039
241 93678 96002
242 155551 81014
243 334002 296388
244 562849 506958
245 981855 780634
246 773849 813830
247 232672 818751
248 913685 718970
249 860154 446208
250 34560 353763
251 974175 840896
252 760622 973994
253 492784 738907
254 95057 61317
255 319470 561656
256 529414 104833
257 338676 247547
258 665916 917327
259 638599 98795
260 853996 874232
261 38640 983819
262 913093 752405
263 220968 742065
264 877851 355320
265 567261 464045
266 960432 217851
267 666414 875201
268 752624 988844
269 757326 908004
270 415098 416675
271 657788 464054
272 652962 107623
273 741993 790030
274 900737 480267
275 597783 171619
276 841118 504833
277 878946 570514
278 393330 756324
279 174481 885420
280 221369 503939
281 981581 187053
282 646219 902794
283 903868 65360
284 451871 231053
285 505553 875885
286 16589 158332
287 501011 682376
288 33113 533806
289 104872 342578
290 359074 464643
291 567584 992431
292 133950 63322
293 482464 773379
294 571631 763619
295 971333 687263
296 536973 526272
297 402450 539212
298 400086 499455
299 963042 970585
300 74509 208186
301 685157 558158
302 121192 133140
303 604035 848687
304 370883 815624
305 88050 619951
306 184693 410861
307 914086 534105
308 966966 455308
309 784602 107007
310 502708 404412
311 102318 481286
312 156543 297367
313 190728 458430
314 37140 367871
315 78341 184426
316 162923 289247
317 254528 739123
318 279950 156722
319 78344 599844
320 96356 27156
321 988776 464624
322 260911 566921
323 584945 55687
324 369728 105083
325 348484 941655
326 462315 595170
327 892243 890083
328 45263 395909
329 303630 382068
330 853189 447312
331 770342 771038
332 719268 60893
333 631174 720068
334 149950 347165
335 949160 911278
336 85579 679519
337 758523 561053
338 942096 507147
339 589042 266460
340 252104 794818
341 154800 655071
342 514681 631029
343 414083 391884
344 569979 193634
345 107949 559881
346 6772 731179
347 650684 185077
348 941577 309257
349 706101 699857
350 624824 77798
351 466644 103268
352 852979 553665
353 786855 807243
354 80488 261214
355 476000 653378
356 825930 109996
357 274119 293307
358 440539 39163
359 120354 534191
360 119316 321917
361 13967 450092
362 722340 871362
363 444634 982310
364 826540 204857
365 774198 134853
366 426658 327828
367 790460 598725
368 968887 44803
369 380952 221374
370 190489 374920
371 271530 35787
372 74317 786031
373 545914 556680
374 8838 779322
375 740442 959266
376 482716 501243
377 925659 489971
378 651139 138815
379 312808 254253
380 584778 742051
381 426291 859114
382 70724 101079
383 381848 790142
384 35678 488087
385 747393 883859
386 30324 341032
387 793749 160050
388 839200 512723
389 524432 232369
390 220222 305818
391 669502 572287
392 620079 32146
393 708561 567544
394 257104 689380
395 216877 178744
396 9125 892864
397 473980 306630
398 344595 930498
399 242038 914267
400 946831 33190
401 32247 776468
402 559099 434623
403 289764 910429
404 881164 893513
405 781409 83595
406 881711 623428
407 37375 406033
408 732926 533426
409 385134 764093
410 756484 451349
411 548104 121411
412 541256 714203
413 851612 253855
414 781932 359125
415 870286 928771
416 631559 630919
417 450960 136627
418 424107 46073
419 534911 214046
420 299220 175135
421 182409 493010
422 932896 765527
423 630640 887714
424 351608 759776
425 455018 90740
426 148565 882913
427 43981 18060
428 401631 401327
429 325508 422472
430 10516 243690
431 375518 667118
432 594292 606274
433 901185 388700
434 690532 271848
435 775392 845211
436 181817 625357
437 309075 665743
438 302784 665190
439 77430 523195
440 312572 450284
441 928346 359460
442 348608 626595
443 553253 964440
444 36627 844686
445 235441 35406
446 355541 263063
447 438654 454008
448 993317 557051
449 183935 267152
450 462743 965450
451 810284 828413
452 447204 4733
453 162393 789105
454 534305 417385
455 464807 437190
456 364700 480822
457 187030 975110
458 888149 112454
459 228464 140283
460 612956 344134
461 204765 423380
462 809104 809941
463 34927 353404
464 178153 304341
465 503350 513678
466 130885 660044
467 58388 875382
468 85584 447524
469 172429 373498
470 738446 440798
471 735976 896343
472 231730 891307
473 830640 932160
474 453958 628712
475 419081 639913
