NAME : portgen-560-216280
COMMENT : portgen N=560, seed=216280
TYPE : TSP
DIMENSION : 560
EDGE_WEIGHT_TYPE : EUC_2D
NODE_COORD_SECTION
1 302669 96087
2 165740 969638
3 733042 156390
4 98853 287070
5 764069 752898
6 301852 512795
7 734486 658311
8 207668 337834
9 931139 767406
10 228591 850444
11 941291 197772
12 533339 506186
13 85802 864136
14 932258 185354
15 247528 668579
16 613661 559282
17 36271 365049
18 655012 25739
19 105932 823870
20 583525 743633
21 913377 114950
22 347678 487085
23 439011 87316
24 615109 839161
25 509029 664115
26 471667 431891
27 773409 490524
28 985109 743386
29 59815 800691
30 314626 707302
31 50458 274983
32 703544 20435
33 839520 186901
34 165116 247401
35 219299 120351
36 722724 91978
37 258376 564476
38 378777 509400
39 424363 42815
40 521077 342415
41 804320 131567
42 870727 540225
43 618121 338678
44 855737 15836
45 525528 468110
46 860622 858530
47 604570 463174
48 20909 821399
49 856573 783202
50 108307 929611
51 662953 572293
52 318084 166614
53 859795 340099
54 561163 233183
55 872402 646430
56 887648 43979
57 275162 846516
58 846680 191927
59 670412 240370
60 999526 18121
61 330327 381914
62 139093 289687
63 457397 150430
64 773893 91762
65 704681 38677
66 948236 191179
67 170413 874646
68 454767 760340
69 856404 24211
70 693545 426193
71 668265 615367
72 16310 507406
73 137783 478708
74 719437 314883
75 5776 870478
76 47505 764810
77 78521 69630
78 981374 471773
79 401880 443437
80 711846 99454
81 483694 536951
82 539638 446208
83 978165 272281
84 27669 767756
85 708732 367971
86 472490 355529
87 234593 129047
88 970615 565516
89 303392 69463
90 308313 985624
91 748549 330456
92 379916 605226
93 554982 411285
94 651540 724204
95 896480 182485
96 732671 88648
97 315479 325573
98 953703 312735
99 380773 887262
100 536790 572267
101 175315 649973
102 6570 20152
103 121928 717049
104 384894 473294
105 514647 570088
106 820233 677676
107 546957 529361
108 366783 395046
109 221471 214065
110 492505 665430
111 891507 140406
112 230965 136465
113 192655 822516
114 348959 214441
115 7118 253566
116 180621 830097
117 554816 738224
118 165390 70873
119 783498 850554
120 238443 159936
121 189814 437475
122 231699 231049
123 290978 592264
124 857683 179013
125 132918 131187
126 963775 166332
127 880143 283224
128 391645 345217
129 95157 268345
130 854761 51055
131 933550 534339
132 234851 354710
133 380274 382757
134 445977 315907
135 238382 774518
136 537363 42457
137 81147 361317
138 701655 725175
139 260263 947740
140 744819 847437
141 727358 80614
142 359679 956063
143 320015 646281
144 595246 200105
145 357949 782633
146 624896 467590
147 612172 463924
148 622573 147356
149 356328 870381
150 529394 565803
151 332001 909942
152 434193 285480
153 403829 883161
154 806652 924080
155 963208 745364
156 749971 895051
157 910396 72128
158 426159 465960
159 922167 770926
160 732136 232918
161 26429 575595
162 786513 672579
163 442517 627420
164 608263 795666
165 957488 818494
166 918522 336183
167 984532 999455
168 97465 832306
169 170217 287551
170 529904 854055
171 724113 824319
172 467968 125031
173 756203 49300
174 681076 939592
175 21407 995152
176 539092 560661
177 912893 710899
178 647280 995817
179 925410 434738
180 188014 571522
181 712943 519101
182 394175 109153
183 21250 925652
184 427082 785364
185 315924 376858
186 784883 982575
187 749519 736984
188 693825 465767
189 662701 75614
190 25298 446699
191 702010 173525
192 607652 385965
193 105551 399421
194 942007 875378
195 978205 171813
196 405224 384852
197 971626 153045
198 69171 741538
199 74799 730984
200 431205 290435
201 386599 605462
202 914293 574707
203 293142 365566
204 953009 526927
205 605348 247859
206 53810 50031
207 456532 16200
208 166297 328090
209 547474 241130
210 39982 279711
211 850852 696097
212 354159 25488
213 990258 179421
214 68281 174812
215 443842 328259
216 512758 135773
217 470265 777439
218 392889 651979
219 716993 591451
220 219668 777460
221 851947 700877
222 835396 698493
223 320961 709126
224 30693 946137
225 162786 889750
226 673257 899987
227 287142 102945
228 777677 250826
229 135196 136854
230 181818 641162
231 648573 361558
232 307259 827887
233 395912 352933
234 214634 758039
235 695239 457171
236 297397 601336
237 78343 150231
238 606454 950865
239 408954 251213
240 247810 739432
241 44224 931427
242 992994 802679
243 679686 151199
244 828513 642378
245 381527 39956
246 437344 958954
247 896211 762497
248 480063 250610
249 622533 685164
250 92039 370095
251 300171 779479
252 698327 423354
253 845525 741830
254 906993 484463
255 423259 626478
256 422312 492817
257 755326 141862
258 203817 689619
259 465347 544762
260 347823 145301
261 730399 529469
262 665999 325143
263 156999 517917
264 903009 654989
265 304706 864624
266 43871 924491
267 827954 621332
268 317120 551407
269 176100 851132
270 598861 990066
271 685852 283751
272 294555 236225
273 309556 907875
274 292954 571067
275 605497 962146
276 347601 967544
277 380458 227414
278 326224 375680
279 951525 76994
280 106233 294117
281 565729 55860
282 885601 433192
283 940626 138560
284 198262 519100
285 832305 295942
286 396664 894279
287 939264 385677
288 797700 762855
289 149011 438585
290 998919 781319
291 566392 826014
292 548756 10588
293 298894 988011
294 38889 394761
295 680705 178560
296 353144 656999
297 18826 302918
298 593401 791572
299 344486 908877
300 438525 546701
301 758863 854369
302 572147 824178
303 395753 521586
304 418788 369869
305 928519 338212
306 336790 556763
307 396288 927673
308 940973 908729
309 37034 582683
310 839790 149054
311 794074 289384
312 80575 285604
313 537078 542295
314 322132 115086
315 989923 276113
316 344066 779142
317 510065 660706
318 444528 9628
319 429725 621082
320 69615 390165
321 950976 456206
322 554970 531651
323 384486 63759
324 576424 733222
325 765840 51106
326 469439 229400
327 918953 162411
328 202634 979721
329 344303 911440
330 379650 386124
331 91860 797705
332 300254 538354
333 387236 880584
334 1793 864636
335 543187 877213
336 332305 303811
337 816842 788684
338 679614 564673
339 370430 918163
340 82969 557357
341 197992 410691
342 735435 603799
343 184252 546361
344 478888 971710
345 273470 563943
346 7835 565088
347 77895 192401
348 57859 647165
349 639363 766285
350 852037 819812
351 693328 658261
352 650252 208482
353 853113 58748
354 493964 315154
355 978159 656273
356 500833 372592
357 637969 815706
358 378289 526772
359 719809 107852
360 480494 740070
361 241220 235507
362 12599 723374
363 183885 674043
364 653558 608359
365 935571 620865
366 70708 55276
367 940004 426696
368 56523 825399
369 772721 919729
370 225509 657480
371 826551 371035
372 491215 533399
373 322723 772327
374 552489 354520
375 8516 383815
376 993606 31003
377 830714 231171
378 749103 638052
379 718256 223556
380 151959 27714
381 286026 574235
382 89645 320678
383 829721 129797
384 881377 104570
385 492983 605962
386 974282 365288
387 99336 96678
388 746464 210217
389 404793 781427
390 974271 545832
391 955787 430002
392 456400 907856
393 334839 496473
394 965630 619325
395 596974 926725
396 944022 668151
397 426746 619547
398 683198 461262
399 271699 394536
400 786935 112506
401 367534 771062
402 380249 462684
403 428028 563603
404 574603 922857
405 896332 252629
406 672421 98930
407 626581 225233
408 83692 617874
409 147488 470097
410 637480 368458
411 858098 486840
412 317635 380476
413 238428 203219
414 985039 636652
415 668650 182861
416 635614 481935
417 885094 721641
418 873410 856856
419 803420 231167
420 824164 716964
421 348984 495532
422 981845 228515
423 68627 457182
424 350516 46269
425 381119 479978
426 476223 635047
427 725886 604074
428 476892 885598
429 885968 658608
430 589273 571172
431 760182 343435
432 98693 179367
433 903644 176889
434 117085 398065
435 156606 626509
436 267357 101219
437 88978 157502
438 892235 223051
439 760953 713560
440 903584 352829
441 317251 326430
442 47378 97477
443 422678 292178
444 383241 705726
445 817996 696521
446 739770 405354
447 74560 197654
448 449606 247765
449 406554 824343
450 336280 845575
451 696228 636955
452 142684 28290
453 162726 149792
454 587668 628409
455 181395 184713
456 502356 180241
457 840611 892752
458 831401 354827
459 268874 901038
460 729761 655879
461 770335 292742
462 61785 311030
463 930281 630402
464 958535 60688
465 994775 742442
466 635383 132544
467 532165 718870
468 850472 137010
469 485819 154626
470 266075 67850
471 23303 482203
472 975965 162117
473 926186 447028
474 343569 763529
475 267373 819204
476 289230 345865
477 829567 593837
478 210192 563684
479 104790 423813
480 177817 25715
481 663973 433042
482 362333 113545
483 161410 20153
484 204275 678493
485 966566 384373
486 11258 505345
487 633665 910556
488 366649 424469
489 463174 467947
490 100838 366596
491 525611 534721
492 882871 969059
493 78469 202340
494 770210 418619
495 557460 830318
496 932735 807325
497 188060 881701
498 56591 517958
499 848538 65409
500 795468 501716
501 983853 875621
502 662691 900776
503 293593 754508
504 462994 860507
505 515368 7851
506 793473 686171
507 866353 347498
508 92980 856647
509 244982 480631
510 56954 643452
511 171615 138866
512 883025 464849
513 400520 135636
514 842653 732888
515 616963 612140
516 961475 602667
517 952578 92986
518 573123 839439
519 668368 535372
520 876079 221822
521 957358 289579
522 361665 914007
523 658703 793869
524 924300 723210
525 481181 920954
526 675304 115650
527 448445 183327
528 540241 381186
529 923042 569704
530 327653 454153
531 86140 927622
532 984428 293546
533 50493 503894
534 324506 952345
535 688794 299111
536 932346 521771
537 999449 135999
538 968147 55964
539 690420 699697
540 924608 19333
541 212593 272948
542 405234 162810
543 525999 33852
544 618238 659032
545 42493 69228
546 514933 716022
547 846577 576967
548 289475 435586
549 290129 225665
550 945859 602739
551 103448 224603
552 798602 461848
553 708361 402356
554 710415 285635
555 657328 506388
556 762947 264010
557 527211 258424
558 939219 370118
559 81044 407460
560 4071 614906
