NAME : portgen-546-7732775
COMMENT : portgen N=546, seed=7732775
TYPE : TSP
DIMENSION : 546
EDGE_WEIGHT_TYPE : EUC_2D
NODE_COORD_SECTION
1 620593 564916
2 54780 192822
3 960629 777311
4 865193 568858
5 305819 467283
6 688655 989356
7 501662 364851
8 29874 814729
9 521733 515156
10 820801 830830
11 265091 265895
12 477112 13491
13 797586 566439
14 439500 472128
15 902174 420323
16 105103 185173
17 23046 272529
18 225379 892269
19 898036 148958
20 626872 403586
21 916470 87125
22 491052 913858
23 911757 787678
24 609465 231380
25 561355 966830
26 488133 108004
27 506717 497476
28 799218 435419
29 541869 782251
30 967442 68360
31 879275 716234
32 941985 902233
33 550813 601529
34 498303 587804
35 453093 242195
36 205263 290353
37 953800 853970
38 342697 157087
39 759177 979636
40 214273 362166
41 24570 657248
42 504685 833813
43 541048 388869
44 243187 120813
45 721716 623849
46 393965 310231
47 695864 384676
48 198322 626117
49 133324 637082
50 571161 754670
51 28500 629828
52 17106 199189
53 942260 830884
54 603319 672903
55 956428 410349
56 192232 421056
57 60535 343592
58 674394 569043
59 20369 557309
60 703910 924695
61 468205 861221
62 16642 698423
63 213695 575435
64 273246 754611
65 911709 511812
66 553768 86273
67 23208 803924
68 169934 603514
69 596713 161092
70 159419 972004
71 368499 685878
72 416902 797020
73 155644 532744
74 293589 997441
75 170980 622887
76 352871 378712
77 725372 59349
78 200901 942226
79 606619 213182
80 29254 338746
81 234171 442226
82 513484 984423
83 41849 506354
84 4153 263514
85 187948 141650
86 275454 22928
87 386328 81022
88 571824 89493
89 135849 957293
90 497521 271469
91 968815 60064
92 725357 572963
93 277640 111541
94 572789 38784
95 762074 663580
96 599361 333198
97 973144 17768
98 696549 345571
99 299549 335880
100 225196 66150
101 396894 336295
102 499920 899511
103 654072 292807
104 653354 152408
105 781708 89360
106 369437 567834
107 451107 365674
108 739385 900973
109 469082 495715
110 287874 696278
111 206804 668272
112 38318 121797
113 744755 939158
114 523007 486817
115 426950 279016
116 436138 983440
117 175585 408161
118 902031 400980
119 608956 359683
120 833577 376667
121 642459 77073
122 750910 65796
123 456775 931088
124 294880 851346
125 273013 757390
126 822563 812732
127 908929 946179
128 630012 413454
129 160710 91759
130 997479 253091
131 683850 293671
132 318831 405040
133 446900 292363
134 816923 385311
135 908898 808297
136 606092 617735
137 222702 530483
138 873715 394072
139 759343 92138
140 491785 331301
141 778448 431248
142 489337 173858
143 595166 142466
144 664609 770544
145 961260 609668
146 584056 223645
147 450784 25279
148 770574 24723
149 854370 220427
150 192080 62702
151 171744 202742
152 359561 941712
153 978942 391315
154 323394 735070
155 351013 487545
156 748845 390166
157 130498 387811
158 669035 460205
159 842886 293551
160 634466 422176
161 437992 596496
162 193230 846195
163 636552 403350
164 258174 280990
165 551541 482399
166 70677 24272
167 741124 4239
168 582456 388281
169 300749 101526
170 504823 134961
171 299579 371057
172 136077 539084
173 171675 987559
174 30415 604589
175 388727 367224
176 766549 573380
177 668886 709680
178 992025 147472
179 461617 355322
180 359255 590660
181 90565 221868
182 230247 216052
183 187965 377787
184 254088 591414
185 216135 681475
186 429790 238297
187 904824 267241
188 655627 864612
189 927610 483549
190 854170 489080
191 941732 902852
192 921734 960880
193 391834 848809
194 794024 525071
195 816273 204668
196 134193 709335
197 885390 823348
198 705171 61282
199 466233 868836
200 883457 307063
201 59949 546865
202 750418 899647
203 425491 863697
204 651645 708005
205 317846 143215
206 353447 936545
207 539048 154587
208 456467 381230
209 336478 406899
210 510881 126683
211 911553 385252
212 707956 909072
213 621526 882924
214 487879 5176
215 841750 791929
216 212966 219605
217 165702 710954
218 135632 5186
219 363803 767147
220 504413 10603
221 512330 387125
222 14190 689590
223 293114 748941
224 1378 976317
225 201822 822246
226 573403 461056
227 27085 91527
228 94096 840344
229 381162 39463
230 764014 420304
231 499893 884498
232 203591 307243
233 630884 966321
234 922355 849458
235 861472 707526
236 379852 360160
237 205077 688635
238 553280 450497
239 358166 616429
240 814975 781181
241 501761 448415
242 241162 421445
243 292036 328467
244 16013 858459
245 80069 169310
246 82831 514345
247 905674 796887
248 630751 152170
249 182048 325555
250 136309 842617
251 390774 384948
252 161342 420640
253 320484 124987
254 219894 605640
255 799490 765628
256 824330 522703
257 959393 594704
258 337473 985547
259 978824 406704
260 676491 478714
261 784273 596800
262 713148 18855
263 316751 994903
264 198818 784437
265 368150 428293
266 230602 752526
267 816938 49346
268 956850 979058
269 489021 646457
270 83972 306488
271 349643 609308
272 181968 601355
273 385037 486030
274 801196 886818
275 480135 635848
276 953352 397611
277 957404 708016
278 612014 638247
279 568009 111995
280 463789 341425
281 635965 573436
282 521667 493002
283 415985 215022
284 340734 358038
285 209666 851442
286 184351 92005
287 926568 40643
288 525362 386662
289 639395 5132
290 406841 678503
291 426893 86822
292 320648 26724
293 792327 657165
294 230858 323936
295 633361 741828
296 638323 130982
297 436790 232529
298 122137 257638
299 682739 141325
300 75992 998375
301 846634 796064
302 479977 801632
303 208955 866529
304 76963 930679
305 915689 954848
306 407389 244073
307 478633 721960
308 703101 504983
309 136645 289138
310 370864 158346
311 532282 199409
312 282046 211291
313 4807 388287
314 612027 124936
315 831687 658833
316 309698 708716
317 89443 451992
318 271114 182820
319 608188 598687
320 323623 287344
321 520520 941720
322 953071 475015
323 209546 438914
324 848936 225499
325 227721 733849
326 645611 557803
327 309637 417159
328 688676 137918
329 706620 27985
330 530517 26135
331 258340 478275
332 607056 628345
333 434328 465668
334 291001 3618
335 512414 264187
336 656046 911146
337 61416 637015
338 512735 974478
339 889772 864886
340 522615 866889
341 681666 584041
342 594418 805552
343 400492 831423
344 101659 461097
345 17664 805445
346 891819 604570
347 86273 59435
348 631297 609373
349 880304 316056
350 962279 235067
351 549141 984049
352 702883 360832
353 52183 61569
354 963385 504084
355 16666 857253
356 36258 245523
357 10321 725072
358 134316 653770
359 392001 547620
360 997047 824954
361 585364 974944
362 41338 277346
363 715045 671996
364 208263 700583
365 584831 451165
366 11093 385687
367 848220 665362
368 830630 436143
369 573720 869346
370 671236 746722
371 439421 554039
372 464050 192709
373 220080 916874
374 563231 808926
375 344390 959301
376 401110 179720
377 731224 511113
378 223973 163454
379 135829 37521
380 530201 616039
381 487848 94038
382 832847 269943
383 417831 482219
384 781472 817612
385 504991 217441
386 90538 583075
387 203230 37746
388 423844 405644
389 243719 530224
390 53372 551591
391 536167 170741
392 170382 968792
393 963317 917054
394 552840 578276
395 247530 348411
396 654670 756108
397 364354 453795
398 656183 856346
399 350808 426303
400 768864 814435
401 673155 33006
402 755553 792798
403 423133 230368
404 9337 762432
405 547796 306918
406 610613 557552
407 789990 181790
408 961369 731740
409 729684 379052
410 613760 561485
411 131411 355169
412 48747 690555
413 544285 57532
414 827521 410432
415 614612 193475
416 396306 481286
417 982428 746454
418 940977 978614
419 380750 988591
420 7422 231576
421 187370 173787
422 964516 686044
423 217000 299501
424 707360 673798
425 909509 598651
426 28824 940376
427 811691 575388
428 418129 191868
429 50578 9099
430 851820 444519
431 849617 20745
432 755010 316220
433 119548 436825
434 593036 103946
435 964790 661868
436 24379 55886
437 469542 15108
438 532660 191035
439 543478 473358
440 272426 352416
441 6954 818421
442 558611 170093
443 343858 375560
444 726276 666207
445 626905 504151
446 385578 276804
447 23801 345554
448 207196 131483
449 704245 949407
450 153383 25964
451 756022 234001
452 401371 557093
453 591696 210403
454 381765 641597
455 231530 42568
456 465592 384370
457 382194 347669
458 58940 572812
459 996944 409456
460 109023 988065
461 732580 643628
462 950562 938825
463 905845 790378
464 654514 912449
465 423412 322257
466 809269 901880
467 241828 229858
468 886824 622584
469 436226 210941
470 111152 771045
471 378616 316820
472 557184 638840
473 771571 741950
474 326242 84976
475 439708 416818
476 476968 791796
477 525995 831126
478 216695 854142
479 992172 171513
480 670268 969112
481 774176 170823
482 530445 460484
483 663951 148772
484 827185 743354
485 576097 316990
486 246570 911968
487 969747 692205
488 511096 940783
489 117632 119435
490 722130 51703
491 798205 483001
492 242180 454299
493 548080 638446
494 371435 781344
495 565906 738051
496 795398 692872
497 634844 794161
498 524475 466648
499 347072 864979
500 127743 830787
501 624317 206807
502 362845 388005
503 618612 993966
504 549616 71696
505 283045 578248
506 482706 210828
507 605606 932217
508 173714 81303
509 535979 736283
510 936008 197303
511 801700 962206
512 615610 745310
513 692673 39763
514 549122 581742
515 73592 517129
516 391167 45936
517 836389 143881
518 568996 587376
519 877395 309962
520 280585 466776
521 102467 635152
522 845335 368602
523 936351 833191
524 77262 889533
525 101488 484712
526 917525 765330
527 791386 610614
528 439619 578380
529 370417 218964
530 819008 31236
531 116571 239653
532 791110 816269
533 475781 847554
534 365492 237003
535 995866 340523
536 4041 646445
537 634794 451295
538 279777 36370
539 170820 4995
540 305690 114292
541 669345 330158
542 762733 42356
543 400557 151514
544 254825 20120
545 668100 721441
546 221884 640391
