NAME : portgen-560-7564371
COMMENT : portgen N=560, seed=7564371
TYPE : TSP
DIMENSION : 560
EDGE_WEIGHT_TYPE : EUC_2D
NODE_COORD_SECTION
1 237306 155095
2 331434 905240
3 377928 113230
4 518521 225061
5 952458 494842
6 590439 440201
7 490960 39423
8 260563 976643
9 432288 949737
10 886076 197967
11 447757 561526
12 18951 739865
13 89123 209785
14 687952 716909
15 23922 926951
16 566468 760005
17 977924 71654
18 827120 715552
19 423996 555271
20 105892 508660
21 877167 47855
22 788047 791875
23 106058 751956
24 370711 539775
25 302149 256655
26 149504 540984
27 248241 299215
28 658539 477300
29 177170 259779
30 78120 662376
31 689234 963250
32 119168 443797
33 617674 542583
34 652153 699084
35 933364 508606
36 605931 892512
37 647588 629421
38 48462 906773
39 313284 719735
40 81326 611823
41 32614 428172
42 638789 361546
43 237717 603218
44 640837 534127
45 453979 284536
46 63399 724911
47 621906 597285
48 902728 984654
49 400266 158626
50 743413 199285
51 438671 650975
52 458449 690325
53 224040 721332
54 902194 886695
55 61497 55321
56 836463 643043
57 805800 793583
58 598976 964322
59 341343 521882
60 541069 633020
61 142316 493526
62 955671 734079
63 69935 954956
64 434063 957263
65 405381 327130
66 4578 426589
67 658238 26005
68 775359 389571
69 622371 845206
70 762569 273394
71 261875 118954
72 993058 820958
73 142219 569872
74 769240 887827
75 527350 947772
76 550591 443003
77 753245 416282
78 194706 12082
79 992737 432444
80 914966 834469
81 98960 56988
82 124125 788102
83 793445 717509
84 649985 984841
85 651364 29103
86 195082 453516
87 994531 593296
88 82429 699313
89 740281 539388
90 539373 57853
91 962218 1618
92 42296 570911
93 228170 947590
94 302464 870135
95 232559 57850
96 739585 637530
97 193841 733465
98 78312 808359
99 124422 399761
100 738529 442906
101 829591 229851
102 348453 469497
103 985553 548972
104 400706 182333
105 188112 247115
106 709617 122602
107 199885 857115
108 94883 461429
109 863146 390659
110 709790 985086
111 593086 250224
112 246311 208458
113 199512 965230
114 105062 525034
115 607742 533456
116 298606 557947
117 351276 292257
118 348235 839616
119 801732 185181
120 476028 766740
121 84444 911804
122 160344 247472
123 464763 489361
124 391219 985382
125 533953 113081
126 703296 599388
127 792018 205073
128 144299 271644
129 878575 56195
130 121262 145936
131 747239 215525
132 706305 421372
133 162671 797813
134 962257 952413
135 392352 605522
136 70210 877763
137 856706 596708
138 281790 993698
139 458205 41237
140 64158 927868
141 86655 48866
142 403772 461806
143 786216 83080
144 851641 929903
145 129586 550422
146 877359 849319
147 792829 870505
148 696529 206680
149 55098 563636
150 965682 471065
151 31155 349981
152 921224 606085
153 26426 654430
154 195615 330212
155 418857 61219
156 420002 948671
157 926609 570840
158 268577 897920
159 422696 835799
160 724843 955991
161 742714 398621
162 986730 921286
163 574366 720229
164 956539 250620
165 570281 627360
166 798082 127993
167 622379 2939
168 507865 137983
169 122257 832932
170 193228 888296
171 660384 15841
172 205060 173595
173 807707 478738
174 862588 871542
175 296139 976299
176 250140 804477
177 993354 338321
178 672982 903162
179 727601 918284
180 98219 888443
181 532172 362683
182 136983 530561
183 400834 404160
184 743611 753013
185 763132 789839
186 35331 551154
187 539660 748543
188 705850 938236
189 405266 648409
190 248304 671203
191 992627 38255
192 152401 681838
193 95187 435399
194 991009 91818
195 602104 103705
196 394371 369243
197 69799 403389
198 852965 109229
199 476181 456517
200 467745 869470
201 73471 214179
202 623237 624935
203 983671 211885
204 652076 311515
205 243134 237582
206 912153 635783
207 316179 994514
208 494071 162928
209 292883 733594
210 677596 291604
211 927979 287094
212 285268 893661
213 716367 821151
214 927916 914724
215 764871 493964
216 286160 93751
217 405274 10722
218 759050 356844
219 722075 157887
220 187767 932258
221 142515 257414
222 414221 310499
223 175726 107277
224 83975 176137
225 687021 31813
226 181313 561456
227 691645 973780
228 583310 979720
229 808905 612515
230 865885 626827
231 489810 494188
232 123748 310875
233 95067 654738
234 221561 5679
235 818787 386794
236 78953 116746
237 46573 645782
238 110291 366522
239 595448 311487
240 310351 736647
241 12245 315401
242 48838 138044
243 4154 791971
244 970002 94398
245 915654 104311
246 135283 716395
247 339099 800973
248 853305 25769
249 210841 768439
250 200208 809203
251 511828 772487
252 865786 950373
253 19568 865911
254 512618 553601
255 969625 791338
256 9717 714506
257 696860 761573
258 491543 773414
259 155089 322774
260 457570 69297
261 443896 453121
262 805471 9584
263 874965 306465
264 250959 96199
265 626214 244379
266 853904 41847
267 341861 519012
268 726930 297739
269 618540 287264
270 646500 230740
271 636881 647228
272 636828 846356
273 660415 682161
274 910924 329515
275 926007 546839
276 774809 114642
277 142224 955828
278 955299 469981
279 430625 346773
280 223443 721828
281 247370 225353
282 907100 738885
283 154456 362489
284 77678 850503
285 101158 809381
286 862489 825574
287 396766 910731
288 294488 329253
289 310897 849642
290 54284 404984
291 875840 904186
292 872756 904385
293 997008 628550
294 134746 602976
295 364555 364441
296 220061 768037
297 186106 837119
298 368250 811307
299 250461 726096
300 551868 331161
301 371264 61281
302 275230 521023
303 670998 870623
304 241886 237839
305 958819 326749
306 335234 827649
307 982217 859002
308 501767 479333
309 39247 69981
310 370634 343149
311 112028 351581
312 298634 769997
313 438117 801207
314 550343 875743
315 239732 423864
316 87367 73058
317 890823 727535
318 69749 48190
319 921968 13753
320 402618 517675
321 589303 64765
322 232342 21406
323 252412 868479
324 469402 416109
325 399001 567043
326 260964 374718
327 486364 128003
328 243793 298206
329 170458 547695
330 451274 622808
331 948655 228132
332 835220 441144
333 737445 270469
334 595307 960811
335 606589 633287
336 9931 623137
337 670979 803591
338 82185 737310
339 865217 170631
340 526203 139911
341 630749 2647
342 424468 616924
343 475209 859235
344 237837 449679
345 990089 799280
346 452883 961156
347 407164 769330
348 507743 966165
349 393785 428750
350 939221 515102
351 3262 298771
352 889905 259090
353 936293 258316
354 950249 869439
355 652793 384558
356 60369 720778
357 557605 651994
358 169924 987498
359 820967 65890
360 933400 771279
361 876684 166556
362 21589 91486
363 630025 711160
364 733232 411889
365 867298 823868
366 787060 995778
367 517837 141644
368 79542 909971
369 445041 772474
370 447000 487711
371 38267 171946
372 516279 218810
373 922596 286327
374 939566 315678
375 139304 796583
376 232933 981895
377 561452 115353
378 728041 7483
379 780933 748261
380 179548 26321
381 813274 177774
382 422439 165082
383 346291 888422
384 204499 338795
385 729398 883597
386 47931 505289
387 926586 136816
388 538345 894788
389 605104 906236
390 363444 622542
391 930226 984970
392 232341 840976
393 10593 609286
394 573338 352754
395 795353 191119
396 705471 106246
397 43076 563402
398 439780 532977
399 245360 379462
400 680464 27807
401 681222 33330
402 952233 516762
403 866357 247962
404 749554 720475
405 104759 118755
406 434145 428178
407 952907 988428
408 320849 707028
409 134698 859036
410 725302 813313
411 643062 825036
412 658331 701590
413 202374 14601
414 553056 409824
415 270459 290383
416 145233 884628
417 801477 244688
418 188396 502047
419 32063 243912
420 520126 303565
421 474587 714302
422 627452 982039
423 548057 880435
424 447915 341486
425 361028 425179
426 979921 835536
427 109003 390081
428 882573 796594
429 231852 707544
430 328365 364309
431 215899 505642
432 200349 801194
433 644168 719842
434 800726 970867
435 440371 440414
436 259113 793211
437 498007 300123
438 833392 807525
439 716033 268250
440 819016 405779
441 782748 845512
442 81458 906150
443 74483 639591
444 684278 283
445 600520 468554
446 701321 61195
447 803541 79712
448 44451 681375
449 216294 327329
450 148647 740531
451 164402 179664
452 522470 955249
453 642430 134408
454 754077 202853
455 315597 242982
456 112315 231569
457 107023 859810
458 662987 154704
459 702100 120637
460 756742 962792
461 503547 473396
462 822220 699839
463 276012 79448
464 270741 542758
465 657692 698983
466 53448 513179
467 952652 576034
468 293463 551178
469 738488 221647
470 243162 919779
471 937490 563641
472 243540 637728
473 965006 227925
474 238974 103701
475 803699 965003
476 410634 673536
477 669637 449663
478 687083 651222
479 227012 946435
480 661785 91251
481 395920 532429
482 959691 395818
483 305491 548674
484 988028 469294
485 894803 435062
486 915729 598398
487 316937 791739
488 552158 830011
489 803759 372556
490 12755 624789
491 852436 324305
492 880973 566440
493 303063 521018
494 553488 556834
495 270542 744789
496 563150 269194
497 326844 808099
498 4049 339092
499 246703 451801
500 85570 134995
501 424165 866418
502 90946 178909
503 112566 86328
504 792562 103196
505 146600 166065
506 97733 670178
507 675892 916996
508 528101 126725
509 205585 151591
510 391769 966399
511 301970 536227
512 383723 759808
513 10896 49311
514 507452 138027
515 679172 465830
516 37448 700562
517 225955 846690
518 527056 182258
519 648412 963977
520 38339 176337
521 315432 401897
522 165065 304143
523 442818 26922
524 885470 567035
525 797202 954738
526 831639 108675
527 772628 619740
528 97547 723603
529 640462 244255
530 651853 930307
531 437915 828585
532 64856 970263
533 850632 695836
534 505112 371749
535 474177 501178
536 241255 638549
537 354388 437030
538 134759 193294
539 763599 763983
540 662261 287293
541 408848 263197
542 486174 748864
543 27915 208862
544 635705 255692
545 996058 831220
546 677145 276663
547 489799 537160
548 935081 676883
549 47508 728034
550 169384 249523
551 263323 121486
552 904774 509909
553 545889 568442
554 622501 23763
555 591825 888684
556 87897 384769
557 248197 820633
558 253162 161251
559 338785 527696
560 35181 173749
