NAME : portgen-466-1270445
COMMENT : portgen N=466, seed=1270445
TYPE : TSP
DIMENSION : 466
EDGE_WEIGHT_TYPE : EUC_2D
NODE_COORD_SECTION
1 296255 954028
2 694337 888026
3 426662 864216
4 76080 428710
5 456884 892435
6 897605 961812
7 953909 375774
8 462006 736664
9 599737 184941
10 561851 287763
11 456145 784923
12 659447 756862
13 547022 324589
14 65821 328015
15 76536 79755
16 915918 601112
17 901778 74559
18 661539 676898
19 654498 748134
20 955027 635544
21 901127 483935
22 317050 391041
23 373680 134161
24 625162 62917
25 844315 69897
26 548521 573236
27 932642 834789
28 179874 695142
29 52249 619778
30 226486 749763
31 209718 327946
32 473683 821340
33 991308 413670
34 644762 562867
35 2094 327845
36 111501 536819
37 340625 491953
38 739241 882909
39 852280 824658
40 576988 851879
41 272340 446043
42 101529 326772
43 870036 587972
44 127429 80438
45 83251 247869
46 32136 91630
47 746040 627181
48 524043 364307
49 143309 825096
50 651799 490771
51 281880 800504
52 485929 992436
53 797556 102477
54 471707 605869
55 964752 591901
56 567713 971810
57 536526 978616
58 717626 118087
59 581905 846501
60 297297 627000
61 270360 819665
62 911067 511322
63 45965 310996
64 50890 348189
65 694397 636764
66 411202 246410
67 859905 985087
68 284165 300530
69 909517 122912
70 609145 751949
71 6067 280927
72 783141 456250
73 977509 212470
74 180562 234717
75 581216 213046
76 313416 795120
77 130698 15035
78 79569 35469
79 940599 500841
80 708270 497025
81 192959 348794
82 996724 212803
83 585834 286786
84 188668 80275
85 1107 505156
86 937524 347187
87 265284 84250
88 313584 475240
89 688967 896032
90 431753 10495
91 370397 550048
92 639918 197371
93 443804 62407
94 249686 647102
95 399252 997379
96 111861 829241
97 121805 103989
98 814424 658879
99 15642 698890
100 142666 502268
101 523503 284529
102 802964 570720
103 842648 763368
104 155201 933327
105 571230 17161
106 785782 293496
107 101589 710891
108 385163 363717
109 226988 892734
110 398378 926954
111 271143 489777
112 937608 498838
113 981652 652995
114 544223 694563
115 241602 550215
116 320039 755639
117 324802 414592
118 224713 76901
119 448459 929027
120 812207 80086
121 835419 356952
122 248723 472297
123 726236 622084
124 891632 622966
125 122336 161429
126 114656 321078
127 457288 592450
128 182229 767864
129 959727 388371
130 346007 765747
131 314908 226174
132 121120 491143
133 181741 428830
134 44772 629291
135 984655 763079
136 472084 604021
137 770398 236949
138 812298 950064
139 32488 345158
140 316609 213788
141 693267 155851
142 348556 475854
143 235307 93864
144 634519 833659
145 232850 795882
146 32128 819167
147 944371 49127
148 608001 231397
149 586553 11774
150 659999 776171
151 589595 546474
152 306357 908547
153 468161 958805
154 972522 981434
155 357143 88364
156 133344 126067
157 155521 550124
158 733619 495741
159 281802 71992
160 883141 950344
161 842276 32998
162 969292 208483
163 173483 925609
164 297664 861850
165 768787 853492
166 977541 51054
167 988014 228245
168 80443 567199
169 330 798431
170 742235 739565
171 812061 562526
172 950517 282506
173 953606 999129
174 849875 735888
175 875643 682391
176 933732 724703
177 242986 806506
178 798630 538541
179 558460 78112
180 828103 900961
181 958474 174090
182 239199 617577
183 276302 570818
184 175549 873014
185 596518 734489
186 645865 545914
187 196348 200749
188 16611 117573
189 790011 162785
190 409853 634942
191 367149 219552
192 33746 867826
193 895018 803450
194 811855 370436
195 951942 509625
196 391650 127315
197 201913 7745
198 93699 266147
199 366178 749768
200 265894 836033
201 209118 687090
202 326034 240701
203 315242 714180
204 690956 375160
205 911488 995179
206 726686 188024
207 126169 318477
208 509311 831158
209 972177 231453
210 523877 10155
211 204639 425781
212 607120 760485
213 525371 958775
214 219879 955647
215 885506 302431
216 426616 414851
217 251296 414674
218 908256 179125
219 93382 715269
220 358514 63859
221 831272 580401
222 846558 941786
223 304986 965868
224 520195 441427
225 482374 134924
226 46267 410531
227 864261 963463
228 409416 794266
229 435793 911360
230 332444 136117
231 620797 975687
232 16645 847629
233 163906 146284
234 341465 184383
235 13491 543442
236 310963 530749
237 749078 388953
238 963888 794108
239 561519 643657
240 351069 731104
241 522982 308519
242 623202 749389
243 681634 450929
244 398205 403667
245 250767 761972
246 837659 908999
247 701777 815071
248 752895 300523
249 831323 457604
250 977897 510877
251 404349 876538
252 90358 751270
253 611941 737747
254 787328 114872
255 281828 958486
256 396061 32125
257 660593 570472
258 298457 711798
259 273909 201573
260 94733 863383
261 314960 883860
262 206485 502613
263 139093 434424
264 440390 997808
265 777012 226140
266 6779 446647
267 361828 392582
268 335043 490857
269 647926 52729
270 450931 969836
271 177020 196631
272 308934 387384
273 447011 953799
274 702513 199163
275 675978 318470
276 860132 833514
277 680592 751757
278 504098 957702
279 514710 697776
280 416226 121084
281 89821 734599
282 663940 311992
283 781466 199429
284 723191 273208
285 123461 344658
286 9284 74745
287 525595 776262
288 3251 481446
289 203267 454728
290 998515 181391
291 919714 742614
292 581582 655927
293 136318 272180
294 782706 49835
295 611115 135614
296 767665 374717
297 929268 106273
298 960551 102274
299 671036 532671
300 384133 965565
301 750531 247785
302 200648 494587
303 398756 117517
304 251932 24665
305 615438 231918
306 174995 464874
307 86660 280612
308 353418 715104
309 805331 557667
310 351440 679192
311 528392 190519
312 889075 157896
313 594127 761499
314 874097 31008
315 377506 885733
316 229513 178602
317 839289 766597
318 6395 454840
319 655954 300969
320 302508 421214
321 466848 225039
322 698394 931923
323 607221 577145
324 485641 771372
325 512146 199052
326 228177 640028
327 155165 498399
328 736051 571929
329 408495 434050
330 488191 943915
331 461563 950962
332 722156 194223
333 765069 949956
334 766479 154736
335 673390 776273
336 229462 33959
337 45521 152388
338 451015 888364
339 35354 390675
340 421844 22197
341 353003 440046
342 542816 433590
343 424170 278550
344 456445 645066
345 1527 56439
346 688361 501217
347 627578 526235
348 191752 432889
349 179517 546006
350 480908 718856
351 541791 94966
352 349527 489948
353 846048 788130
354 97211 721574
355 74229 457501
356 115483 763428
357 432523 431752
358 255554 960346
359 323383 195921
360 2471 332180
361 770438 220472
362 673828 954534
363 234481 134496
364 684431 555573
365 306339 662884
366 791153 313780
367 316446 964343
368 906714 589574
369 7523 111064
370 178036 463823
371 955166 260524
372 642595 669347
373 286000 467888
374 827388 673044
375 291753 57256
376 748457 623944
377 239667 818023
378 927703 228010
379 778519 385184
380 583234 256474
381 780607 986147
382 543537 610405
383 502334 854959
384 120833 763175
385 145752 787665
386 132957 650338
387 904167 945214
388 583722 146494
389 980805 855804
390 26830 6471
391 355976 299246
392 972339 49865
393 882277 805006
394 770243 706040
395 462008 51754
396 468741 244347
397 965312 390370
398 330866 304827
399 356356 697380
400 85624 139506
401 487083 971584
402 646214 285282
403 701279 449210
404 651605 189802
405 935746 122697
406 457767 72478
407 923176 531479
408 787733 536259
409 20834 153166
410 279538 197506
411 498603 423453
412 677550 6245
413 300582 161372
414 4124 618885
415 243934 134512
416 494888 791003
417 920057 904133
418 548704 283497
419 376070 440859
420 262131 346018
421 784171 617076
422 426501 264502
423 553150 45287
424 566797 959066
425 89788 169493
426 300703 737470
427 453445 951112
428 644617 696080
429 51526 742081
430 736578 417782
431 73139 210745
432 927670 589728
433 338526 840690
434 645977 658673
435 978329 742445
436 969461 61768
437 63378 110045
438 896803 761132
439 970007 726437
440 361628 604502
441 109846 262043
442 882307 826152
443 61372 284143
444 863332 330329
445 565607 708013
446 637520 717396
447 462530 519686
448 376556 722402
449 553697 316456
450 367698 792018
451 75280 840359
452 597437 485285
453 59647 38660
454 855163 627292
455 889740 360474
456 832747 721197
457 176474 28564
458 780261 355742
459 748215 407983
460 213172 616123
461 286992 329520
462 290975 186311
463 667165 129102
464 464331 578092
465 50397 858142
466 905969 342715
