NAME : portgen-433-8569836
COMMENT : portgen N=433, seed=8569836
TYPE : TSP
DIMENSION : 433
EDGE_WEIGHT_TYPE : EUC_2D
NODE_COORD_SECTION
1 947584 554173
2 720397 276293
3 178519 326218
4 987929 619955
5 56352 723629
6 138099 48977
7 64976 480454
8 147657 625047
9 234446 718096
10 534666 275719
11 799692 351839
12 716111 549664
13 331951 866879
14 615959 190042
15 301216 658789
16 998083 203311
17 940238 39195
18 713132 386081
19 536933 517180
20 26789 856030
21 349358 363845
22 265766 296931
23 581180 720467
24 982060 818559
25 126809 743613
26 267407 68508
27 519682 387338
28 236793 744272
29 613935 681201
30 563160 792438
31 789285 470748
32 593166 200322
33 374270 774253
34 783211 768044
35 899274 427190
36 642986 415887
37 591286 791052
38 8312 731184
39 832156 328772
40 312871 587678
41 252944 934757
42 626882 508777
43 869503 527335
44 610145 739915
45 664924 938879
46 602869 768888
47 617906 599599
48 213044 933471
49 772559 474713
50 288619 849995
51 888311 653288
52 505688 539130
53 490669 332649
54 441625 10905
55 517834 709457
56 134127 874019
57 16276 624281
58 189568 20396
59 852841 993567
60 987278 440798
61 1694 308497
62 479425 49278
63 538878 989698
64 910198 52155
65 300383 675662
66 289558 821251
67 810937 603414
68 453551 378924
69 918481 2601
70 319208 849107
71 674493 616578
72 752637 224125
73 937184 294372
74 289462 568628
75 60720 223345
76 23273 720403
77 174330 612956
78 560437 67060
79 842350 902274
80 85579 111744
81 414168 439024
82 691696 668727
83 34963 517549
84 121381 792150
85 687096 895196
86 730934 284213
87 932846 763932
88 417525 281291
89 134167 866469
90 488840 471818
91 147347 7924
92 966576 188638
93 261494 850533
94 129554 142210
95 568450 936002
96 257543 126330
97 315504 424012
98 118173 390280
99 683731 988705
100 806599 655893
101 160204 422993
102 79787 588902
103 75998 15348
104 753826 985691
105 351462 709904
106 937505 700140
107 333823 149577
108 854201 287837
109 123520 267683
110 550554 644683
111 833817 132676
112 985550 31203
113 734992 307940
114 204425 343944
115 687934 402177
116 527464 148476
117 515006 778936
118 534312 447207
119 674100 816999
120 334436 973656
121 727012 861870
122 591655 923767
123 102184 124867
124 140779 284301
125 689019 810232
126 185854 339786
127 300771 404422
128 128428 11728
129 907986 300850
130 54589 628790
131 341247 936826
132 651254 377805
133 982891 75634
134 108485 410056
135 47392 729334
136 147058 839219
137 578664 740322
138 458828 494031
139 831904 581128
140 902774 723263
141 399953 903574
142 289355 59143
143 60929 590637
144 497221 137201
145 796045 458678
146 338722 264044
147 769606 605102
148 826597 887793
149 283206 851333
150 464939 608152
151 292962 559650
152 381526 965755
153 410279 282280
154 50431 241628
155 343492 537790
156 514506 770785
157 504805 595910
158 290068 77202
159 167219 46152
160 551207 95098
161 792427 257151
162 945117 439239
163 436371 587407
164 457693 612908
165 330042 176548
166 443600 590276
167 237635 364984
168 208757 629167
169 398769 693444
170 769074 983727
171 423418 451069
172 585993 700947
173 666250 81570
174 318927 330367
175 168730 239190
176 430100 670298
177 521290 288391
178 164552 702686
179 322015 16542
180 756998 781111
181 883510 356986
182 472553 359765
183 114372 63437
184 184792 803858
185 929659 208498
186 758275 836852
187 877421 312017
188 664997 122128
189 735861 656726
190 274686 733685
191 265392 441150
192 855909 548931
193 293037 86613
194 117722 877870
195 250611 145319
196 444374 594910
197 763784 560576
198 225451 586565
199 573648 273975
200 35949 544122
201 345709 662201
202 55680 435044
203 973797 988949
204 814389 972359
205 995353 77939
206 584963 444145
207 765930 611679
208 336736 288599
209 593201 911977
210 134313 527806
211 489789 910816
212 767908 385537
213 862788 96073
214 781172 442376
215 338219 676048
216 307739 763502
217 661372 196747
218 148722 821247
219 675219 244230
220 212194 4437
221 493412 205745
222 743556 722804
223 655530 533558
224 827001 378247
225 697787 129378
226 805393 131271
227 935756 359901
228 236382 582207
229 829 858932
230 286322 152550
231 313729 570158
232 760164 990916
233 584527 379218
234 700588 43125
235 956148 803178
236 461598 214954
237 214189 4935
238 722413 358517
239 975060 408007
240 149155 280581
241 95244 922239
242 156053 185668
243 362318 737580
244 3337 670456
245 612220 769503
246 120658 632094
247 288081 409015
248 542839 278457
249 991555 738620
250 391 297012
251 558497 418994
252 229092 417205
253 34134 883153
254 975218 750087
255 997582 498801
256 578869 330373
257 246711 516819
258 31892 681635
259 282077 351148
260 448076 306069
261 387663 961968
262 42734 659135
263 244680 42603
264 985862 796984
265 970801 839260
266 383299 224972
267 410425 650353
268 701712 764871
269 675528 639234
270 153776 680683
271 455503 652188
272 222379 306151
273 381840 158690
274 589359 628945
275 164334 500235
276 292595 194571
277 767819 161131
278 913713 333525
279 8569 578738
280 715493 269262
281 207625 335983
282 596311 316899
283 43298 926681
284 107993 940559
285 134978 873202
286 92275 653131
287 186813 947841
288 13473 193092
289 194148 881603
290 745422 911155
291 34034 407123
292 81490 701538
293 631635 47315
294 628660 93525
295 607055 775030
296 656877 734968
297 504255 280573
298 588407 802371
299 465374 274538
300 292678 188748
301 964541 707756
302 883523 253179
303 466200 885471
304 113080 66281
305 529496 866398
306 704864 915043
307 971683 940462
308 612385 472656
309 831728 315737
310 728492 240926
311 461306 833455
312 647881 946230
313 908660 384519
314 769608 933634
315 481640 128001
316 80011 127867
317 352106 879024
318 206291 118990
319 435440 141027
320 89153 158978
321 215587 312923
322 365033 366128
323 313724 823421
324 87086 558025
325 371913 203888
326 32763 531739
327 792897 164676
328 108736 836674
329 355649 4499
330 46887 347209
331 450030 972052
332 977127 370517
333 650811 391941
334 550010 605554
335 626738 788963
336 385569 273702
337 943824 524603
338 208163 929566
339 40557 483205
340 837493 71986
341 28869 765109
342 886747 134430
343 677970 107958
344 150739 981589
345 228212 814350
346 568980 829886
347 514289 300189
348 773408 941884
349 369098 840429
350 157965 384157
351 782864 603881
352 720531 299926
353 175019 267654
354 644992 658467
355 486705 777
356 685934 374060
357 776286 232536
358 778229 620144
359 457763 676938
360 597109 708927
361 22842 709581
362 447588 242580
363 6099 781688
364 553171 643897
365 349584 940508
366 284574 382090
367 996499 836715
368 386051 654808
369 988822 654210
370 356200 57826
371 650195 473801
372 384479 519285
373 791507 859399
374 382297 271709
375 294090 991719
376 388712 725200
377 490844 217456
378 99583 400773
379 607381 883815
380 913875 520210
381 278831 990781
382 302266 428879
383 350582 212133
384 989580 257000
385 441028 918830
386 237846 186054
387 382847 605389
388 320214 297641
389 218736 230131
390 142996 605325
391 174307 669356
392 730022 829374
393 661677 293793
394 79824 567620
395 486133 173918
396 665228 731822
397 213182 437370
398 819979 464141
399 90953 779090
400 199071 493866
401 640662 152166
402 128712 688764
403 817412 719356
404 995178 661470
405 555779 805790
406 320948 39760
407 397681 739957
408 854982 547009
409 777599 864895
410 608899 886440
411 121180 210490
412 57929 947162
413 278168 85680
414 57341 694083
415 787976 600858
416 302463 557266
417 674352 337206
418 284377 134546
419 271674 990065
420 974392 114667
421 516193 214929
422 958721 599692
423 52738 454737
424 673892 266019
425 159202 734299
426 406799 396870
427 991113 598213
428 191402 83395
429 477813 791505
430 404387 682866
431 447682 5113
432 687078 441111
433 289596 106019
