NAME : portgen-575-588893
COMMENT : portgen N=575, seed=588893
TYPE : TSP
DIMENSION : 575
EDGE_WEIGHT_TYPE : EUC_2D
NODE_COORD_SECTION
1 464290 99190
2 256471 786328
3 899161 671978
4 79414 946373
5 358395 713476
6 475222 215619
7 99808 795669
8 777074 811110
9 614195 515466
10 426369 814513
11 751387 336404
12 204867 768748
13 981157 41803
14 123546 238038
15 177114 130759
16 91616 878717
17 907498 947111
18 613544 100251
19 440616 66010
20 107905 225421
21 382118 2164
22 314851 779051
23 97927 581547
24 335032 998854
25 517133 934332
26 458683 989604
27 394312 606166
28 65935 585573
29 191692 309359
30 172784 798910
31 231362 13403
32 838467 132974
33 331358 473058
34 900768 320756
35 697741 195526
36 476078 615340
37 998333 492037
38 355830 761783
39 942092 598701
40 702812 395583
41 850111 814186
42 65253 378203
43 899397 78212
44 40250 774523
45 615753 140485
46 199482 119860
47 368268 912379
48 749342 766777
49 3831 822814
50 423221 336144
51 639455 736330
52 296041 121550
53 84221 644496
54 924350 16108
55 706769 987723
56 545322 417168
57 693606 32298
58 599427 111502
59 645135 926087
60 383631 564580
61 469227 77954
62 897535 361597
63 556071 739748
64 319299 876783
65 407815 711333
66 837432 925983
67 891932 715089
68 850260 432942
69 120580 32955
70 778776 787895
71 433077 114162
72 390892 51172
73 671258 121528
74 222324 6670
75 356308 9594
76 447477 127047
77 414998 711888
78 498711 713471
79 844397 580951
80 271289 651278
81 523916 891394
82 237332 918873
83 554646 431160
84 26276 642434
85 361039 477899
86 889177 638464
87 569779 374036
88 117102 342179
89 662956 185646
90 862886 842599
91 895350 738347
92 605493 756537
93 187416 946037
94 688651 973058
95 160443 419100
96 406666 478146
97 671915 300877
98 898717 794613
99 544383 16855
100 934069 329078
101 458572 36677
102 143784 513708
103 114243 709130
104 521554 658460
105 524471 552674
106 24819 871338
107 420508 852188
108 244611 45770
109 219479 936455
110 20156 760032
111 886776 9420
112 708364 31961
113 19326 852499
114 494679 56070
115 259793 407972
116 820625 4495
117 661175 310212
118 817779 24012
119 317838 753305
120 511926 141646
121 726558 752196
122 952902 400410
123 532323 397245
124 769781 639954
125 281550 46218
126 299933 488312
127 757062 526096
128 508453 454077
129 375502 833572
130 695929 90231
131 391291 768248
132 146534 382825
133 826115 272623
134 918435 20098
135 319865 847365
136 275988 579524
137 654904 973937
138 460099 398464
139 252358 182267
140 523507 565249
141 476996 661107
142 360141 169562
143 16681 52376
144 857960 278350
145 484096 545156
146 105577 297740
147 433440 664560
148 865657 147033
149 97292 978965
150 940311 133859
151 144887 587513
152 116447 716301
153 569221 638826
154 128171 587499
155 509415 456076
156 596116 97152
157 349476 150773
158 984654 93550
159 334808 481973
160 517167 679082
161 175331 939470
162 79787 186005
163 702478 688474
164 463077 938603
165 404715 821272
166 270292 664858
167 672851 67430
168 969133 379844
169 311630 209367
170 184908 923130
171 717567 375987
172 761182 805014
173 369824 166106
174 217953 247434
175 962082 177182
176 683955 158688
177 574249 119038
178 863567 480028
179 914662 49016
180 747167 189377
181 327195 918803
182 402591 586285
183 738508 220129
184 335970 544461
185 780948 818547
186 875597 87374
187 519891 339985
188 995126 16642
189 365220 960749
190 322438 222449
191 773812 414061
192 191435 215338
193 494077 351488
194 262267 86566
195 328921 749004
196 43873 767169
197 428419 366360
198 47533 630193
199 856095 421196
200 809888 353181
201 800885 257204
202 924996 739632
203 403369 269894
204 967252 358910
205 624960 512078
206 217761 828095
207 720094 998163
208 145503 560026
209 490384 36230
210 538752 108315
211 364033 914773
212 734573 427766
213 17661 618393
214 162378 780259
215 936615 725231
216 49390 6309
217 335788 810359
218 4688 945717
219 693967 193272
220 69834 934050
221 861103 226036
222 547814 220606
223 384970 129100
224 32595 652
225 348699 429140
226 467815 75835
227 484580 84656
228 303791 794575
229 921416 114636
230 734943 457652
231 575927 773980
232 289076 690909
233 650975 991725
234 280280 499487
235 613192 16403
236 527431 489732
237 687531 109611
238 640500 288197
239 430193 649917
240 123974 223085
241 696976 47741
242 45315 478963
243 149304 275409
244 717233 644878
245 159384 12963
246 665436 194479
247 580080 53431
248 406619 371371
249 538504 438202
250 580106 96772
251 698907 382677
252 876677 125613
253 732163 420073
254 30519 5616
255 935352 28381
256 77341 276537
257 955252 721979
258 792215 381448
259 193900 235644
260 284290 279603
261 453220 842077
262 919381 516419
263 317496 144753
264 613054 561917
265 377448 220426
266 257678 424576
267 714565 95592
268 145743 420439
269 92488 323336
270 686748 767855
271 81509 481589
272 360588 879780
273 559743 823358
274 275097 63660
275 735935 261866
276 758317 976587
277 60754 359680
278 839094 274330
279 668112 781085
280 979870 311723
281 327585 707183
282 318868 167496
283 946872 595752
284 915949 75472
285 162236 968856
286 106350 130240
287 499708 22424
288 521286 476632
289 781323 559701
290 677325 43165
291 476641 831969
292 582047 65724
293 892840 550494
294 105708 547068
295 148720 549991
296 504489 17016
297 161099 717892
298 661504 951269
299 981880 338164
300 358494 83110
301 42035 715396
302 386334 692770
303 785224 926348
304 394540 995029
305 466839 288600
306 168622 121043
307 632364 429878
308 807234 310568
309 546084 600976
310 505991 995602
311 613871 577785
312 716978 79125
313 926821 390954
314 743905 806938
315 237199 594937
316 82092 786294
317 92861 388724
318 874542 355598
319 199604 152168
320 258490 582272
321 4410 504732
322 41077 153118
323 936119 926704
324 300038 81974
325 791070 270550
326 207364 174942
327 100964 763556
328 1018 255740
329 622534 997609
330 818227 429626
331 726743 242371
332 736538 884567
333 284190 663890
334 79966 479245
335 493759 880529
336 10530 464109
337 809905 235440
338 788237 438929
339 476820 953421
340 78107 671081
341 768419 746295
342 988710 807572
343 868194 839720
344 49756 208294
345 104534 210652
346 275631 720359
347 658409 377961
348 571741 540300
349 694826 805636
350 364881 497190
351 449884 346616
352 3867 119989
353 502131 461068
354 186231 293391
355 895361 161297
356 205983 414240
357 893074 607575
358 153994 6384
359 583962 358576
360 312825 743889
361 969063 274329
362 114364 996568
363 430645 663914
364 460242 689915
365 733309 327168
366 252697 183428
367 58060 916809
368 465097 354178
369 853220 381135
370 653578 861810
371 255758 691179
372 895468 360644
373 241588 1302
374 605994 661841
375 947316 907827
376 80058 4911
377 72326 37712
378 244493 266455
379 288556 87057
380 654892 147952
381 607848 805096
382 639813 33551
383 905539 514803
384 518772 532429
385 365987 152692
386 400389 922121
387 411260 404998
388 663831 964152
389 202002 76652
390 752074 164190
391 375357 373184
392 35023 585357
393 719320 447601
394 543615 24508
395 11270 950293
396 835406 320790
397 15148 500885
398 461420 333636
399 279919 490470
400 696813 277436
401 799299 529342
402 909766 783126
403 532469 706873
404 969888 486969
405 318391 796892
406 722839 264048
407 75787 704598
408 312546 287057
409 789948 138928
410 572131 571902
411 234884 28302
412 835616 88550
413 353393 871047
414 12354 628134
415 872528 956958
416 994263 715033
417 758260 955182
418 441350 111309
419 297397 330424
420 272811 432263
421 657653 404687
422 452376 439367
423 715408 807104
424 485173 926597
425 147491 590373
426 321281 651784
427 617941 739854
428 283172 84265
429 771082 954583
430 341775 421159
431 409475 639464
432 214158 886128
433 139239 318152
434 811671 636419
435 989190 505441
436 801883 863350
437 991436 981758
438 250620 583099
439 410360 95762
440 805378 269127
441 99965 57771
442 286358 451368
443 547482 354799
444 500874 872131
445 815943 123197
446 299638 660977
447 341233 767369
448 630379 794302
449 413251 470618
450 188747 132309
451 396743 389411
452 121219 878364
453 490408 263510
454 365426 166572
455 192371 928373
456 583391 898950
457 138640 218578
458 121521 748497
459 298230 446789
460 255749 344936
461 904901 341052
462 447671 856880
463 108697 412471
464 742131 113071
465 491350 987109
466 217673 243788
467 903390 877005
468 685736 201014
469 919130 67780
470 329847 798985
471 56568 54085
472 616382 471006
473 218295 958586
474 213306 484353
475 658671 217908
476 52170 300179
477 979268 201637
478 914636 152955
479 486021 244213
480 192628 289393
481 344380 297646
482 836724 393386
483 871804 529306
484 282568 667634
485 282 162934
486 535191 813877
487 788117 37841
488 292766 604722
489 361783 246033
490 942244 955742
491 926449 497917
492 920443 201956
493 642729 920027
494 407063 510003
495 5200 156429
496 918445 251496
497 67497 166912
498 263793 242691
499 265967 578540
500 178240 613573
501 596802 967272
502 542108 702929
503 291458 554252
504 379735 777312
505 558908 994608
506 745892 976018
507 239012 36198
508 370947 92883
509 230148 669811
510 129593 629112
511 263339 704027
512 489394 386709
513 566132 567919
514 271768 85188
515 746383 738513
516 224986 584471
517 687125 947635
518 209850 950431
519 258904 884245
520 831008 549845
521 689878 737251
522 380409 376088
523 893090 214418
524 762102 680788
525 600779 695873
526 970923 180778
527 832157 439726
528 388586 12330
529 280146 594473
530 493079 341026
531 295347 495489
532 946303 9062
533 304730 8640
534 595608 862924
535 143107 156529
536 330780 549360
537 69031 433719
538 658189 82560
539 871869 49667
540 998122 553802
541 287773 677295
542 592109 405356
543 443166 729496
544 638167 678062
545 642905 201209
546 354822 395980
547 741138 674478
548 219064 140518
549 668219 946689
550 717899 810530
551 342548 712434
552 682665 46977
553 408100 293627
554 588669 426801
555 996560 659089
556 374162 602084
557 951567 291869
558 986204 899367
559 754351 271825
560 789997 164212
561 340420 648918
562 145025 332576
563 813981 618346
564 866694 22054
565 25619 364561
566 493890 445068
567 53107 339033
568 179639 685688
569 725727 300239
570 419152 543798
571 975145 366342
572 888064 478692
573 860788 705904
574 250955 408561
575 860497 600718
