NAME : portgen-413-1760135
COMMENT : portgen N=413, seed=1760135
TYPE : TSP
DIMENSION : 413
EDGE_WEIGHT_TYPE : EUC_2D
NODE_COORD_SECTION
1 909042 458962
2 988949 655870
3 592721 241984
4 861796 174167
5 305115 941203
6 19591 574694
7 14885 406087
8 916543 955888
9 856965 568209
10 909404 271461
11 560041 609848
12 454340 832703
13 805430 478540
14 518563 960273
15 690886 812916
16 884388 639321
17 480730 694785
18 227558 311293
19 988447 828955
20 699109 49431
21 668759 109821
22 538971 502498
23 343199 762273
24 316770 606728
25 353928 428391
26 591412 560340
27 246668 586947
28 43931 269721
29 978232 294163
30 428312 281428
31 253537 32840
32 475057 255683
33 272444 909770
34 35723 512387
35 62887 154270
36 639118 250237
37 214280 481012
38 680049 999701
39 363180 867393
40 788771 535709
41 500308 224400
42 531960 409458
43 559379 851547
44 164263 225046
45 422341 317787
46 275569 476059
47 766067 544839
48 410312 418522
49 895541 57958
50 822448 343497
51 399093 449376
52 817956 818219
53 928083 367012
54 28379 837210
55 27567 192384
56 105458 753186
57 871822 110524
58 5858 777478
59 266773 930218
60 845370 853921
61 14229 977765
62 689938 719390
63 755176 189742
64 432280 396060
65 552929 313036
66 971322 525969
67 839825 596387
68 430250 747121
69 352577 421436
70 403599 781901
71 584774 234045
72 379675 568419
73 303558 297804
74 786121 46677
75 789663 220570
76 986242 499480
77 505029 509412
78 372174 873123
79 609550 221569
80 387968 180962
81 14434 606943
82 433610 245666
83 607609 871412
84 373511 303402
85 806965 708054
86 991356 220095
87 140554 624800
88 867679 514748
89 472735 180526
90 347215 882052
91 580191 210711
92 8091 371966
93 298601 364379
94 92359 594159
95 988778 558838
96 373610 49175
97 614470 695545
98 790544 364678
99 93490 754875
100 700740 788810
101 825068 605595
102 699461 907611
103 640378 775531
104 491388 133062
105 210810 7795
106 780764 15391
107 232790 829130
108 807352 965259
109 992472 738065
110 455122 242930
111 777922 618636
112 602662 18155
113 882986 385761
114 520634 232943
115 984421 92148
116 23360 339673
117 969715 339420
118 101288 564800
119 977920 178961
120 564614 333342
121 371906 354294
122 139036 745847
123 780915 754973
124 446512 596314
125 812558 404782
126 844044 860546
127 770453 608591
128 765449 485394
129 635879 360041
130 806322 75578
131 797610 312427
132 568447 877467
133 635888 426469
134 876354 486942
135 48214 52378
136 518746 396158
137 925506 50340
138 398886 917375
139 848182 994070
140 252705 397591
141 749882 160592
142 426620 908843
143 294537 710933
144 771226 92247
145 703531 674818
146 688446 490977
147 130746 512236
148 814596 975748
149 428788 88696
150 346961 863539
151 906791 452441
152 343608 414967
153 654899 683451
154 433925 861610
155 314053 54516
156 714168 543631
157 656510 131504
158 387131 306632
159 181680 56210
160 62871 660139
161 997681 787658
162 139981 184674
163 145586 66304
164 52549 510539
165 395440 715434
166 483450 986572
167 680017 198188
168 683423 206250
169 504082 295116
170 521711 987905
171 529252 715015
172 29376 43391
173 677137 900788
174 350996 946071
175 366649 748291
176 923199 918249
177 693255 631527
178 380089 920219
179 772424 145420
180 731544 448649
181 179369 138809
182 339899 326148
183 525264 999153
184 514255 613118
185 454366 486343
186 955636 235609
187 689561 314579
188 736940 79431
189 94402 508454
190 804585 225367
191 293879 907128
192 778994 946791
193 536064 344641
194 646673 353868
195 672924 684269
196 691994 890964
197 840749 35367
198 32268 293643
199 25453 714796
200 306451 597705
201 806386 842542
202 141486 141281
203 454411 16070
204 139254 746464
205 95462 35448
206 273546 418556
207 472495 47274
208 756654 288404
209 298059 304531
210 293879 231621
211 973699 799459
212 306666 856661
213 679957 113094
214 94122 548279
215 860168 720869
216 940177 347937
217 412991 769136
218 951821 875323
219 434633 731720
220 190136 247659
221 46581 342141
222 59988 441303
223 710570 892534
224 584297 984088
225 355410 919174
226 199520 477174
227 854628 585582
228 657528 458448
229 429550 372349
230 189460 579088
231 581437 407533
232 556328 847802
233 988866 931404
234 358567 31192
235 336704 864119
236 704107 313971
237 949120 374705
238 32100 496524
239 944831 721083
240 199133 221508
241 683543 721773
242 358819 281079
243 139431 532643
244 791609 565189
245 780270 20417
246 516756 403440
247 395016 326016
248 543552 732610
249 393021 685283
250 409202 214045
251 947703 863214
252 784955 133901
253 235630 477746
254 118355 573548
255 446150 124884
256 666839 864361
257 592079 169042
258 62331 177997
259 12517 230311
260 304249 256255
261 538382 673283
262 621990 122659
263 916416 840892
264 529016 815218
265 139074 554353
266 378169 371283
267 274932 74248
268 554669 819182
269 129694 189776
270 218748 961434
271 520125 561298
272 260940 524014
273 482034 843473
274 781450 272356
275 409600 702659
276 203594 577802
277 546209 854848
278 835875 576419
279 588281 710706
280 579232 416448
281 348052 928579
282 354799 484716
283 604759 105541
284 603421 68064
285 687007 218858
286 396547 740160
287 820710 601589
288 52660 960580
289 127073 767141
290 286783 339996
291 252611 818309
292 235985 722625
293 206301 449590
294 16483 790216
295 469489 449127
296 215761 61630
297 502768 999889
298 564887 779964
299 740587 659350
300 471353 521454
301 716399 14308
302 985573 69603
303 450048 385285
304 341816 823584
305 648547 386285
306 559935 798064
307 241217 130105
308 200687 286422
309 425810 354909
310 919828 824794
311 364954 944070
312 596710 165553
313 502458 382238
314 754587 751106
315 151541 667375
316 618764 303489
317 118594 900498
318 780060 454547
319 577092 105880
320 521938 919879
321 23779 661573
322 870387 644695
323 84173 271690
324 464919 337214
325 497431 182649
326 25377 989480
327 507809 803977
328 902689 412910
329 895714 85075
330 289542 995500
331 808192 235935
332 301645 728667
333 362505 898362
334 927677 596521
335 45931 928996
336 821503 88595
337 857478 737179
338 799416 375473
339 436261 792733
340 262863 89547
341 486524 669512
342 461564 156040
343 859182 382828
344 1843 389926
345 537992 881698
346 526870 980570
347 59949 592942
348 98376 935183
349 804095 133207
350 845279 708699
351 835429 672185
352 74350 407883
353 696124 355865
354 527916 351769
355 944795 519861
356 411066 505787
357 547082 407843
358 468630 827622
359 175986 708702
360 630291 427321
361 94266 794469
362 751242 337231
363 93566 149317
364 14245 449594
365 41054 443550
366 847557 84492
367 847938 743002
368 678481 980736
369 122429 53720
370 687409 31560
371 206841 293140
372 759634 110670
373 787432 732400
374 229328 722717
375 499376 949058
376 920938 354501
377 92152 401728
378 861142 750937
379 824247 331348
380 729402 715388
381 233436 474196
382 664359 913234
383 313020 117925
384 746152 436412
385 620411 736230
386 598293 453269
387 209326 681232
388 506383 739765
389 702316 349514
390 476089 342628
391 325069 682896
392 720191 325666
393 210114 373361
394 420132 934703
395 429981 560555
396 234583 686017
397 433308 951179
398 433266 753572
399 83814 78401
400 604287 47667
401 30083 879813
402 246628 156747
403 623989 238041
404 634309 766486
405 191613 487781
406 330804 889544
407 901366 168847
408 480804 547418
409 40887 713180
410 479967 559448
411 34111 667750
412 832125 572744
413 706146 718479
