NAME : portgen-409-6501035
COMMENT : portgen N=409, seed=6501035
TYPE : TSP
DIMENSION : 409
EDGE_WEIGHT_TYPE : EUC_2D
NODE_COORD_SECTION
1 759793 859799
2 619189 556409
3 624720 884252
4 595335 986185
5 401963 332851
6 594644 642378
7 261537 31114
8 121255 243271
9 202045 808043
10 97291 486427
11 467274 349718
12 326973 932448
13 560575 83261
14 584652 138166
15 182085 763082
16 238079 566182
17 547485 561371
18 573564 702907
19 969452 453845
20 774545 953218
21 96066 469980
22 616542 29206
23 324028 751407
24 633296 391536
25 73106 842156
26 638471 647886
27 810015 961539
28 719913 193610
29 312313 57818
30 982844 921812
31 914799 141489
32 211639 448745
33 236784 124664
34 25836 232330
35 707086 369847
36 609975 810509
37 734936 255135
38 847956 819387
39 539702 365433
40 212534 366965
41 770947 526834
42 155321 260272
43 848282 96589
44 354543 98740
45 324586 448900
46 677071 737121
47 746758 404697
48 343243 285557
49 735043 361406
50 181250 504640
51 211704 267862
52 179001 706141
53 71208 111636
54 492564 549742
55 113257 623324
56 839067 213572
57 733231 533944
58 244741 177678
59 394731 806942
60 105502 951227
61 389620 664429
62 51080 202445
63 158142 342112
64 631507 28795
65 183927 736319
66 326823 989959
67 252176 589210
68 527897 557374
69 793602 621377
70 15530 670603
71 701858 547600
72 993238 373359
73 59280 12641
74 686040 544313
75 246554 1130
76 654049 706248
77 177479 444930
78 177817 221744
79 15686 589791
80 178244 513833
81 318034 871187
82 534211 442653
83 921465 291467
84 220334 359872
85 474664 232099
86 491637 850418
87 560387 104371
88 297177 683372
89 486949 606149
90 24628 936397
91 326425 41716
92 850550 670093
93 418285 455636
94 455748 809522
95 667744 236430
96 337040 433729
97 146713 783430
98 178965 851440
99 987213 888867
100 76181 375908
101 525691 79890
102 519684 310156
103 674705 612332
104 855697 507385
105 26645 722181
106 765996 206164
107 922046 941814
108 176793 884304
109 724473 750780
110 263688 70025
111 304253 331467
112 283691 98755
113 706408 411747
114 330733 250230
115 429666 684845
116 827674 979563
117 579503 302447
118 170401 120261
119 119670 908736
120 493300 533980
121 731162 704967
122 545833 597719
123 932176 5573
124 150038 47957
125 77022 767218
126 520706 736982
127 459201 391336
128 548233 546127
129 500386 217237
130 139755 554444
131 492662 946960
132 14085 492665
133 991018 61029
134 660330 324327
135 9638 171219
136 734265 676516
137 673757 496469
138 549318 567271
139 872266 892354
140 550522 160280
141 911360 113496
142 110474 875221
143 192182 880713
144 965478 86838
145 311428 109371
146 459930 795343
147 899098 322080
148 799714 54646
149 31209 49364
150 48401 364904
151 133307 257683
152 497435 916742
153 855858 407210
154 626507 583979
155 199153 667519
156 580649 413547
157 905808 30384
158 94513 697319
159 47862 692004
160 692950 936372
161 29819 610966
162 275926 644733
163 37912 476582
164 179080 757015
165 640611 142107
166 940763 288286
167 693201 883002
168 579630 497812
169 207687 80090
170 780708 494863
171 832851 273473
172 393888 375055
173 79551 848964
174 519417 254365
175 284168 323132
176 875565 274194
177 408752 906293
178 424141 845020
179 564482 614432
180 337111 358046
181 199523 546417
182 803270 704290
183 834668 307175
184 19659 530753
185 950832 245548
186 177902 793497
187 407836 369817
188 60807 755625
189 202213 369632
190 220592 192891
191 912099 564648
192 419903 282565
193 942584 394346
194 485016 988910
195 48333 272454
196 478152 676934
197 129258 535159
198 316960 39353
199 865637 24071
200 314248 323926
201 646751 149784
202 33772 91276
203 411032 310917
204 854291 126187
205 963708 29795
206 360004 575571
207 566099 64657
208 879893 522588
209 417159 268111
210 387329 795315
211 441538 995588
212 216504 626906
213 598797 28118
214 759724 316560
215 958784 749890
216 901334 76025
217 405924 190797
218 832887 336528
219 998548 355246
220 402671 419995
221 977186 216904
222 601580 253018
223 830916 482564
224 460429 502351
225 936361 288842
226 279629 549076
227 65286 564358
228 422591 570725
229 743860 842975
230 258388 74504
231 312368 499044
232 723516 543712
233 52608 143099
234 973990 313080
235 233740 397328
236 62159 914807
237 331749 98487
238 515686 892461
239 930302 652146
240 204314 28072
241 284258 916748
242 58171 884280
243 437521 402289
244 352509 862211
245 138188 689787
246 362537 685468
247 121505 5343
248 357836 62379
249 885155 503093
250 737332 938454
251 552262 808282
252 298037 908289
253 4584 362880
254 490905 181005
255 126836 20301
256 218215 881648
257 704786 568601
258 711967 626900
259 377539 718173
260 185876 990228
261 257944 470897
262 575748 295285
263 845065 253877
264 616770 423460
265 93902 152805
266 401556 749296
267 525310 184012
268 809856 402609
269 211961 489570
270 172313 810621
271 24750 634336
272 676334 147960
273 431843 891639
274 109719 826219
275 160277 103958
276 445609 461694
277 409190 584526
278 536898 802966
279 282971 114024
280 98432 601975
281 150918 1335
282 8692 316214
283 995551 583878
284 205314 556826
285 136757 820327
286 517180 551319
287 557895 81917
288 544619 796249
289 61707 991221
290 758387 42099
291 970905 502746
292 325027 491927
293 1887 400221
294 740604 209095
295 188461 225977
296 197295 655135
297 352812 351985
298 293440 473430
299 76440 594416
300 603340 635593
301 829932 118497
302 67832 118177
303 133053 942862
304 136667 917262
305 582639 136677
306 62362 73875
307 925562 872454
308 404680 495782
309 648522 656706
310 22774 522120
311 507438 610897
312 953485 501164
313 990394 398683
314 483487 439718
315 948864 601756
316 659582 144444
317 408582 621710
318 979737 897029
319 577183 452573
320 87247 506104
321 751698 83897
322 186321 666341
323 718539 586397
324 701650 851648
325 361590 894757
326 989943 636722
327 645551 1584
328 976011 685488
329 709914 446122
330 138440 236023
331 365679 684094
332 830015 76534
333 384978 978464
334 887554 259221
335 153915 818282
336 794132 796874
337 295115 128016
338 532176 870715
339 965345 951901
340 525152 304906
341 688768 37365
342 301278 712841
343 236077 975488
344 314428 332048
345 236731 1272
346 9475 317962
347 298657 268964
348 711972 954824
349 788781 58304
350 134164 847823
351 621051 749748
352 326495 56684
353 205989 952578
354 335444 932710
355 765506 523
356 371059 377866
357 209390 137167
358 226548 47716
359 385436 561050
360 364562 430154
361 189682 829250
362 125056 306091
363 197230 44383
364 470378 238430
365 922027 579598
366 535271 32635
367 186394 524629
368 933846 310901
369 827974 164110
370 486293 188360
371 590051 753378
372 967486 806576
373 811589 180224
374 192905 992566
375 71733 667588
376 484445 550351
377 136276 554566
378 312551 588416
379 563354 801866
380 122838 895087
381 124604 171333
382 446416 577145
383 410471 617681
384 410379 402814
385 325578 46323
386 854810 392869
387 489316 696973
388 945708 639331
389 692973 570490
390 993539 608814
391 481029 668511
392 115592 26939
393 454994 363937
394 586218 609248
395 114157 316165
396 900521 425160
397 838532 439970
398 333549 197181
399 264061 270512
400 860868 172257
401 487251 622415
402 999026 462919
403 186558 815933
404 434758 109336
405 99571 948614
406 2197 954105
407 687708 806672
408 994565 699443
409 332801 6446
