NAME : portgen-598-7494554
COMMENT : portgen N=598, seed=7494554
TYPE : TSP
DIMENSION : 598
EDGE_WEIGHT_TYPE : EUC_2D
NODE_COORD_SECTION
1 934581 290754
2 845810 663469
3 932906 378485
4 533892 208951
5 179302 482669
6 71656 819049
7 160439 481257
8 253378 449692
9 433228 724388
10 550623 895239
11 423352 436600
12 191521 136770
13 573734 760541
14 200102 387065
15 909466 267170
16 442000 180167
17 880568 523131
18 983403 607509
19 980129 344947
20 625730 688163
21 100766 400034
22 909798 368937
23 660715 924482
24 684504 236138
25 24708 408698
26 233670 152028
27 819124 972869
28 165993 754414
29 410186 322679
30 680066 325397
31 398355 188944
32 583221 491138
33 381903 671622
34 909250 791501
35 820541 328896
36 765188 197089
37 699679 141925
38 661568 271323
39 617476 218652
40 970776 819319
41 350354 877422
42 706999 584069
43 868814 253056
44 596946 389429
45 141227 311781
46 698258 188628
47 524405 296834
48 922974 903676
49 700355 767873
50 707369 389391
51 307005 465851
52 265361 205388
53 58343 356248
54 445029 235055
55 104054 912937
56 157467 20757
57 181451 368285
58 627138 209727
59 664538 286386
60 568163 478226
61 971266 141377
62 84131 431149
63 21890 299336
64 931728 494290
65 83581 305320
66 826294 382420
67 114598 57839
68 661852 329597
69 695971 338714
70 956930 659087
71 588517 310559
72 821265 663001
73 340514 556881
74 104496 93255
75 274943 623638
76 971948 206065
77 684292 402049
78 563096 924584
79 351253 207522
80 543536 728746
81 660276 106314
82 278124 444966
83 324420 846907
84 199492 518450
85 27770 70257
86 105230 571282
87 11443 944525
88 506278 765201
89 457084 682082
90 868053 97305
91 948083 724205
92 950753 354834
93 645043 719979
94 104296 669631
95 733419 814944
96 130105 177520
97 310943 886673
98 553856 17234
99 299116 876739
100 156723 575313
101 99796 422414
102 225202 177637
103 675555 247743
104 255311 329457
105 757006 843116
106 820288 681622
107 474103 728591
108 598641 482755
109 795371 391450
110 891109 307185
111 547791 322752
112 361727 452457
113 970460 682816
114 346080 833805
115 268970 258535
116 509889 127627
117 925076 24936
118 277017 266460
119 250101 222162
120 756193 162287
121 924608 712845
122 778521 426233
123 267153 807352
124 815793 858485
125 916213 871040
126 671154 465311
127 607768 898188
128 65423 972169
129 497338 200266
130 900620 409094
131 997641 33149
132 573264 594718
133 918508 107443
134 903100 47870
135 461437 791288
136 666962 936885
137 475237 20069
138 636031 82479
139 714983 463539
140 387033 998291
141 185477 145813
142 933184 859876
143 260893 476740
144 554362 330357
145 106428 169573
146 363360 202231
147 760724 964904
148 495324 987722
149 237607 758452
150 790202 184674
151 92368 352254
152 471452 917921
153 685562 525340
154 532127 747892
155 637294 588683
156 417806 166981
157 93838 731047
158 45733 795410
159 272424 608359
160 99393 930785
161 869836 144648
162 257667 276763
163 698919 314707
164 465433 557315
165 334506 110690
166 550352 967091
167 826244 798349
168 580484 18496
169 51975 202137
170 814142 465483
171 204315 946003
172 230963 175642
173 299737 218712
174 944563 483961
175 265984 180617
176 522289 680291
177 423946 679512
178 634321 125277
179 526009 673102
180 337437 667066
181 473365 329989
182 933749 171811
183 384367 471803
184 936018 918196
185 431309 827021
186 850846 788462
187 342375 918776
188 408496 189544
189 720701 578155
190 642441 573642
191 788697 792331
192 219878 667439
193 637324 220362
194 33341 654432
195 413982 108681
196 82478 133779
197 770827 987120
198 614636 415853
199 603628 312186
200 767145 110193
201 498010 366408
202 841519 692342
203 391919 729958
204 460412 756506
205 42187 413958
206 91936 871577
207 259120 228755
208 584588 339586
209 559162 946629
210 557174 968514
211 868175 623831
212 151050 321116
213 329011 484438
214 946943 650032
215 526857 678538
216 729132 964195
217 535967 228483
218 481706 917120
219 533210 991123
220 82851 297737
221 661200 86712
222 97257 445467
223 240506 458646
224 982728 449711
225 658109 130198
226 468910 953595
227 785328 88607
228 381061 533815
229 830441 613036
230 210636 474798
231 196747 469289
232 673655 744449
233 752758 5223
234 774319 813652
235 988248 125941
236 356857 109451
237 288519 426976
238 499604 914579
239 838503 62443
240 940055 795195
241 653996 333906
242 439396 52059
243 481791 259842
244 290539 791517
245 475724 476482
246 142801 719558
247 2874 956909
248 940880 551748
249 798192 670281
250 945862 325926
251 620143 920285
252 509655 862913
253 476201 135003
254 514198 733269
255 606815 121218
256 243275 38923
257 137311 734153
258 331996 477188
259 466414 716745
260 803569 201009
261 207030 104037
262 867789 662322
263 505798 436571
264 599795 425605
265 950774 364601
266 400381 105233
267 455627 818837
268 551920 615073
269 196595 705243
270 720062 4602
271 793428 573794
272 987947 274715
273 269451 38763
274 851768 340552
275 451111 504308
276 951953 372587
277 719506 581261
278 925544 514909
279 464658 690818
280 310993 861128
281 938408 808955
282 13207 602213
283 327789 669481
284 50975 862596
285 464702 293232
286 625420 125861
287 265634 299261
288 249056 834443
289 384530 286528
290 736777 990888
291 971913 908977
292 114612 89646
293 426192 591426
294 92026 853414
295 491047 882439
296 564097 333999
297 240540 426829
298 379182 667567
299 308159 688686
300 25659 435007
301 654233 565240
302 603775 460222
303 532394 42975
304 257975 629860
305 155068 334118
306 422883 611244
307 199770 428554
308 297030 604409
309 568414 586377
310 223030 660222
311 361322 362289
312 836936 29694
313 638999 60179
314 522086 805412
315 766866 206080
316 576468 754670
317 131459 402659
318 568005 360669
319 709206 686057
320 792616 821783
321 23012 505649
322 630383 830825
323 521116 201808
324 497062 210845
325 787829 319002
326 145480 502746
327 921819 819578
328 858539 899562
329 433781 201116
330 892216 171725
331 333768 571917
332 837244 333285
333 311105 917233
334 980860 368944
335 907437 95221
336 107347 357568
337 798547 904027
338 514741 858575
339 440469 17357
340 171155 739437
341 626398 320970
342 913195 595140
343 872311 4550
344 917426 798173
345 91553 650771
346 379808 340261
347 778620 697394
348 714436 665443
349 707101 726356
350 316083 662541
351 761339 479704
352 39690 48392
353 692604 824510
354 589550 326679
355 947267 853988
356 982136 635607
357 109562 241445
358 791917 993506
359 793296 139849
360 618848 645662
361 210132 254504
362 52861 244896
363 333882 627642
364 317878 750154
365 211422 690231
366 269024 113789
367 70090 317166
368 757300 990790
369 211407 671750
370 803223 878804
371 211254 777576
372 179324 445890
373 440639 125303
374 287400 533724
375 363512 86793
376 347565 956946
377 514933 625852
378 393516 647549
379 409613 722523
380 291092 701814
381 613102 917799
382 523455 68462
383 642734 204560
384 456283 663671
385 800805 666613
386 706106 259572
387 776337 532055
388 298097 253185
389 739571 427008
390 851380 686332
391 218028 595354
392 459062 509608
393 77128 351225
394 590334 1627
395 674432 552740
396 534506 547735
397 870944 136610
398 172698 951681
399 1238 647269
400 147793 187453
401 385732 860392
402 682343 677179
403 868765 752210
404 497884 5324
405 548724 42291
406 57215 407986
407 48091 738351
408 167307 65367
409 46854 386844
410 895764 691053
411 203321 809013
412 515878 613352
413 280880 845713
414 577228 99157
415 663290 545886
416 755301 734246
417 878284 809089
418 629117 810042
419 547262 720710
420 342300 11761
421 304370 203489
422 105863 983378
423 349418 725493
424 31857 257592
425 855729 326984
426 374452 902081
427 983979 601907
428 432151 651486
429 982108 873254
430 48062 58722
431 204948 777173
432 663023 536963
433 737920 853725
434 302123 64712
435 388933 441814
436 33509 789262
437 531114 568779
438 316600 301240
439 825034 913970
440 181200 629394
441 863605 703973
442 51095 604567
443 340938 978127
444 71222 341321
445 71168 775392
446 507919 482549
447 331777 900486
448 978251 515108
449 672375 537083
450 666778 48178
451 900458 117886
452 76392 226335
453 463379 670478
454 850985 379411
455 260969 454024
456 580263 640787
457 802086 272670
458 550803 722398
459 445396 762537
460 558711 222812
461 181349 765039
462 397934 340754
463 541355 915622
464 712869 304779
465 105400 646121
466 450254 445622
467 653001 727176
468 49130 222818
469 901887 778424
470 53763 618539
471 532731 308684
472 782609 848355
473 594042 742879
474 84615 991022
475 359130 62629
476 802238 367595
477 431683 20656
478 597923 454835
479 464885 349216
480 177204 240561
481 768591 72561
482 325648 642429
483 921292 271578
484 858177 953730
485 678627 807924
486 637783 454373
487 403406 496082
488 420574 813753
489 333356 377278
490 742831 86520
491 450737 363653
492 127574 864838
493 877530 377693
494 119974 10572
495 805884 777552
496 364640 948156
497 99797 245839
498 980756 78358
499 905278 286527
500 427781 780288
501 409522 707337
502 248191 272610
503 611891 438584
504 240021 566844
505 143125 220230
506 334861 454312
507 543331 399652
508 875921 820434
509 972763 79809
510 661672 842933
511 366300 571650
512 525949 898339
513 398401 930446
514 206181 130796
515 884190 981990
516 573732 766511
517 234152 522600
518 751658 996424
519 820321 727922
520 988917 57096
521 404929 40165
522 348900 962950
523 411251 792989
524 422207 201457
525 847437 50310
526 872176 774481
527 402336 445790
528 206555 643011
529 473184 725590
530 520952 615466
531 618262 512099
532 577927 86028
533 815300 294696
534 105412 580381
535 988400 82931
536 398226 771306
537 232371 611361
538 970756 591818
539 169314 80158
540 691783 755390
541 457261 480590
542 609844 268723
543 363727 61633
544 188583 148123
545 707300 456961
546 891012 239940
547 739521 905985
548 658869 633623
549 807793 737538
550 992193 819432
551 623675 342048
552 509674 92046
553 593048 391586
554 164637 133612
555 82062 144922
556 454427 325060
557 18290 63990
558 724454 378322
559 772578 671941
560 427158 181677
561 486903 367874
562 588187 168967
563 459256 56178
564 261632 140324
565 18313 579170
566 427181 35701
567 998095 546860
568 300962 132201
569 462300 545854
570 544268 985405
571 289054 516642
572 720965 525623
573 970058 523137
574 651752 570553
575 446729 602691
576 371991 667468
577 719224 413023
578 392251 587973
579 343952 962813
580 791084 460847
581 929285 618783
582 589343 96657
583 855867 937785
584 604095 492667
585 93931 201317
586 726569 202024
587 225212 824467
588 809685 819435
589 648649 175164
590 776716 871282
591 712225 298818
592 349240 557465
593 649884 808397
594 446358 901438
595 690992 363177
596 528105 969633
597 451922 342951
598 258836 87030
