NAME : portgen-538-1326965
COMMENT : portgen N=538, seed=1326965
TYPE : TSP
DIMENSION : 538
EDGE_WEIGHT_TYPE : EUC_2D
NODE_COORD_SECTION
1 589736 942835
2 233396 27560
3 447482 34817
4 302404 489204
5 952692 405691
6 664303 101656
7 954698 585301
8 916969 595269
9 784361 578194
10 222991 262356
11 526949 27168
12 130168 311655
13 848121 920193
14 269887 305052
15 96718 4111
16 221229 639890
17 395177 228484
18 663829 681934
19 203610 857628
20 614333 378408
21 129039 998005
22 86828 733257
23 199421 932259
24 819305 244228
25 341657 201147
26 940716 78639
27 166277 214196
28 218585 949845
29 547657 4912
30 363730 765548
31 831206 444776
32 874870 574283
33 276651 666298
34 14827 221441
35 385879 984709
36 775964 540132
37 236537 21843
38 321639 448309
39 860890 915971
40 93070 898276
41 372536 264975
42 941321 331170
43 172905 776453
44 765019 820893
45 951832 997531
46 667107 982169
47 471748 629624
48 602443 588907
49 761468 64985
50 411617 751111
51 71369 903333
52 151158 443381
53 828611 675741
54 137318 835107
55 41291 442131
56 184825 726764
57 53079 366199
58 98441 849037
59 973027 245246
60 971840 687744
61 904830 949841
62 809823 634768
63 913339 872631
64 388974 793155
65 193231 645898
66 310991 25782
67 874680 650938
68 713450 645772
69 211896 575122
70 232729 323868
71 803425 519773
72 849052 264087
73 92700 717265
74 172345 836980
75 716284 729812
76 199932 968312
77 871753 765718
78 440119 45586
79 28652 500220
80 729930 182839
81 463844 562195
82 602378 717423
83 638706 665052
84 877711 788991
85 273498 381175
86 676691 136047
87 528962 242027
88 487811 936518
89 78087 44105
90 194648 867753
91 843978 888754
92 63225 10392
93 182053 748796
94 423404 157257
95 12232 48398
96 768060 422904
97 301624 851553
98 647176 667378
99 990810 607025
100 776276 156182
101 639177 128240
102 642332 848531
103 885834 311178
104 905086 861361
105 583664 691323
106 622181 871395
107 487987 681531
108 414778 40940
109 260571 750824
110 70246 971327
111 674241 270686
112 12715 117315
113 741997 548451
114 493715 680430
115 356193 176632
116 31431 216726
117 460440 503324
118 245571 972582
119 400766 381693
120 595613 141113
121 488224 672579
122 87010 40904
123 374157 497374
124 410189 184308
125 109555 98725
126 173663 310379
127 250831 599643
128 124751 422451
129 667799 139007
130 602959 913252
131 910412 523393
132 265748 442551
133 203098 949601
134 784385 447083
135 307374 917404
136 630751 76262
137 641268 971521
138 797664 363861
139 19854 413071
140 992564 319546
141 880651 354707
142 77471 442940
143 266220 508038
144 950977 17888
145 300225 295969
146 188196 953682
147 74319 678209
148 510362 411962
149 31310 115488
150 243240 10295
151 477520 997117
152 191744 790009
153 218073 818955
154 232908 807891
155 333423 616713
156 471473 649910
157 838781 306990
158 725055 956730
159 449074 587539
160 932189 791136
161 918290 668897
162 203843 297079
163 439883 633633
164 884517 851259
165 753448 978708
166 130952 211963
167 79647 375851
168 848073 230740
169 515926 770480
170 717885 309489
171 58964 363438
172 85699 509088
173 377678 519299
174 749839 777239
175 238325 876728
176 527444 180051
177 362039 264531
178 879342 265557
179 917469 815893
180 941935 987333
181 303029 462428
182 90005 23933
183 557748 108034
184 564211 329692
185 929311 205756
186 206890 671834
187 349213 55460
188 263692 738239
189 306857 939311
190 417736 174326
191 716163 68624
192 909324 766115
193 675679 668524
194 121957 55714
195 818102 740038
196 666529 186233
197 841168 512128
198 102599 387129
199 14225 30238
200 245396 639438
201 212441 810527
202 359503 63999
203 160564 458820
204 270726 595924
205 588852 210817
206 143599 861755
207 997791 201897
208 320804 116795
209 621259 577877
210 921334 170618
211 93808 533972
212 84296 289873
213 993314 396362
214 312330 285213
215 894896 804872
216 467513 710932
217 350459 206918
218 30726 854407
219 70832 707427
220 445310 558883
221 47265 544080
222 134379 647483
223 646229 132556
224 101937 551295
225 518813 706236
226 74799 729011
227 135342 440524
228 171925 501509
229 460068 152584
230 33273 306157
231 387987 563299
232 150613 29968
233 163552 599519
234 727376 350308
235 555667 188247
236 14858 69963
237 59063 215098
238 95819 364797
239 398630 643771
240 117947 491805
241 936294 159745
242 251940 588739
243 416884 904213
244 560318 320490
245 43365 431206
246 127031 720524
247 151759 257062
248 544024 977301
249 485016 919281
250 551663 281432
251 733925 458165
252 433348 27008
253 769941 915053
254 477070 546603
255 23639 267712
256 941190 139577
257 109218 602066
258 179125 667463
259 411539 893550
260 485943 186251
261 114503 808094
262 798644 274234
263 454322 556693
264 636615 32054
265 445156 180766
266 887726 852026
267 620131 850234
268 550615 796717
269 50526 649874
270 409613 749421
271 492673 666767
272 834547 857114
273 316703 318937
274 921879 877525
275 802740 987331
276 340686 452962
277 474124 370897
278 393706 881898
279 838033 583113
280 476393 973223
281 864526 827196
282 136989 274218
283 775039 274422
284 305030 252104
285 285363 860188
286 745583 534014
287 90809 498612
288 845564 661541
289 333969 427747
290 880528 572423
291 718659 53501
292 555661 471933
293 316239 60530
294 715037 345913
295 75195 276192
296 491687 798422
297 364511 549425
298 3838 958659
299 575957 335934
300 11549 655162
301 984967 494132
302 996996 230317
303 268671 287184
304 897300 2191
305 54657 333175
306 166861 492119
307 507917 200200
308 481535 66103
309 462684 587564
310 270379 816379
311 698464 969095
312 240554 630200
313 875221 251450
314 537017 860492
315 229940 558380
316 764240 331777
317 373089 547352
318 405561 226539
319 545583 355460
320 990397 250136
321 597845 127473
322 75533 258815
323 577727 522592
324 557868 734310
325 674204 752388
326 421641 715465
327 105994 453169
328 890922 653189
329 121043 449644
330 824756 42131
331 741600 541840
332 11794 804521
333 735330 39388
334 416586 249101
335 622472 958943
336 508234 728374
337 913359 517991
338 394738 982998
339 863101 787384
340 739278 222031
341 130406 87373
342 35735 187808
343 816779 222400
344 319983 568567
345 812022 366173
346 809953 296481
347 732987 31453
348 741901 869470
349 214113 557541
350 864077 594729
351 659491 770484
352 995032 452172
353 621981 334268
354 679729 918185
355 636389 668521
356 333205 552475
357 637622 458583
358 232178 445119
359 808852 980340
360 62620 865859
361 825274 859044
362 385024 27743
363 299452 737750
364 733342 461187
365 896010 60469
366 303269 944915
367 150994 70756
368 888825 577931
369 449751 577152
370 955630 371660
371 413547 339642
372 505947 946162
373 540898 950908
374 911457 705243
375 732001 4150
376 136128 752926
377 661531 803608
378 291460 714575
379 619489 924275
380 563346 44049
381 884517 102576
382 962555 264729
383 254973 993563
384 46527 691459
385 917684 281269
386 533661 103608
387 248339 58469
388 729730 72348
389 197513 581415
390 736283 584877
391 118261 809067
392 897840 851960
393 175951 200692
394 982360 886265
395 815783 895262
396 531403 758291
397 659468 674360
398 837999 309939
399 91302 447478
400 216431 468549
401 753395 330042
402 968960 147123
403 885889 327061
404 855085 809570
405 627656 90768
406 732214 733224
407 108491 668084
408 512645 126225
409 443108 288194
410 426730 945034
411 902260 599049
412 475027 449135
413 527874 203619
414 134648 101215
415 172580 402669
416 217262 387943
417 953758 645515
418 852662 385036
419 700575 229755
420 339315 49725
421 757583 694165
422 459534 870748
423 993001 932354
424 283264 210332
425 146486 634379
426 175291 990086
427 274898 813762
428 251286 365452
429 376283 323444
430 294460 500852
431 626486 625330
432 470254 577931
433 333184 38048
434 273689 237743
435 675083 580291
436 842961 232776
437 141708 792350
438 769743 912173
439 324151 661265
440 197848 162422
441 827335 811203
442 806754 671727
443 776183 591932
444 917688 375827
445 312330 814613
446 111346 462832
447 554672 759024
448 206764 524807
449 552456 667183
450 101005 80827
451 608203 621998
452 12484 984063
453 807044 364087
454 183331 603171
455 37578 659354
456 447763 456
457 11114 479847
458 389506 163654
459 70657 711230
460 371167 808377
461 485592 606506
462 136738 594255
463 972087 220963
464 220292 157645
465 985306 405656
466 728841 720980
467 623686 538494
468 714658 826879
469 800089 326907
470 282220 612529
471 521274 206457
472 4660 503952
473 329021 504840
474 326093 960416
475 786936 985800
476 304515 394811
477 681877 695349
478 351985 887223
479 998311 473989
480 269405 980164
481 563997 856424
482 320950 425049
483 138079 241306
484 995796 507161
485 150825 884665
486 837560 110240
487 924294 385366
488 503862 90780
489 924628 441389
490 242269 84864
491 222651 746302
492 888239 5141
493 841658 872417
494 400029 198637
495 400415 473352
496 831082 292928
497 176082 397554
498 774969 411034
499 282162 619293
500 90 238241
501 580211 884704
502 718147 702071
503 763149 558212
504 506571 676735
505 853690 479567
506 487193 799674
507 73574 796053
508 149081 271069
509 680341 923395
510 650080 727045
511 959143 376502
512 507071 912584
513 304454 952855
514 392093 222223
515 622216 945649
516 584208 247893
517 587698 762702
518 597671 422976
519 672727 92186
520 856059 570588
521 192076 476634
522 548557 673369
523 514208 454580
524 785857 263498
525 93100 822113
526 18940 59939
527 997077 54440
528 654032 332318
529 297006 955444
530 104399 340172
531 885485 414385
532 820675 283102
533 287491 10559
534 251116 400204
535 281845 694501
536 485212 416843
537 830294 827966
538 708104 899204
