NAME : portgen-480-6973093
COMMENT : portgen N=480, seed=6973093
TYPE : TSP
DIMENSION : 480
EDGE_WEIGHT_TYPE : EUC_2D
NODE_COORD_SECTION
1 499002 151948
2 865381 730689
3 317475 518920
4 876617 134709
5 970114 5227
6 457494 260042
7 24036 575964
8 540161 777659
9 403235 305432
10 587923 801052
11 386024 958095
12 937652 494663
13 124062 520480
14 526175 8019
15 268554 461950
16 472521 221452
17 140952 558632
18 15867 840330
19 258780 178356
20 234252 288227
21 148579 826084
22 206249 667450
23 905729 505492
24 294062 616789
25 429550 670533
26 765382 191973
27 19450 241904
28 972178 277550
29 10996 306749
30 714821 477145
31 260139 698260
32 900457 681887
33 856647 631409
34 53793 356585
35 670234 34669
36 483596 786445
37 875882 917389
38 35669 194051
39 938644 695748
40 522485 846511
41 509483 219426
42 293198 791409
43 201811 774260
44 320995 459064
45 701984 384458
46 786537 902194
47 508121 199583
48 804630 362133
49 950202 288859
50 631781 711678
51 566847 598314
52 94303 583038
53 161049 545956
54 898775 228041
55 40093 197917
56 956555 551931
57 604765 330363
58 690607 357944
59 190139 700873
60 877257 494513
61 681206 764933
62 724804 958556
63 467821 885281
64 692142 292844
65 756339 489713
66 295275 710603
67 655654 324568
68 889956 957552
69 614661 962834
70 100801 843866
71 584121 620121
72 581807 207470
73 703251 21603
74 177389 549564
75 731761 919348
76 669991 657358
77 532519 142067
78 416402 856243
79 942660 769735
80 693082 203497
81 931295 935940
82 127239 196227
83 613795 336433
84 970124 397294
85 627111 669004
86 180555 640574
87 969111 957908
88 824522 23848
89 232414 582737
90 542153 611578
91 942621 922406
92 599762 552842
93 558418 359334
94 583364 459426
95 710772 553522
96 987428 217367
97 335723 431797
98 663311 943547
99 651009 623898
100 382948 679402
101 789189 594652
102 7411 120183
103 976726 747584
104 57596 979677
105 583649 57068
106 272878 483233
107 58962 139559
108 216069 713928
109 600217 695441
110 532916 670247
111 685423 346225
112 14345 947708
113 879815 585903
114 633163 848928
115 981181 76937
116 966252 252736
117 999088 485085
118 338699 459387
119 863443 460202
120 336772 844490
121 759117 887922
122 926510 40524
123 868098 641203
124 203021 388014
125 551982 77407
126 310384 802080
127 642717 306011
128 713150 536452
129 595563 522325
130 781483 517339
131 884141 597393
132 642904 739158
133 297950 384955
134 556723 18437
135 271460 574866
136 510906 212202
137 143459 455508
138 359862 883343
139 703507 708333
140 234558 343362
141 990339 110837
142 67445 463842
143 192796 368859
144 609832 259929
145 187134 953743
146 902664 845005
147 188742 761906
148 333584 546914
149 744463 471001
150 680662 984755
151 937695 494688
152 153456 208620
153 87068 199547
154 734635 178874
155 113215 344290
156 926620 335634
157 335190 827739
158 614674 39135
159 408650 880998
160 405574 751036
161 640491 85721
162 337775 286704
163 637171 16217
164 58746 934839
165 368440 160315
166 148707 524633
167 595117 890267
168 416742 654705
169 775647 239706
170 849167 153660
171 960208 728833
172 854354 436098
173 313251 816942
174 507229 902037
175 124735 317366
176 488168 809624
177 102561 520346
178 836048 413061
179 899570 263188
180 791877 432363
181 423899 494929
182 329706 959554
183 384082 197786
184 481279 899091
185 514487 797732
186 531905 506613
187 756263 88208
188 262867 830867
189 983160 817429
190 450656 224109
191 116646 795557
192 142961 936076
193 736415 653778
194 194927 635562
195 506185 218955
196 173425 876555
197 725218 51435
198 621755 453594
199 972570 766146
200 173231 482384
201 833782 689800
202 451380 900625
203 200719 692611
204 666663 166484
205 783930 182269
206 218134 264008
207 757003 572922
208 258937 547344
209 769710 278270
210 337799 930487
211 225215 715132
212 725860 32102
213 963950 842105
214 55232 855637
215 887488 570255
216 164203 816675
217 33499 268386
218 5975 852638
219 38553 570039
220 677138 189071
221 884067 916656
222 297763 575697
223 993739 458292
224 150694 693115
225 87485 779650
226 398362 116933
227 878658 602975
228 318181 17106
229 656300 182993
230 894650 348081
231 654057 96624
232 489346 594858
233 298202 301477
234 966245 181305
235 579182 800645
236 396650 76595
237 190785 558149
238 532125 108282
239 836474 122885
240 713921 946843
241 185804 872239
242 960987 539406
243 916197 67579
244 327329 438640
245 970184 704497
246 886393 857247
247 990857 876493
248 792421 807472
249 725870 739613
250 43572 885457
251 621818 27809
252 979193 140641
253 593846 526123
254 155946 339251
255 686777 250601
256 689777 217660
257 212809 190152
258 461688 796809
259 105767 612852
260 802437 490730
261 575607 226631
262 137733 693724
263 178827 368840
264 97401 50144
265 964303 6002
266 952336 497222
267 436107 463320
268 257066 968143
269 659429 770834
270 77718 119387
271 961812 714476
272 636203 479454
273 128890 659762
274 719514 297132
275 697666 423580
276 710070 675726
277 775310 37570
278 933121 124595
279 591701 515873
280 883575 625702
281 866693 385111
282 261533 567389
283 288789 975301
284 581457 733354
285 61262 801925
286 77295 808634
287 915186 378857
288 780659 899880
289 451320 100162
290 760603 54231
291 777139 581527
292 166569 338600
293 139308 567224
294 235689 868718
295 174530 281765
296 386686 926075
297 709571 275792
298 42092 153177
299 799290 257345
300 698795 229009
301 208441 619352
302 536529 643434
303 646440 128543
304 509156 436709
305 898261 365896
306 888905 722982
307 341343 601809
308 239015 940617
309 675540 985740
310 525296 135611
311 176011 324111
312 34559 832253
313 593484 457942
314 272105 271751
315 732416 652115
316 390724 14610
317 201900 394707
318 165325 54156
319 240184 564759
320 99585 198691
321 891684 249948
322 343421 38919
323 105754 62575
324 891516 877318
325 682308 584149
326 881072 527538
327 524929 46679
328 838285 193830
329 417451 141821
330 478108 592283
331 888359 944397
332 337124 699570
333 474211 638956
334 379561 302424
335 496055 176440
336 49101 798221
337 303432 941146
338 254538 648472
339 799181 987879
340 993967 399654
341 40491 130283
342 793642 140132
343 763756 446326
344 677486 502330
345 920495 526368
346 674595 937760
347 68703 923145
348 149589 93463
349 946516 402274
350 784380 457281
351 263393 903636
352 883351 282653
353 543658 750789
354 733895 384797
355 282922 391958
356 516343 915121
357 221326 951739
358 917688 950599
359 875693 413979
360 549980 380748
361 692440 977286
362 518044 38774
363 913046 145464
364 914870 20778
365 397488 503749
366 914577 414384
367 704957 602009
368 883310 125370
369 908956 841902
370 222443 813157
371 570633 263507
372 952349 539746
373 833928 697309
374 419715 29929
375 10098 4124
376 178593 925737
377 4786 280630
378 542704 849009
379 198679 281341
380 399343 418288
381 841832 891992
382 162353 469765
383 821324 252836
384 962772 681579
385 117811 220379
386 530883 845764
387 403880 545856
388 202155 766702
389 972499 237413
390 496069 64036
391 946785 633528
392 621434 979200
393 661917 22584
394 252030 235192
395 780684 630473
396 162598 227377
397 724091 2064
398 282274 724869
399 859626 406492
400 337591 67225
401 724809 182301
402 533859 946062
403 57339 545064
404 304302 25586
405 618712 520120
406 596978 963487
407 500657 768870
408 255690 614455
409 167901 160288
410 187490 96455
411 393209 556279
412 343988 50586
413 495569 348581
414 311904 457818
415 488517 657091
416 462400 946913
417 618701 975949
418 467057 983298
419 132871 852564
420 723509 47462
421 854682 91742
422 47701 684228
423 237263 606319
424 883388 673504
425 506495 933693
426 412964 401808
427 917975 680500
428 604825 777895
429 563600 557909
430 479004 74041
431 412192 451738
432 302076 571249
433 665437 505236
434 915785 816428
435 531606 649371
436 731066 494396
437 653793 253797
438 683490 991401
439 638303 663488
440 445761 717674
441 784981 753995
442 978814 414475
443 244898 10661
444 644837 47451
445 310512 961821
446 67512 316443
447 320957 74138
448 316396 360286
449 437949 793903
450 737 245861
451 968015 219900
452 227743 788821
453 148711 658969
454 422993 503499
455 435601 594163
456 133058 516148
457 247396 517182
458 6529 95749
459 130780 227937
460 254853 305151
461 67287 121882
462 815690 285744
463 681355 511166
464 266653 864972
465 105085 24521
466 568407 134803
467 227886 851597
468 584615 268832
469 506598 461631
470 407946 149148
471 879880 416899
472 792597 5361
473 894534 945629
474 500752 35212
475 392783 805229
476 93632 572976
477 688818 976216
478 677454 833212
479 992013 376145
480 204205 879879
