NAME : portgen-535-1005226
COMMENT : portgen N=535, seed=1005226
TYPE : TSP
DIMENSION : 535
EDGE_WEIGHT_TYPE : EUC_2D
NODE_COORD_SECTION
1 276142 678914
2 362906 627442
3 414011 203466
4 399233 428832
5 375876 656354
6 141871 268655
7 641253 661274
8 563234 863619
9 114514 418393
10 548865 40599
11 800966 957537
12 53677 757701
13 771134 692221
14 234892 91784
15 181052 911637
16 278491 40605
17 669230 773504
18 292178 34991
19 166794 115424
20 415457 46168
21 140391 73297
22 583770 503460
23 77815 567867
24 353749 988818
25 586521 860216
26 780922 511512
27 370745 914796
28 844789 235537
29 9684 589401
30 335264 379019
31 36672 283809
32 13374 329708
33 515963 68573
34 684884 137793
35 583458 995366
36 509869 125696
37 831871 688649
38 259677 289454
39 586792 138880
40 912911 535596
41 682536 645490
42 756519 802032
43 874965 994682
44 27230 339521
45 257541 223604
46 350106 29001
47 531965 420090
48 536298 14694
49 241426 895121
50 243783 788361
51 981075 214868
52 75906 50925
53 177679 135431
54 754992 568712
55 39830 850107
56 208306 670162
57 331860 111660
58 28912 7671
59 751843 593283
60 793409 501268
61 827147 789763
62 894009 795097
63 14291 295000
64 49790 780945
65 510969 124246
66 534462 18080
67 99049 62804
68 327289 12373
69 313630 644859
70 773120 867294
71 242838 433947
72 546112 756272
73 396456 560343
74 134991 736868
75 405799 241297
76 964904 460480
77 384152 119537
78 253898 962995
79 115818 13101
80 723636 165306
81 821801 110133
82 795591 172536
83 607268 774359
84 124050 575587
85 715203 468569
86 872679 14975
87 187484 552112
88 536364 366667
89 405611 774472
90 541198 51296
91 179181 36688
92 57309 345663
93 302445 424329
94 222488 926513
95 455536 552929
96 888323 738042
97 929655 304551
98 994614 227863
99 246463 994000
100 219908 29789
101 154732 360519
102 195669 354503
103 62115 928215
104 403170 38489
105 817092 829569
106 740506 189305
107 557565 170706
108 276982 83758
109 180477 491040
110 177921 379404
111 527896 130050
112 355679 685414
113 313837 512159
114 819305 832980
115 489996 608148
116 963497 367122
117 957380 711629
118 310789 989876
119 479123 886603
120 68680 218686
121 243851 731447
122 748591 76131
123 25033 758272
124 382362 244240
125 990714 482455
126 408557 413482
127 504003 611759
128 66292 787609
129 403139 484039
130 43713 72239
131 449092 516566
132 969808 598405
133 585717 9058
134 440714 481434
135 145673 518709
136 701396 936236
137 500326 695466
138 970846 114414
139 626046 743920
140 619122 526227
141 109020 335266
142 789267 417756
143 159056 446930
144 397313 358974
145 125912 301730
146 549161 997689
147 740930 549970
148 517290 307614
149 231121 53124
150 105284 910618
151 132226 638442
152 625118 464486
153 373435 73291
154 624214 86246
155 452702 619361
156 390296 44165
157 358127 741983
158 523078 451403
159 775636 419838
160 81115 278102
161 777937 387589
162 376149 235054
163 386483 62954
164 311118 35839
165 322031 897555
166 490199 539800
167 291217 999760
168 135931 64854
169 977139 47284
170 894678 707653
171 671293 977475
172 277858 847810
173 523793 161571
174 621539 505876
175 163487 454335
176 996496 195282
177 731093 207729
178 420419 592426
179 347224 625357
180 328555 308580
181 96152 576930
182 191567 745049
183 948067 412820
184 766306 510316
185 218189 361506
186 829863 269760
187 256350 626780
188 281606 582654
189 656496 168419
190 814635 794057
191 715730 685761
192 707283 13450
193 801402 913269
194 348232 546168
195 51692 723110
196 298548 466822
197 829094 533172
198 877789 401533
199 721124 651078
200 566203 941138
201 505075 453119
202 691240 369429
203 738605 310734
204 487999 717642
205 406327 507149
206 244193 801055
207 573664 605445
208 10032 629330
209 747835 658395
210 867260 546534
211 691696 115228
212 944113 277051
213 856431 376743
214 578519 886921
215 888174 970871
216 94655 938854
217 762092 307485
218 549863 914674
219 112096 101837
220 3418 172071
221 165433 689836
222 678908 505158
223 31414 183319
224 522709 552043
225 676741 501045
226 823014 834203
227 762903 595332
228 846482 566221
229 691027 383755
230 819565 823931
231 198638 386161
232 714223 234255
233 341716 554357
234 122147 68506
235 574031 826712
236 106621 195792
237 981654 366214
238 723519 857493
239 352324 348780
240 430568 290210
241 685716 194763
242 67355 64242
243 772233 708494
244 224630 527836
245 965768 995506
246 792526 43590
247 527806 176706
248 65450 969640
249 708182 312693
250 781638 173920
251 830995 173928
252 121474 386530
253 815328 628250
254 766847 698661
255 823099 137988
256 341590 163190
257 417986 824059
258 31405 155048
259 858355 537517
260 168805 372076
261 846174 809454
262 286867 400110
263 995717 932693
264 74318 595123
265 550885 95269
266 90645 653663
267 525681 292580
268 948619 522525
269 776776 243296
270 32837 617185
271 850139 687112
272 359031 593692
273 149331 983071
274 756722 127695
275 180988 132756
276 895322 113058
277 761807 686369
278 83275 177331
279 648246 828893
280 437910 292803
281 851473 523551
282 665823 205913
283 287848 654478
284 804159 824294
285 674727 48333
286 398325 730659
287 356528 36048
288 476753 733116
289 47647 600498
290 316835 818385
291 284446 245425
292 157212 258082
293 243795 567094
294 987840 319767
295 4732 294141
296 718366 952482
297 568568 984504
298 218859 119480
299 330583 322982
300 116938 416215
301 935424 156224
302 810860 362602
303 848310 649897
304 955845 503724
305 442573 516181
306 189491 328479
307 824161 143769
308 574437 898991
309 954983 681319
310 987054 168368
311 323894 481177
312 707355 258512
313 112909 242101
314 919798 993925
315 187738 826856
316 777270 543922
317 157924 800653
318 628894 955967
319 421264 13443
320 683645 344804
321 612110 306520
322 332713 836363
323 970247 237188
324 245126 310055
325 871594 976757
326 199681 336657
327 135244 290081
328 638944 391502
329 998299 10207
330 733708 892343
331 228633 942401
332 820079 97769
333 904070 882970
334 995765 987797
335 173521 337248
336 653864 644928
337 809724 10296
338 968686 987236
339 345932 417273
340 619568 721406
341 243801 909591
342 260217 295394
343 598223 834869
344 723842 60155
345 896582 745923
346 960201 433466
347 839921 346397
348 690940 967182
349 496796 322416
350 867677 983011
351 891256 827852
352 690486 150188
353 732956 290090
354 76440 839849
355 691857 804075
356 667659 938144
357 113624 987785
358 932141 795166
359 102479 473681
360 406829 936888
361 386174 673349
362 120119 190510
363 445992 826011
364 954441 659536
365 277340 678595
366 910795 506083
367 725415 815493
368 53747 305657
369 795966 272431
370 363253 803057
371 732389 250161
372 653326 959694
373 359748 286852
374 313347 649411
375 900405 864928
376 12740 837260
377 45076 189082
378 72215 385172
379 102436 874993
380 96440 427299
381 494124 804009
382 476596 888800
383 71685 417498
384 284818 153930
385 628037 645289
386 481818 453068
387 573276 541900
388 924147 548914
389 628272 931037
390 118294 60819
391 723574 79448
392 563095 850041
393 184471 106785
394 29486 836615
395 743807 636249
396 20839 642035
397 644393 717963
398 321239 279320
399 676884 111425
400 35546 810833
401 658579 382310
402 531116 839585
403 141353 933292
404 274164 195035
405 4611 965430
406 355686 265821
407 131185 460191
408 406459 852088
409 159615 758632
410 567561 792364
411 740613 173392
412 118384 817203
413 986709 99508
414 921951 733691
415 400546 990855
416 274749 433237
417 926425 152864
418 705133 457753
419 948262 102903
420 443581 332382
421 947169 270853
422 269054 951442
423 895635 847447
424 523651 827190
425 731253 221730
426 357369 943193
427 710879 44690
428 536084 225341
429 455884 378252
430 134452 683600
431 985030 171261
432 751453 672228
433 18260 84832
434 996766 179743
435 564556 559012
436 328436 332425
437 27379 345830
438 434995 797420
439 462513 73693
440 281119 761368
441 643623 543699
442 599238 716946
443 5825 103488
444 681784 254197
445 134603 620301
446 460987 768519
447 538346 884568
448 3945 614744
449 243474 923224
450 516447 98214
451 384934 449958
452 546070 969885
453 578106 813670
454 343954 993932
455 38865 432595
456 543557 201686
457 243648 514150
458 222613 216510
459 632914 866884
460 668282 403516
461 841357 73542
462 663295 466342
463 174078 878478
464 786354 57493
465 767723 621325
466 453466 468580
467 34827 848523
468 217810 441936
469 300050 85087
470 494333 789314
471 470573 814899
472 585914 731087
473 778944 387445
474 105223 72004
475 710490 125467
476 828389 185981
477 155500 895122
478 644747 916353
479 415130 697546
480 752074 136170
481 513619 258866
482 499599 249551
483 962021 728658
484 615772 512560
485 735206 835168
486 111287 560909
487 156394 542815
488 575126 655376
489 918041 768173
490 821594 257724
491 463347 88808
492 305418 631553
493 107705 194600
494 968981 785276
495 886502 489152
496 826164 787489
497 349881 659165
498 678027 909663
499 658504 43099
500 155960 123568
501 469403 337049
502 250410 452765
503 662119 739581
504 880562 523947
505 787416 450147
506 947372 629854
507 811044 262922
508 310005 726130
509 908985 840433
510 571524 52357
511 70153 572672
512 356600 611638
513 365764 774237
514 310499 703629
515 880695 835545
516 774813 394093
517 980756 371446
518 310352 833493
519 277763 42496
520 321548 381574
521 285615 128547
522 213751 834144
523 418998 253492
524 430889 738242
525 293401 903789
526 599164 954874
527 162403 320414
528 348754 75310
529 356292 878963
530 142412 828626
531 461817 838065
532 202399 405842
533 164532 818825
534 416102 976900
535 843923 56512
