NAME : portgen-462-432155
COMMENT : portgen N=462, seed=432155
TYPE : TSP
DIMENSION : 462
EDGE_WEIGHT_TYPE : EUC_2D
NODE_COORD_SECTION
1 368048 692225
2 724643 516471
3 159787 960768
4 491063 32012
5 5000 852140
6 938548 46921
7 43055 972476
8 473148 533896
9 900189 199972
10 17668 475627
11 711724 956345
12 247899 666853
13 624722 27901
14 628343 903204
15 46835 101887
16 627003 637951
17 434669 619620
18 66536 614417
19 231013 811519
20 490597 830959
21 311655 22858
22 801694 627491
23 703995 468943
24 939959 490002
25 880821 290419
26 844636 112252
27 360209 661871
28 21853 730096
29 257556 105022
30 449935 545370
31 729754 679543
32 541415 174040
33 540485 915690
34 245226 415564
35 268481 4205
36 593937 410187
37 319150 727248
38 630991 599472
39 596136 586027
40 644999 894625
41 770344 523320
42 453268 501465
43 372132 947459
44 96536 260628
45 79135 150845
46 369191 815449
47 543038 486391
48 237022 901467
49 703707 74446
50 996500 104522
51 872807 353931
52 845002 986195
53 520075 321315
54 658983 858744
55 289738 74393
56 633560 996928
57 25886 299089
58 176178 914304
59 136505 55023
60 937018 639017
61 211982 170779
62 419063 163958
63 131397 240005
64 565185 332954
65 207173 309676
66 940489 737391
67 296289 570606
68 261065 773415
69 497434 154179
70 325287 457827
71 810954 41513
72 323610 440118
73 938863 198411
74 396385 379080
75 354994 997016
76 336282 370753
77 867272 686824
78 164033 135415
79 57642 274396
80 725130 746659
81 823881 504803
82 533457 831910
83 263439 592047
84 673318 585768
85 360225 977766
86 517918 757425
87 700028 940001
88 302734 841229
89 303507 732239
90 999924 995982
91 182363 290789
92 607824 460514
93 485794 435685
94 203934 464378
95 307166 669017
96 100097 911665
97 793953 347520
98 939909 53529
99 341484 383608
100 137383 97634
101 894904 664146
102 379155 359012
103 814652 45493
104 762928 406758
105 201029 728348
106 931480 593263
107 967229 56112
108 646561 912215
109 710850 185936
110 892001 209910
111 250563 289710
112 448385 262591
113 82862 853772
114 378269 341016
115 125349 257241
116 78300 896748
117 531210 271576
118 64501 589099
119 323559 551711
120 813952 573579
121 724834 17998
122 572376 97255
123 418454 810387
124 463280 531362
125 264658 86136
126 675259 467
127 258259 880141
128 19334 998155
129 132935 107579
130 294510 225552
131 721933 211216
132 592806 627449
133 3513 913482
134 20887 869973
135 637657 836174
136 448935 179488
137 921278 805865
138 534651 250095
139 31451 568243
140 243257 84706
141 720837 270690
142 46506 899796
143 535307 867083
144 303942 903760
145 268062 151019
146 568212 453585
147 914054 977777
148 124643 545346
149 96719 766511
150 562604 168359
151 778936 895036
152 288105 179951
153 365298 404568
154 953960 358463
155 344833 152250
156 694212 229174
157 839516 143490
158 657340 268348
159 297162 615028
160 502806 458167
161 816762 254375
162 307369 469298
163 57238 553899
164 891383 741327
165 440566 130082
166 296134 672988
167 223410 91006
168 390494 491662
169 431173 903016
170 242455 266959
171 569921 688914
172 400954 809895
173 334257 313836
174 146216 444755
175 920539 570743
176 653963 355392
177 325944 432522
178 872224 105948
179 671626 197098
180 789456 873635
181 973394 50944
182 116007 77873
183 582329 5298
184 828220 29621
185 809232 343503
186 122131 852406
187 694489 932063
188 804203 461369
189 928431 874846
190 597074 951290
191 882273 694284
192 951870 566930
193 156687 245190
194 556980 145536
195 508677 385196
196 663442 401552
197 93783 898952
198 144828 717514
199 994424 468891
200 5691 872888
201 385405 271369
202 847681 969248
203 688470 959678
204 403521 759014
205 275834 627033
206 548967 526089
207 688420 404260
208 210193 571842
209 957161 217055
210 933045 864814
211 10873 359329
212 23929 936344
213 958098 850761
214 4725 725241
215 243592 844525
216 57847 169417
217 599012 970040
218 402323 356183
219 5864 547609
220 356737 584845
221 288028 339925
222 212491 643863
223 374322 304113
224 377623 157438
225 940853 294067
226 712789 269183
227 225298 161166
228 815040 215988
229 672357 877641
230 566925 332286
231 953813 855911
232 402276 690989
233 339005 209041
234 313598 44556
235 29938 906079
236 194219 799722
237 276201 638978
238 152024 741690
239 134031 862763
240 121303 742109
241 178403 127084
242 158315 911306
243 890711 201935
244 767140 908023
245 631035 193281
246 42585 961307
247 517671 450657
248 390625 488305
249 63724 573513
250 491838 632631
251 170082 514860
252 36134 198743
253 115663 585705
254 110867 313991
255 270455 613105
256 448847 764334
257 246605 373643
258 289701 992506
259 338240 951619
260 300363 850699
261 145317 740085
262 552718 397306
263 735997 679359
264 763588 77457
265 523314 566319
266 630822 820039
267 592308 508198
268 293262 414069
269 880478 784671
270 621605 898205
271 863695 815521
272 607659 780335
273 47963 302499
274 408589 120365
275 714659 711266
276 724717 986266
277 50198 925519
278 1809 350042
279 922552 527935
280 905481 701593
281 705227 326195
282 692386 372249
283 749409 633326
284 156674 466270
285 325680 987202
286 583916 217875
287 236959 589096
288 125982 159051
289 689887 627198
290 395496 385954
291 756807 235652
292 171975 821721
293 861092 304626
294 127653 220058
295 758788 659935
296 257395 414207
297 458991 634403
298 314288 645819
299 578561 18563
300 654353 888912
301 612611 781390
302 724868 328705
303 954459 489064
304 814290 228476
305 64426 697182
306 222389 702493
307 769146 245546
308 444197 291019
309 867204 57983
310 57961 103590
311 54764 138111
312 811917 436767
313 374590 802526
314 493007 908253
315 634637 636917
316 344760 461410
317 562771 698314
318 163564 54313
319 466505 926429
320 377523 570073
321 437422 69669
322 162097 655198
323 605170 119284
324 602290 22224
325 259812 511762
326 152812 670307
327 383925 17435
328 544152 151201
329 218618 26554
330 165140 900145
331 22559 887861
332 850953 494353
333 259760 152719
334 540396 113948
335 640375 324913
336 688728 844979
337 798170 546198
338 950777 384456
339 754185 794481
340 892614 223389
341 583907 466453
342 743113 734491
343 614358 456898
344 610456 68418
345 438553 10844
346 513916 352557
347 286053 52609
348 881344 592442
349 271499 615898
350 704420 220713
351 365099 807809
352 129609 36423
353 927855 686359
354 927194 649434
355 403077 87254
356 540744 150200
357 588000 154295
358 386229 670001
359 601807 798343
360 613008 667318
361 881220 924497
362 409527 419661
363 959814 880918
364 715370 761746
365 618343 264418
366 457262 104750
367 391403 805360
368 682644 433706
369 878452 588817
370 348262 944356
371 855090 812112
372 455409 771235
373 129624 589418
374 943029 866391
375 92795 426
376 877071 509753
377 997555 440002
378 763451 260348
379 416405 324248
380 353779 494148
381 807906 338376
382 301171 458721
383 232163 728631
384 694791 816765
385 24670 796810
386 726971 735416
387 705548 612582
388 790246 371466
389 926942 969524
390 656210 699466
391 464512 391121
392 407967 124194
393 456512 118885
394 803578 932682
395 573196 954013
396 738915 61687
397 564146 551452
398 217384 119674
399 106564 842826
400 980988 758158
401 662476 973504
402 210181 393329
403 535913 485950
404 101786 873360
405 983490 644566
406 456769 483723
407 751052 399765
408 755232 746219
409 774229 749719
410 241336 112489
411 622067 851964
412 835776 266512
413 134333 753466
414 525234 312219
415 76669 304296
416 269680 53582
417 986034 11643
418 242697 980789
419 640069 8201
420 368961 710292
421 344655 53859
422 691345 460707
423 331945 886951
424 225910 297634
425 417118 463917
426 594440 794344
427 766157 676692
428 488477 608894
429 987470 198537
430 150631 555123
431 845880 93584
432 504398 273197
433 299910 402909
434 792377 290344
435 67819 868281
436 520308 476595
437 332601 777419
438 518049 827722
439 85807 159083
440 778035 525439
441 765996 326696
442 161587 521545
443 458415 176096
444 549183 712837
445 711733 839787
446 188411 349725
447 940381 500680
448 189984 868059
449 721257 913926
450 942658 504223
451 801143 66826
452 519598 891678
453 697920 267743
454 632756 244611
455 218277 312381
456 59710 274632
457 486804 310844
458 366711 496155
459 153202 3718
460 83212 431851
461 681652 878451
462 347685 563596
