NAME : portgen-507-1322566
COMMENT : portgen N=507, seed=1322566
TYPE : TSP
DIMENSION : 507
EDGE_WEIGHT_TYPE : EUC_2D
NODE_COORD_SECTION
1 497184 813522
2 223924 165656
3 50020 795088
4 236842 306700
5 589598 735560
6 640883 518797
7 906830 51070
8 767369 977382
9 440922 158221
10 601700 292854
11 211247 349503
12 741196 347191
13 595458 711487
14 801032 854574
15 708381 302214
16 728376 822028
17 200636 255569
18 410130 442246
19 147956 720638
20 741433 580144
21 362716 730323
22 335745 896218
23 293681 431077
24 431052 876242
25 111406 135359
26 623089 871469
27 962778 758410
28 23923 675156
29 612885 968354
30 755525 607773
31 647131 516203
32 565266 9453
33 372843 910560
34 183052 10611
35 757389 336291
36 546329 564680
37 46814 466341
38 669764 339778
39 386724 982785
40 323267 920302
41 98602 832677
42 99049 100608
43 655082 212173
44 256761 191182
45 882726 499570
46 259194 137344
47 963249 405141
48 33815 798036
49 683508 869403
50 226453 953902
51 44353 448267
52 552974 191104
53 36757 790412
54 772420 862170
55 103327 811750
56 418394 421703
57 85628 255955
58 348579 509786
59 552954 160125
60 975638 574807
61 227052 313648
62 784158 803486
63 291938 98062
64 11705 855710
65 429583 879352
66 567358 524554
67 879457 511517
68 501907 676898
69 747048 843093
70 752029 145296
71 659218 96636
72 215543 307918
73 272518 945545
74 353186 159762
75 113203 935752
76 786330 827797
77 439819 347101
78 386544 519799
79 568809 41457
80 689196 359858
81 43363 929326
82 110140 958031
83 152531 321757
84 206159 777709
85 983437 403033
86 156599 393191
87 46922 39885
88 788476 399254
89 873828 437056
90 416941 772139
91 529252 970247
92 166514 69725
93 835989 638031
94 414413 921426
95 358985 180149
96 470739 969338
97 859656 348996
98 988696 266027
99 49714 175657
100 519442 873263
101 71717 916129
102 742820 341063
103 406500 816082
104 661283 370094
105 511111 748513
106 105385 647383
107 682471 509046
108 889119 74024
109 69670 761144
110 969334 886504
111 272043 30501
112 258267 110173
113 331315 240469
114 650370 705858
115 633385 972393
116 737970 503734
117 925945 668428
118 666754 881869
119 287776 657467
120 180606 761965
121 568361 653269
122 952091 472480
123 908106 440237
124 711071 749483
125 17680 748226
126 615656 343855
127 542272 547049
128 135293 567983
129 990184 74392
130 674309 524631
131 528306 3816
132 189488 749146
133 180152 452116
134 695292 209991
135 600940 448881
136 362952 320187
137 743463 221108
138 270848 928187
139 488229 711218
140 974879 763332
141 250285 575978
142 31549 108754
143 444086 734153
144 314245 176798
145 488276 214637
146 186576 77785
147 56526 731724
148 399012 248174
149 909805 730982
150 201632 979918
151 952007 999853
152 774603 254348
153 497941 39677
154 312306 433517
155 102962 401139
156 253737 813386
157 586115 459671
158 338054 450521
159 947290 457763
160 350134 931978
161 542310 964309
162 8358 621022
163 496874 363099
164 545583 489115
165 723166 231171
166 615881 54711
167 608255 573739
168 509594 436899
169 989862 571877
170 770700 993564
171 786863 856481
172 826664 556298
173 672326 222267
174 69426 435504
175 234850 35913
176 702590 420690
177 7816 970461
178 364037 897295
179 391597 200863
180 744753 61042
181 49814 740429
182 662817 109398
183 614276 397255
184 986721 29817
185 787345 115786
186 381095 511786
187 222913 314221
188 229387 121620
189 956492 37897
190 256984 599578
191 971501 344719
192 744361 662124
193 181356 875452
194 391894 498857
195 959463 112339
196 450177 960044
197 784532 654913
198 612469 275077
199 633568 512443
200 326910 550705
201 265774 31529
202 178519 635271
203 64411 357870
204 676328 345692
205 789104 488585
206 505401 892740
207 241399 632414
208 610865 89769
209 955896 7903
210 496928 339198
211 763687 474278
212 702907 236639
213 850011 349566
214 333266 587642
215 249809 871516
216 445292 610800
217 248792 768399
218 94177 78760
219 103320 111947
220 51258 91586
221 919555 383991
222 1928 620265
223 348651 975899
224 257137 547893
225 804902 262902
226 941810 45926
227 262633 455393
228 105413 654974
229 782736 410119
230 541094 985650
231 254550 564380
232 294433 697518
233 569029 121409
234 890811 621134
235 283762 634965
236 832632 408003
237 203001 234025
238 397387 717761
239 211644 247513
240 131225 195037
241 566829 923147
242 46547 264158
243 616966 880911
244 316367 551274
245 199370 972767
246 187949 482185
247 828184 416293
248 258954 511552
249 180989 767903
250 222877 630889
251 764254 9623
252 416667 609864
253 696073 18663
254 999378 998475
255 838427 224501
256 338606 231461
257 210749 568326
258 797701 772364
259 736195 878140
260 438563 57477
261 940419 122908
262 398256 652872
263 870711 823008
264 991335 593136
265 537952 378724
266 718383 213168
267 409086 906724
268 856430 335368
269 712398 478221
270 466456 844602
271 144715 438227
272 112711 141892
273 32347 65040
274 83928 175311
275 545581 435945
276 520216 587853
277 229950 844152
278 912506 551086
279 600537 509943
280 753433 360704
281 306265 521157
282 532018 993825
283 79785 900379
284 118750 68856
285 535978 732661
286 688435 560884
287 332558 2617
288 537260 352566
289 892958 554104
290 740366 319625
291 222471 481392
292 839702 177247
293 72459 197226
294 681149 415261
295 826938 956050
296 216617 643541
297 942242 733795
298 156166 583831
299 105668 110093
300 604631 679781
301 172081 529824
302 434945 225956
303 213474 38823
304 748150 52702
305 771693 715280
306 869936 185275
307 683004 797382
308 144087 662723
309 578914 798223
310 837658 495953
311 794711 8657
312 464224 856197
313 560579 158610
314 125938 106601
315 789143 498437
316 604416 840256
317 782410 25085
318 449688 37196
319 798388 42319
320 33160 409735
321 618311 882926
322 577603 330985
323 161339 207960
324 179317 86045
325 173215 997555
326 457893 999067
327 320949 106194
328 75365 331825
329 747414 409860
330 776268 176278
331 240435 705830
332 19542 361957
333 96969 987010
334 607672 352019
335 636043 936127
336 483406 492869
337 625008 840102
338 38060 795643
339 687707 358029
340 780832 228753
341 411196 716078
342 330333 612865
343 258002 898585
344 820713 420452
345 928116 462678
346 429523 446369
347 406276 97033
348 926329 125441
349 257917 737500
350 292924 365695
351 520252 821287
352 305212 944461
353 586359 741815
354 668733 708084
355 848192 176779
356 511111 326962
357 481743 313589
358 746754 794066
359 299553 922508
360 435628 971527
361 729092 870172
362 59094 270347
363 415874 662118
364 187656 680546
365 253743 296244
366 126910 979622
367 509837 604052
368 717641 84234
369 234334 16743
370 866110 463936
371 599032 898205
372 984824 956588
373 733585 559351
374 387274 135929
375 681158 264210
376 937785 577370
377 483757 996680
378 238785 540629
379 311449 701160
380 226819 502125
381 507481 651989
382 841973 384255
383 577746 612906
384 342137 525155
385 580003 187402
386 406791 163623
387 241350 171417
388 33742 151721
389 386414 62414
390 31561 875245
391 350669 486496
392 453727 751617
393 788763 474920
394 137648 125582
395 26305 104735
396 742096 709179
397 436739 678708
398 57144 435408
399 656854 813407
400 922846 581864
401 172936 324860
402 104367 805912
403 913541 451288
404 123643 732139
405 207916 763865
406 402980 185867
407 674854 122084
408 760029 798301
409 215249 163265
410 327110 142338
411 956052 528730
412 602308 998139
413 14465 81930
414 59255 435437
415 257875 582453
416 28078 654274
417 854497 267696
418 472264 164801
419 811642 331642
420 991588 990461
421 259670 974382
422 798471 883967
423 148682 213366
424 106871 438600
425 664242 975214
426 376152 221416
427 555532 340393
428 553786 518662
429 470363 836671
430 333648 748739
431 639646 792001
432 740551 217455
433 504195 428597
434 387396 790886
435 973401 546662
436 691430 776649
437 499023 351896
438 766186 734636
439 973198 261914
440 444353 495803
441 611567 222584
442 101789 509135
443 942806 236076
444 913723 637041
445 763501 43666
446 777405 20755
447 358240 444925
448 299030 483020
449 475359 446574
450 117781 414046
451 240168 844956
452 994246 168438
453 363647 153568
454 119626 46396
455 397586 317709
456 604939 833321
457 73170 289981
458 971334 618891
459 433760 295626
460 918424 21174
461 953238 940822
462 673105 559355
463 306494 846474
464 782403 330584
465 988249 612618
466 615009 926801
467 864327 126644
468 890864 778245
469 149414 811807
470 537800 323915
471 802316 618097
472 718617 742326
473 90428 836583
474 347649 798885
475 138431 452556
476 700617 144774
477 458324 505163
478 799036 313367
479 980628 867602
480 277574 585401
481 4153 307818
482 508595 73671
483 515393 986841
484 114704 330843
485 199553 134751
486 271241 634875
487 157194 465868
488 320557 808463
489 482497 167942
490 760318 993127
491 865845 914801
492 53010 402847
493 608464 307190
494 418205 790656
495 611251 904022
496 663541 818570
497 612254 403049
498 52674 167440
499 460902 252749
500 421769 281964
501 354086 179707
502 38566 145304
503 586710 785816
504 91764 55477
505 896699 491846
506 895161 189971
507 256350 373551
