NAME : portgen-463-7847792
COMMENT : portgen N=463, seed=7847792
TYPE : TSP
DIMENSION : 463
EDGE_WEIGHT_TYPE : EUC_2D
NODE_COORD_SECTION
1 601048 822287
2 544746 903576
3 185217 433344
4 701023 48065
5 85531 291897
6 391705 805145
7 963034 91287
8 784481 578215
9 943034 363561
10 475496 806092
11 225100 448667
12 90752 635636
13 560847 855763
14 430247 423381
15 44094 718833
16 179325 302038
17 311868 908054
18 378075 542909
19 304745 176499
20 482134 869119
21 475278 213289
22 928289 799431
23 233312 289499
24 238617 837128
25 222374 556693
26 386402 939356
27 349145 794614
28 463557 299009
29 510418 636691
30 525500 642308
31 128598 524523
32 565931 216411
33 816618 178415
34 876855 163602
35 857974 494982
36 339597 105905
37 141187 918802
38 419690 285744
39 99522 296137
40 172079 261837
41 345344 793555
42 897881 401786
43 590234 654801
44 736106 95457
45 91436 199660
46 666054 141142
47 318525 987151
48 529522 369372
49 72102 9487
50 379741 947567
51 189977 942479
52 665049 960536
53 211349 592846
54 41475 947359
55 204380 808755
56 562902 414961
57 545255 325840
58 976254 987455
59 205998 578779
60 686889 447246
61 106312 867368
62 783861 910406
63 305005 397117
64 440856 180650
65 707453 826843
66 244269 152162
67 91757 363323
68 698935 930383
69 248299 572040
70 425531 602778
71 448803 157326
72 408568 644189
73 93348 798685
74 357281 408118
75 682146 132404
76 928515 891451
77 302033 552897
78 703298 37814
79 850722 301725
80 261601 280965
81 344546 469434
82 521827 601601
83 359952 405576
84 6393 901065
85 232491 177568
86 630174 797880
87 896633 554484
88 518730 214860
89 565334 230963
90 207108 267190
91 546394 139131
92 919049 426487
93 482297 774834
94 630335 490155
95 3371 293359
96 923989 347234
97 339548 247963
98 972604 650923
99 260693 854083
100 125459 878487
101 233350 126317
102 201009 414956
103 586009 789384
104 972402 875545
105 70600 928463
106 407479 360567
107 298354 968242
108 356976 997312
109 129885 273863
110 628997 709028
111 144882 152309
112 775605 354004
113 944217 503856
114 596870 481676
115 968474 729345
116 242458 689789
117 160363 278644
118 859711 185827
119 840777 950807
120 69511 484984
121 644949 356471
122 861158 294342
123 148476 771680
124 571628 985544
125 303745 468748
126 54052 779016
127 885609 396114
128 636029 543561
129 965954 922365
130 555244 400182
131 948607 21594
132 806034 585616
133 283514 51007
134 499408 4011
135 819765 585295
136 425684 144340
137 970118 160248
138 654976 365865
139 266700 379491
140 717975 400656
141 537901 674504
142 926431 568292
143 780737 220864
144 883755 574746
145 995129 808703
146 686418 836765
147 131042 484216
148 59299 500608
149 386352 700909
150 639366 782611
151 504979 192136
152 267569 903089
153 930846 379548
154 852585 317317
155 615376 415165
156 659806 391207
157 927235 746541
158 713763 111842
159 890552 321818
160 526316 782905
161 664654 798499
162 364645 37154
163 80315 233547
164 876770 67029
165 229402 275427
166 513280 949383
167 764114 302809
168 740849 146693
169 747268 179890
170 854528 668895
171 330311 561937
172 48430 212224
173 144048 887919
174 472119 93887
175 403900 825752
176 623837 319323
177 471507 363938
178 269330 555596
179 428022 964759
180 162239 784153
181 632279 672694
182 462788 946481
183 84853 97869
184 342777 715011
185 602492 825844
186 639722 796664
187 917917 700563
188 159068 345330
189 326991 706
190 767823 524718
191 805525 912011
192 904789 445248
193 643148 840585
194 486594 817633
195 217956 642980
196 803916 32257
197 577397 28684
198 29172 533647
199 644019 347866
200 53156 798717
201 560927 471412
202 326063 879181
203 20226 711826
204 414534 26258
205 720789 428744
206 69002 610388
207 746803 519258
208 980236 600022
209 95297 434104
210 917308 551205
211 453850 994910
212 661855 803774
213 264916 168309
214 470600 38736
215 680337 447241
216 930796 300733
217 279917 339079
218 455716 195136
219 165207 385530
220 465012 43126
221 745288 52489
222 900324 666750
223 189130 809006
224 370401 773622
225 763767 860862
226 63046 605282
227 667529 605914
228 867921 260193
229 191495 986984
230 423465 825089
231 546618 29003
232 561246 677662
233 683455 16513
234 710064 80052
235 330128 171230
236 229620 321674
237 670337 56445
238 488158 848567
239 327380 55941
240 935853 4722
241 976813 483615
242 615271 855247
243 900622 901792
244 739487 602254
245 655623 439202
246 485072 85155
247 55402 293782
248 813506 423614
249 382152 843878
250 178592 340563
251 481625 314460
252 837768 759044
253 884049 579431
254 990011 812282
255 705292 966128
256 520706 589241
257 331361 984262
258 340016 461462
259 973601 267463
260 864156 259841
261 634360 866185
262 901460 989565
263 689604 915160
264 483905 911293
265 172396 908727
266 858555 515098
267 350649 969725
268 484016 387572
269 152254 631008
270 515230 439159
271 928191 472023
272 738097 395781
273 804842 618887
274 183695 65837
275 604177 898345
276 939708 470859
277 671482 269864
278 482007 966527
279 963811 868043
280 275027 496476
281 427176 359002
282 297051 266132
283 37936 48683
284 851144 935579
285 179420 721129
286 277767 907764
287 663286 965811
288 320132 163501
289 194703 631595
290 507557 723077
291 951349 615861
292 636265 675920
293 481551 499552
294 218047 84516
295 931788 435333
296 536428 216675
297 451588 794101
298 161392 20427
299 808737 772286
300 75649 641340
301 424184 552099
302 558279 881100
303 946996 323846
304 834593 995561
305 788313 982455
306 748479 879294
307 936255 839694
308 960048 210501
309 907414 502949
310 104739 17509
311 239945 78858
312 859930 538079
313 296944 725667
314 349484 782186
315 18814 996285
316 328907 199141
317 843282 525101
318 974597 72054
319 679606 796570
320 715871 271049
321 592138 715097
322 979776 914278
323 195387 457569
324 356744 913508
325 497156 435725
326 670942 26551
327 753471 79363
328 312432 225043
329 708817 33178
330 906502 874941
331 644240 38023
332 279690 517263
333 390317 33382
334 899517 21976
335 644306 502478
336 853756 993905
337 5793 669014
338 346567 213394
339 325386 780567
340 225647 71901
341 16850 316306
342 875683 143872
343 352045 290884
344 919450 326019
345 134784 941214
346 172536 657629
347 152264 213393
348 417293 598232
349 709304 310761
350 567711 981992
351 132183 576177
352 687861 425255
353 418874 354636
354 150867 609598
355 727317 21547
356 305592 382797
357 898394 965287
358 702404 986610
359 885758 66297
360 99969 792084
361 324078 588755
362 454265 662314
363 370295 277579
364 306043 580537
365 250140 991930
366 62527 715788
367 53249 204099
368 766309 634052
369 417912 910395
370 441468 365435
371 405125 853153
372 226049 342699
373 617136 583781
374 203364 489949
375 843097 139714
376 292188 128766
377 60621 575781
378 919465 416394
379 522928 483762
380 658946 784822
381 936724 240472
382 168130 361882
383 616422 452438
384 156747 555694
385 348151 118623
386 783245 395808
387 223199 960255
388 499896 195312
389 528134 878484
390 742848 953900
391 754650 822281
392 921591 465318
393 55205 822054
394 547657 691366
395 587677 313870
396 477304 862217
397 562243 322844
398 582189 9316
399 629954 265793
400 842803 421824
401 55646 324880
402 747101 889196
403 385063 469907
404 207174 595303
405 520575 97410
406 868736 831561
407 896085 345075
408 307517 74507
409 678228 845286
410 779692 607105
411 822484 890953
412 712891 926327
413 62976 458365
414 648707 334002
415 575192 29988
416 988137 932830
417 357908 645438
418 85164 923089
419 926195 576516
420 157801 980698
421 143826 702371
422 911673 980571
423 491386 586350
424 149325 635916
425 259867 123824
426 360609 295951
427 690601 812814
428 433686 122816
429 966971 101662
430 804032 461974
431 543712 630658
432 437502 539877
433 953584 166364
434 919887 915513
435 853689 721166
436 925181 42312
437 585418 655868
438 246496 526532
439 200352 900076
440 492640 940160
441 491393 547044
442 529969 113218
443 486276 357479
444 495328 818031
445 691854 918799
446 3201 10681
447 722826 436634
448 55516 101514
449 116953 255805
450 734075 964854
451 385998 249248
452 143275 319707
453 632430 813564
454 765982 577383
455 326538 76207
456 627488 148940
457 409808 885233
458 458772 533030
459 907831 867
460 484361 852069
461 49411 664082
462 181438 888835
463 335167 675933
