NAME : portgen-464-494852
COMMENT : portgen N=464, seed=494852
TYPE : TSP
DIMENSION : 464
EDGE_WEIGHT_TYPE : EUC_2D
NODE_COORD_SECTION
1 781713 439788
2 237901 781711
3 99709 934461
4 688512 591102
5 187743 681468
6 511491 497589
7 321107 819180
8 116580 655446
9 69906 686469
10 49737 100735
11 873706 583663
12 362103 240400
13 251509 277557
14 258214 935162
15 197673 924771
16 700979 389832
17 84166 87182
18 590785 385662
19 655955 703733
20 177159 233035
21 122331 524533
22 388351 94368
23 99811 257450
24 121880 685873
25 796954 561333
26 322528 443909
27 538380 922021
28 181143 391881
29 355621 150718
30 190926 714047
31 278506 984779
32 413942 954708
33 559136 986957
34 109238 226738
35 719369 859130
36 533566 384032
37 889514 488403
38 778206 429796
39 45283 440081
40 59256 859628
41 921936 107495
42 744236 483625
43 646264 716199
44 975889 129458
45 528046 603827
46 276423 429216
47 984363 318029
48 699468 738299
49 635018 899947
50 316161 670014
51 212166 681798
52 626617 937326
53 639397 215032
54 699673 54754
55 275757 464943
56 415992 226163
57 622672 587098
58 437623 849289
59 415 95913
60 255239 820837
61 351938 209290
62 910576 49355
63 646963 851767
64 757415 952188
65 849006 563173
66 730123 990528
67 164324 594312
68 443636 695772
69 484823 157137
70 46002 796974
71 715784 879975
72 874219 707208
73 251888 67133
74 518640 935008
75 671065 847701
76 980884 682830
77 50940 752988
78 939890 221638
79 517474 32305
80 493690 943624
81 730209 542536
82 8752 478782
83 749159 536016
84 351943 915463
85 335209 370490
86 330649 65407
87 424848 407538
88 839952 669108
89 158350 157588
90 109464 425325
91 334293 725109
92 458498 905382
93 832963 187586
94 981776 685542
95 845152 907619
96 343828 569359
97 821927 675511
98 466325 650376
99 455127 466681
100 867256 582780
101 908782 361051
102 825543 245740
103 513407 255774
104 224332 145558
105 920024 752303
106 239862 831932
107 187152 586070
108 599795 160850
109 720608 333241
110 12456 98782
111 80889 885262
112 48207 752428
113 461707 969597
114 239863 179107
115 894130 584178
116 444775 12792
117 237563 357160
118 185463 502360
119 537957 872427
120 305587 672113
121 466978 648534
122 673085 746370
123 826729 458566
124 521151 69498
125 213803 496727
126 410513 276019
127 572550 283078
128 138005 895990
129 123487 468382
130 60277 11046
131 717816 351905
132 839970 247910
133 285325 591327
134 158847 440782
135 759340 141229
136 639698 651110
137 119438 515729
138 688269 804870
139 312711 765129
140 614423 565717
141 846109 771481
142 118830 883083
143 866361 92870
144 172821 989653
145 71834 594136
146 343513 97175
147 113086 164357
148 32415 815867
149 529096 157355
150 58100 21859
151 145854 756022
152 455075 648086
153 650618 639031
154 157188 689467
155 416716 45135
156 723169 133834
157 396547 466141
158 667533 620641
159 238818 675612
160 215495 469457
161 62230 1491
162 382681 737480
163 995374 883675
164 196035 471352
165 865111 49237
166 647681 623244
167 348412 569288
168 842547 712275
169 374933 652689
170 215550 245720
171 854051 497208
172 774157 602376
173 531905 342022
174 714494 375605
175 168983 148739
176 619832 57744
177 292244 8862
178 374177 522609
179 407609 885787
180 805538 938342
181 264098 504498
182 473916 170996
183 191083 225961
184 359676 794170
185 934235 325510
186 906147 863212
187 506629 66756
188 849625 4485
189 709246 373818
190 363303 472765
191 476065 310248
192 665813 926768
193 785139 143182
194 149328 177416
195 378204 616586
196 352598 580762
197 718454 890039
198 339573 990838
199 990578 707401
200 752751 527419
201 632776 340675
202 12302 696218
203 672673 309584
204 391930 365476
205 223723 230995
206 373281 230193
207 507582 188951
208 585744 683335
209 786044 583876
210 831423 200245
211 235382 652274
212 41419 406815
213 692734 565471
214 850910 810411
215 394082 540040
216 612555 343769
217 150095 132307
218 99483 245872
219 802665 476862
220 341023 101804
221 357138 565451
222 345992 177958
223 381203 700323
224 539343 311638
225 197305 774101
226 139928 180166
227 313319 212711
228 914864 289006
229 190580 879994
230 596734 426801
231 506919 915068
232 24452 121918
233 873856 807830
234 884201 329623
235 807747 885420
236 143991 474406
237 386571 57321
238 60317 55215
239 338955 828707
240 491950 403728
241 374890 970915
242 213677 967281
243 33120 697486
244 319316 28176
245 258450 291653
246 361671 473041
247 669114 455602
248 957812 882731
249 178880 288671
250 117641 325987
251 361367 710636
252 819687 793577
253 399210 169012
254 966489 346037
255 179590 217378
256 969689 162403
257 621543 305081
258 65129 33877
259 245954 568850
260 164105 991125
261 628949 595529
262 211981 481759
263 524052 433355
264 654718 592994
265 658110 891304
266 88726 992918
267 649117 274572
268 434038 212487
269 349371 908596
270 902151 999243
271 451531 750466
272 864070 267325
273 662703 766141
274 261059 187354
275 931550 524457
276 228013 585886
277 630560 226337
278 237261 368449
279 61518 545115
280 359538 186723
281 819640 57893
282 443885 180347
283 765846 219222
284 298332 354217
285 642377 298988
286 772818 58600
287 637299 639648
288 763111 43063
289 964969 985644
290 244498 155602
291 371836 109603
292 233455 471386
293 71663 30833
294 549032 468770
295 508725 214815
296 914154 995153
297 266218 603163
298 226424 392931
299 113166 224422
300 504214 619639
301 801171 275414
302 942855 775947
303 152621 118410
304 352430 159173
305 154673 206428
306 819417 592748
307 36389 144722
308 272569 824487
309 791675 840722
310 953922 372915
311 106056 73910
312 850003 22738
313 497816 497403
314 115744 861352
315 487026 644701
316 690633 805795
317 830971 38070
318 336185 779087
319 73213 88733
320 198817 247176
321 239157 708309
322 514847 135810
323 108759 840244
324 145150 243479
325 105346 729021
326 277187 251813
327 737395 859513
328 929005 995376
329 444443 904785
330 439761 373533
331 45197 263697
332 960355 907496
333 967270 111108
334 77901 900579
335 35963 432324
336 679337 548195
337 735375 224900
338 95728 854242
339 336514 990490
340 93732 502440
341 52959 210958
342 421590 113493
343 599503 426936
344 845439 923474
345 70799 225077
346 701186 172633
347 52770 766492
348 567839 690962
349 972933 289946
350 40082 254517
351 503730 154659
352 149747 602906
353 676061 66228
354 830222 623902
355 260009 502069
356 149936 520969
357 833985 214684
358 672347 872563
359 210927 193863
360 339657 276307
361 138174 787954
362 860497 781445
363 928594 524677
364 398448 132469
365 548839 29499
366 24019 712611
367 730481 591663
368 352504 531990
369 376972 206906
370 441145 726939
371 216009 651576
372 583817 794491
373 86902 913232
374 312135 271324
375 837897 43162
376 292514 840464
377 741107 10582
378 230497 791118
379 424178 558083
380 250402 144070
381 689255 623316
382 182756 533069
383 286060 498359
384 937151 39493
385 127782 759115
386 560428 939603
387 355965 296495
388 983793 297710
389 46846 849914
390 550948 137476
391 100499 840364
392 882067 404768
393 340243 400702
394 529855 197412
395 305603 854144
396 594838 337478
397 79123 682030
398 166511 276406
399 295611 287321
400 810698 789191
401 866385 462220
402 720376 700421
403 942662 452149
404 958396 336339
405 670339 829795
406 261263 226765
407 252480 396257
408 549232 351777
409 544193 500725
410 366557 9654
411 202748 649830
412 228795 338590
413 892729 98207
414 219226 655543
415 353832 531643
416 339314 710506
417 179575 721153
418 876212 873733
419 587883 485809
420 855535 988466
421 856509 29129
422 830854 295948
423 651396 945008
424 108683 740533
425 789301 68304
426 57179 640067
427 933489 279055
428 449877 155879
429 282645 999223
430 824209 68929
431 864266 472586
432 480804 681872
433 973285 232134
434 395911 956531
435 744861 604223
436 243093 803659
437 711424 298253
438 952474 562680
439 716340 949740
440 888712 736849
441 815562 220003
442 831334 284903
443 667377 866727
444 229702 497703
445 747867 644078
446 477822 631351
447 740948 251312
448 745372 52849
449 317704 532601
450 343474 88715
451 228668 158942
452 851820 52451
453 252741 837175
454 808733 648586
455 611677 583150
456 926177 784941
457 251355 180131
458 591107 232914
459 731638 229491
460 936499 920435
461 914429 863309
462 613057 656146
463 375555 84150
464 951839 658972
