NAME : portgen-500-536923
COMMENT : portgen N=500, seed=536923
TYPE : TSP
DIMENSION : 500
EDGE_WEIGHT_TYPE : EUC_2D
NODE_COORD_SECTION
1 958059 295965
2 493292 148650
3 425841 446994
4 406695 954620
5 919663 428021
6 231497 915058
7 567943 526753
8 27881 20563
9 607031 656171
10 140286 433062
11 476091 754850
12 369705 762333
13 441735 798464
14 832935 823554
15 938457 859194
16 783459 319883
17 339346 444644
18 266251 64658
19 6126 845196
20 646757 551914
21 7302 535139
22 957536 353981
23 830521 208632
24 533376 653264
25 84953 433074
26 535958 407052
27 277503 597712
28 105358 638176
29 956618 48648
30 882398 361183
31 440867 561498
32 307863 367749
33 420719 696358
34 957522 213961
35 696231 819249
36 487186 953766
37 571218 707211
38 897103 69039
39 477346 771993
40 656975 803558
41 841846 784287
42 941156 577274
43 418327 221960
44 12019 971597
45 23924 569893
46 107136 792165
47 148964 827508
48 64727 53535
49 963921 250325
50 456878 761482
51 731285 761383
52 996289 281394
53 591228 751670
54 465896 700229
55 179385 883398
56 626156 985021
57 24723 312505
58 254047 648702
59 412533 480355
60 303022 367184
61 732437 707196
62 757083 934749
63 87963 725803
64 957477 289824
65 115982 145432
66 603142 777116
67 592607 773576
68 177402 856824
69 759564 628650
70 323227 769625
71 809426 531664
72 668574 656740
73 837455 399939
74 35082 214215
75 739544 338923
76 96058 674096
77 134343 311445
78 158339 954168
79 168775 222712
80 103991 734403
81 992106 837246
82 377002 409760
83 73971 94492
84 316446 367983
85 475049 854107
86 613619 198318
87 740810 964099
88 271126 58340
89 572853 445637
90 776409 133794
91 557028 734764
92 185832 381578
93 153326 765896
94 400114 182847
95 699605 82910
96 540377 391581
97 153600 469120
98 156005 611108
99 790854 704475
100 385614 779115
101 827086 589444
102 437805 605750
103 781894 361293
104 488264 752764
105 158119 392443
106 554054 985927
107 523107 21081
108 194026 600525
109 683645 907882
110 253754 462862
111 303637 611971
112 982368 695934
113 27020 24175
114 760512 135059
115 182204 909832
116 570075 820088
117 287518 383966
118 579739 571101
119 211657 164751
120 187552 552800
121 82250 492232
122 929092 236742
123 779272 928405
124 409212 457666
125 442099 131829
126 850595 655794
127 522270 475781
128 209039 6998
129 301926 53839
130 26010 210793
131 149636 323513
132 565212 605318
133 310193 61822
134 56834 286364
135 241809 265620
136 191312 225979
137 465782 121925
138 612267 647843
139 89701 506587
140 486894 20022
141 722249 706673
142 109049 971411
143 760196 246562
144 254876 682199
145 73772 517917
146 514266 925292
147 922941 921932
148 361487 856270
149 26449 807167
150 624475 131428
151 838704 902625
152 970771 422076
153 409580 143921
154 546744 550858
155 715585 962476
156 752122 619726
157 980066 508092
158 696526 224343
159 400571 643280
160 243830 453923
161 35372 249667
162 661888 110380
163 426915 288687
164 255208 43705
165 712344 468345
166 101099 538842
167 791001 524417
168 267900 102523
169 726607 600956
170 274884 535852
171 845991 611595
172 438369 619849
173 482545 264599
174 263404 812560
175 495016 72800
176 601061 982743
177 94822 156130
178 30328 299861
179 111624 446353
180 154176 307057
181 417313 945787
182 275974 179733
183 116485 140526
184 181357 360216
185 25547 431927
186 960939 588010
187 148264 171030
188 852861 52629
189 154844 505758
190 80051 127054
191 177063 808855
192 889529 405287
193 51031 155311
194 262868 611268
195 407932 127373
196 921165 366391
197 575409 842957
198 574912 257980
199 463331 267339
200 766987 429915
201 109754 757645
202 732509 367962
203 895736 792206
204 93213 689535
205 105099 875017
206 36993 500355
207 38421 26802
208 385891 50922
209 370377 433016
210 604820 858505
211 677195 914018
212 593228 595631
213 322172 203293
214 855501 780302
215 275293 60655
216 959415 465309
217 400659 205034
218 90060 676707
219 770434 862726
220 19396 108
221 784933 829851
222 6447 549426
223 450178 7147
224 773162 979778
225 520784 371619
226 402478 683029
227 992045 706332
228 470500 644445
229 356986 527474
230 277901 219029
231 21771 230487
232 670138 104990
233 90083 207141
234 493908 488994
235 576623 378743
236 277759 390599
237 912232 233201
238 456026 994165
239 921972 886896
240 125130 677727
241 846307 328027
242 502401 56263
243 38883 728928
244 795170 295669
245 114951 882919
246 182799 281440
247 286103 640652
248 722349 394333
249 917619 773246
250 93400 456012
251 85175 886266
252 854647 843056
253 525311 74451
254 180628 935782
255 667448 741572
256 849274 61317
257 412522 394981
258 36229 740331
259 944384 29486
260 382641 695749
261 289522 720661
262 395593 120610
263 293567 391493
264 535952 69175
265 707889 381574
266 813537 986190
267 219447 383558
268 828453 784990
269 915504 107419
270 20034 298551
271 784544 765684
272 913028 419201
273 593397 462137
274 885846 165492
275 347084 330855
276 858381 848443
277 65356 711826
278 642475 98985
279 666818 471088
280 14603 740321
281 158947 73209
282 915747 368896
283 957028 83590
284 148289 993321
285 801584 574092
286 854485 778891
287 682401 51785
288 837368 441078
289 655304 683767
290 478135 194582
291 724674 64863
292 54571 967568
293 222627 740328
294 70442 850551
295 426529 744863
296 636700 922183
297 305834 445942
298 444066 5652
299 83282 861243
300 581833 152318
301 806832 202079
302 687356 152502
303 606181 793517
304 793871 97788
305 489199 902146
306 28543 816267
307 44559 269740
308 103620 236764
309 767374 469805
310 924829 951376
311 307 287046
312 411487 649265
313 767259 652405
314 91535 529898
315 445603 43850
316 647206 557516
317 194567 575988
318 166038 908407
319 20304 784831
320 863947 985862
321 972954 600636
322 925721 475153
323 744555 349654
324 510695 656568
325 678682 791660
326 914116 553383
327 415639 537983
328 505112 249316
329 7511 111367
330 986464 697773
331 773213 9040
332 233840 503336
333 929192 427907
334 890545 569405
335 525185 753965
336 726068 110805
337 791123 133168
338 37259 446923
339 871406 873504
340 144153 517943
341 644894 980167
342 543434 747829
343 270637 638166
344 323676 691231
345 646796 738131
346 17862 450898
347 259646 109982
348 259794 862148
349 809513 792552
350 437893 297631
351 478248 637191
352 512415 160739
353 146766 933949
354 9949 667809
355 267345 866946
356 925640 316279
357 464571 248333
358 679911 322314
359 749394 123858
360 243541 67044
361 618394 97992
362 131511 227553
363 275717 88876
364 598390 630383
365 986402 103310
366 436974 203596
367 606158 277207
368 592302 328614
369 515595 295101
370 67917 948323
371 888771 199817
372 447690 579751
373 119737 919869
374 319387 32092
375 834264 170918
376 263758 179129
377 806150 334583
378 860657 274651
379 31033 235208
380 568436 818152
381 418353 714847
382 599892 319022
383 978174 725822
384 868589 884820
385 128595 760042
386 2926 717301
387 289593 72623
388 803285 439264
389 291841 796928
390 366896 1066
391 57843 363181
392 61946 168249
393 684956 722127
394 603704 287136
395 299032 866480
396 460024 630775
397 166505 307875
398 945396 171470
399 910224 375067
400 776465 680472
401 628028 522459
402 665196 833198
403 113075 900576
404 117183 637901
405 649627 138529
406 670946 743896
407 936175 701956
408 358128 787578
409 548341 292016
410 373625 806703
411 815598 493522
412 108354 448123
413 132014 480467
414 52105 456395
415 959547 902709
416 322081 653940
417 147300 228366
418 330119 313946
419 427006 359989
420 810121 897378
421 173785 311687
422 913510 492329
423 50882 966501
424 522421 718382
425 175860 464928
426 119365 453829
427 415519 873756
428 358391 974087
429 375158 436829
430 503078 799128
431 473569 757193
432 827780 752248
433 964744 359258
434 830386 443846
435 651074 391626
436 265156 829959
437 116156 908696
438 687338 361768
439 78003 234597
440 89731 157926
441 105309 615275
442 953316 160418
443 429139 564887
444 826160 395051
445 263621 970861
446 483560 983160
447 708915 418495
448 632221 343825
449 195531 4813
450 804990 689113
451 888498 287823
452 628650 17934
453 359619 504090
454 500512 255100
455 444616 793504
456 147927 980106
457 173208 532217
458 315568 490409
459 48277 409284
460 120027 620919
461 163726 825572
462 638855 961960
463 503127 977333
464 201309 98221
465 549077 183247
466 861256 822902
467 789981 296227
468 9998 125203
469 442066 421099
470 844850 938730
471 516609 416875
472 275024 642702
473 807134 657988
474 344304 746954
475 915367 654887
476 142516 97310
477 455736 621743
478 827857 65595
479 497842 332422
480 7935 234416
481 62023 79413
482 410249 505886
483 276894 731052
484 705082 530506
485 725082 657580
486 146104 301322
487 493917 465139
488 478403 66416
489 369835 17112
490 134103 437531
491 479491 868886
492 90285 314661
493 121224 781843
494 412653 284095
495 19333 278945
496 420120 911560
497 696017 187270
498 792625 215286
499 922957 809884
500 164298 740718
