NAME : portgen-584-9594496
COMMENT : portgen N=584, seed=9594496
TYPE : TSP
DIMENSION : 584
EDGE_WEIGHT_TYPE : EUC_2D
NODE_COORD_SECTION
1 636160 947149
2 448483 494185
3 475654 79009
4 59853 500451
5 709823 624426
6 711799 55565
7 666683 706107
8 886892 551776
9 798438 565426
10 597367 451354
11 548285 739283
12 43941 844322
13 61679 196878
14 326115 877068
15 500792 267626
16 357254 286734
17 305873 547334
18 618412 504622
19 549909 847928
20 651779 75114
21 666645 758526
22 552771 38165
23 318334 471701
24 370065 422985
25 601089 17980
26 992231 294744
27 429033 526111
28 432581 349426
29 641275 901148
30 875773 971032
31 529100 211925
32 848672 634708
33 957780 953272
34 502793 628518
35 387772 415191
36 181710 375453
37 964337 579386
38 459122 253540
39 310250 517829
40 411741 712253
41 555602 424967
42 1294 529760
43 738526 145328
44 438062 671165
45 589553 665139
46 1828 921390
47 460155 236588
48 893403 291192
49 794188 973384
50 579042 64793
51 161451 852235
52 11243 888836
53 462378 567264
54 293449 899273
55 787585 287252
56 911363 970110
57 311594 210634
58 969204 607709
59 751770 612083
60 741305 666588
61 159084 529408
62 49475 322979
63 253739 329474
64 364209 75501
65 117008 891858
66 960090 410977
67 730244 124489
68 800889 585491
69 113372 790660
70 560555 130816
71 393557 825978
72 929860 922965
73 506055 472419
74 871915 137176
75 982848 563928
76 926982 718687
77 856376 687184
78 104703 750474
79 121991 886754
80 87946 876886
81 453891 502789
82 338717 656768
83 893694 85385
84 40250 388628
85 704579 496784
86 735793 614594
87 629234 177376
88 739606 440396
89 673032 362290
90 218275 503265
91 207483 477455
92 987554 240122
93 437966 457301
94 72259 73475
95 230795 715504
96 545241 724743
97 86081 63771
98 395023 778963
99 196744 752483
100 183359 65658
101 799387 509625
102 918900 479583
103 356445 449527
104 731133 616254
105 249218 647401
106 678214 48516
107 655959 372442
108 331644 729148
109 416707 274946
110 261745 114731
111 888641 287766
112 205269 638920
113 697397 226168
114 695694 149650
115 820930 290078
116 709263 56778
117 113071 570873
118 825050 158966
119 821495 615112
120 908477 708817
121 40593 797313
122 811729 116064
123 826863 257474
124 519474 447160
125 366373 168855
126 83268 47093
127 931552 893280
128 356395 742608
129 396553 348026
130 654533 197479
131 628031 116020
132 707777 540401
133 606808 880900
134 236787 539895
135 545579 74170
136 209674 969547
137 908572 92890
138 31462 841548
139 356213 311988
140 282525 954788
141 829614 347668
142 495117 623451
143 662047 593242
144 349001 572670
145 964065 944149
146 922178 281600
147 69533 834306
148 499143 71046
149 888741 718839
150 84601 985315
151 901260 207485
152 164635 411584
153 339240 735600
154 551975 308101
155 231232 763152
156 393607 823883
157 383960 710383
158 275300 346430
159 46487 873470
160 41257 535762
161 992159 517948
162 455293 560263
163 172909 2188
164 804912 496988
165 753649 295862
166 289572 48112
167 80756 519372
168 561181 5731
169 963707 784733
170 348151 315617
171 546754 475531
172 531413 428303
173 951989 404230
174 826306 509269
175 661397 496955
176 266133 391752
177 965189 788739
178 695742 853148
179 126729 645262
180 850403 333509
181 771892 767241
182 959950 915615
183 216398 918076
184 292469 955657
185 758394 871070
186 520123 537218
187 212072 544302
188 269628 600407
189 552758 666554
190 864521 319760
191 875459 159650
192 646584 420140
193 523969 522330
194 88162 165140
195 302974 643104
196 713261 8050
197 26339 477080
198 795493 9535
199 263458 987110
200 158674 351582
201 851471 159752
202 644747 341636
203 621495 106483
204 745168 545049
205 264770 173411
206 764986 961588
207 342287 207298
208 620247 763842
209 740902 482869
210 120121 206862
211 654617 305358
212 796982 406811
213 19598 360371
214 892470 870435
215 922806 163144
216 855238 7709
217 401784 691109
218 554774 913870
219 817362 439286
220 799892 760126
221 781427 605292
222 45019 96112
223 988487 407902
224 211067 619527
225 457482 435122
226 117064 393022
227 64304 995529
228 496343 843761
229 757968 953638
230 786862 707625
231 289121 305881
232 745157 504643
233 391984 159693
234 916569 246175
235 218811 212345
236 552775 121375
237 25387 684998
238 89797 261595
239 241054 801452
240 910468 175836
241 602402 938832
242 83573 215181
243 874023 549357
244 262552 897140
245 299125 395080
246 997301 571186
247 220475 587546
248 207351 660052
249 579905 360021
250 6314 726891
251 166848 409614
252 709058 281645
253 832719 178232
254 309449 849123
255 121506 946986
256 581209 860828
257 654513 391782
258 710323 717935
259 85406 157610
260 297292 731931
261 579788 556547
262 239861 491919
263 45497 143160
264 412316 743741
265 852278 911564
266 952145 391931
267 679945 963482
268 594627 741574
269 284319 691791
270 504857 156088
271 463950 104942
272 599847 567193
273 815292 440753
274 331325 728555
275 542049 64190
276 247735 836164
277 507742 94749
278 774746 774916
279 729668 745576
280 687018 91145
281 893913 617658
282 344266 965418
283 483035 476267
284 260980 87319
285 576489 269570
286 386609 356850
287 615560 233102
288 484196 743624
289 48805 145111
290 717173 270580
291 413491 666740
292 56722 761133
293 17651 334487
294 47665 714527
295 480446 118359
296 480594 196999
297 115301 235286
298 769478 107100
299 489381 366745
300 82996 71668
301 391948 186213
302 11382 271469
303 650699 580995
304 779441 746609
305 77098 440259
306 727251 15141
307 265129 568659
308 610551 696914
309 502357 108979
310 195940 375935
311 986885 894235
312 4323 504821
313 877621 200395
314 345468 344091
315 582403 903201
316 964182 302195
317 68013 276914
318 543329 398350
319 401610 488063
320 150582 320737
321 832130 938685
322 518587 104511
323 131474 586358
324 192676 610479
325 357664 569082
326 761631 145290
327 784342 179795
328 107485 89752
329 118200 734468
330 728140 252348
331 179384 291378
332 596027 756361
333 608128 788565
334 496554 160618
335 437184 24192
336 504238 891877
337 751314 626857
338 614303 841594
339 109893 824527
340 397336 787869
341 82194 611000
342 615951 330054
343 723816 672804
344 706168 311651
345 668785 754763
346 901796 240992
347 50878 126389
348 816498 940252
349 187371 891729
350 490208 289879
351 476465 368148
352 213143 569795
353 486887 150631
354 529339 454287
355 455979 434681
356 383584 806548
357 65683 973376
358 350552 938392
359 240499 469637
360 939862 667876
361 601194 604824
362 670409 147305
363 547726 136089
364 678734 181519
365 139970 463671
366 312255 655605
367 368547 962654
368 404285 275645
369 545316 642574
370 979501 785423
371 432304 236531
372 371789 908
373 153568 296971
374 570582 903573
375 578663 680409
376 261518 5852
377 751759 26536
378 977623 820860
379 999600 250488
380 165510 211241
381 605314 886765
382 474786 670555
383 2377 147052
384 434759 64774
385 819808 53581
386 367809 336926
387 890973 259452
388 406358 595342
389 853064 643872
390 169681 726866
391 136488 428245
392 16008 928728
393 858356 425490
394 180818 697992
395 960277 257232
396 840886 480542
397 822765 925920
398 417614 95377
399 345557 112337
400 594550 558225
401 443906 926709
402 733891 851797
403 543920 833272
404 989843 823031
405 168179 552133
406 640041 301608
407 290211 908278
408 370355 124771
409 63999 548866
410 252941 906999
411 801495 322422
412 470223 261582
413 609674 441100
414 603035 39176
415 715532 573086
416 605499 30033
417 475693 617548
418 86824 834880
419 138034 107730
420 558373 733584
421 361491 631952
422 445050 53278
423 455736 518464
424 10319 561183
425 316245 976513
426 492342 306380
427 396804 21464
428 952726 413873
429 451016 116342
430 764972 709040
431 695237 882113
432 264658 434594
433 190641 8089
434 856557 236933
435 452541 851890
436 114452 502815
437 232620 276427
438 414656 495114
439 925617 448759
440 308855 195801
441 990083 486692
442 274203 6491
443 877848 723385
444 765375 41098
445 426906 78734
446 978322 901101
447 655188 706482
448 619132 858675
449 399331 168622
450 638621 960622
451 592847 561559
452 252327 120444
453 986430 5650
454 32177 390312
455 143616 229341
456 648497 409918
457 689436 686238
458 730717 794136
459 226924 558175
460 815462 331965
461 608758 687934
462 598311 491919
463 259043 552892
464 250487 112176
465 289997 409006
466 462937 535304
467 305142 79514
468 547303 580165
469 797256 587965
470 275774 83711
471 496460 207200
472 225635 94940
473 469976 290387
474 302789 163269
475 447439 66239
476 608187 287154
477 878625 229615
478 497685 57542
479 256417 172813
480 573141 406265
481 208394 444212
482 114538 59905
483 732880 441297
484 184282 594495
485 216262 440330
486 491347 63655
487 110735 749223
488 723778 321603
489 809309 368696
490 994234 201500
491 296475 77674
492 539035 883731
493 200612 18725
494 420765 245237
495 346634 106005
496 395882 202761
497 371703 835443
498 592363 432805
499 96464 476412
500 371162 148372
501 481078 934092
502 169034 245939
503 769763 530513
504 748119 994893
505 29003 478959
506 636777 11179
507 826178 467135
508 10382 5633
509 72508 279095
510 467541 300074
511 344833 707870
512 223332 67889
513 959251 557255
514 894621 864796
515 979460 193264
516 573484 814415
517 339693 515274
518 564723 285296
519 251496 71899
520 873349 194978
521 946216 141670
522 777695 46559
523 761172 688011
524 979428 303813
525 876191 35107
526 538184 231667
527 496951 177897
528 574888 666662
529 594399 653759
530 681215 484466
531 279017 676220
532 121544 834024
533 532743 495106
534 233483 779618
535 705963 322370
536 26204 768695
537 402903 432433
538 761890 113165
539 210918 45434
540 493001 292588
541 962856 240861
542 183580 494993
543 914247 897263
544 692870 505669
545 982530 69616
546 51813 471877
547 365935 550978
548 168774 177520
549 738767 345262
550 284669 648006
551 477092 933993
552 810811 583602
553 72251 297322
554 48086 1958
555 263649 677624
556 973792 88730
557 671229 611599
558 432653 807139
559 310284 570565
560 665249 355223
561 756339 888221
562 494949 57957
563 845277 92210
564 957884 819300
565 360182 464567
566 65078 208960
567 781784 815377
568 318796 874126
569 569632 571981
570 62340 107108
571 586979 122304
572 840419 627307
573 313277 163592
574 976927 307978
575 705700 76563
576 219635 919467
577 985079 820101
578 582927 268132
579 152208 995433
580 264806 198125
581 727690 476105
582 939617 156541
583 90644 851487
584 248310 43921
