NAME : portgen-523-3589103
COMMENT : portgen N=523, seed=3589103
TYPE : TSP
DIMENSION : 523
EDGE_WEIGHT_TYPE : EUC_2D
NODE_COORD_SECTION
1 537625 179140
2 520588 200029
3 781969 504391
4 189811 629391
5 881337 632375
6 315052 199355
7 796681 587158
8 699263 199943
9 360847 464034
10 652295 480735
11 306026 685744
12 978432 876058
13 157388 188600
14 729705 584925
15 957569 404195
16 610869 501407
17 3201 232409
18 470236 720532
19 385984 447718
20 451436 349391
21 564107 625643
22 380811 403227
23 322927 831786
24 344377 462426
25 30756 39947
26 285274 960889
27 478781 665287
28 65619 36218
29 175938 288179
30 729793 61436
31 118407 742092
32 177955 531945
33 68267 689409
34 818544 393454
35 264231 867476
36 855566 898421
37 433277 612347
38 195460 345136
39 206962 313145
40 810439 121170
41 12662 441526
42 855132 896133
43 285787 868776
44 323451 471255
45 164141 780827
46 901988 992529
47 183487 583959
48 493825 665686
49 192365 768463
50 207766 977790
51 624823 31232
52 651986 909586
53 27285 843747
54 105757 582648
55 379499 196842
56 712766 704682
57 124037 948965
58 159447 125878
59 558605 593996
60 38120 402581
61 497043 50081
62 185687 286440
63 242652 824333
64 246434 523691
65 585062 351713
66 239378 624314
67 933645 613597
68 408403 307979
69 317489 906166
70 736685 159909
71 310171 729455
72 433135 761560
73 283784 851907
74 806842 897046
75 341307 669491
76 419251 668674
77 183401 856053
78 738412 509
79 97586 38389
80 501182 719306
81 526258 199591
82 845962 219589
83 886670 983310
84 271547 362477
85 665181 307540
86 319036 661558
87 252688 368629
88 983329 828369
89 866679 329634
90 548028 242143
91 726747 208045
92 22508 865755
93 825454 39787
94 778352 714056
95 726926 425092
96 36431 955012
97 240985 429145
98 840873 648612
99 476766 64505
100 778230 455415
101 985227 477207
102 349017 99163
103 942743 211206
104 646166 317645
105 30598 698624
106 222156 383530
107 311462 76090
108 682874 571246
109 958606 416817
110 378716 238057
111 506544 207042
112 584246 209766
113 322313 841828
114 312540 153525
115 425885 772123
116 182202 549034
117 299036 849403
118 19986 343217
119 896583 946418
120 182881 254208
121 81181 361534
122 335340 488869
123 918548 829389
124 370765 31218
125 106832 999044
126 336072 323241
127 638619 6106
128 273212 436192
129 178171 499614
130 79177 599526
131 314622 699748
132 134763 776389
133 617443 860622
134 48189 822593
135 157541 853484
136 200480 927387
137 309985 379671
138 901985 183303
139 568422 578139
140 936554 886120
141 663656 812926
142 74348 826359
143 457500 482454
144 414270 522646
145 231960 159364
146 295027 73989
147 788876 329396
148 53727 153793
149 51549 955669
150 586883 735245
151 260967 792625
152 94664 220711
153 335388 523145
154 248892 812260
155 548605 790757
156 21922 655525
157 267653 919812
158 304499 240632
159 910871 805367
160 722662 463649
161 809072 92520
162 235709 422296
163 592516 407855
164 832723 89273
165 44283 378840
166 934410 756161
167 29534 145796
168 864197 8131
169 545272 154535
170 521860 216868
171 571582 608903
172 799983 768310
173 350292 202506
174 838280 366579
175 736879 645872
176 321070 962276
177 911385 208043
178 800835 504806
179 763091 948867
180 356514 327256
181 977872 94357
182 290400 331737
183 219174 413018
184 855541 499343
185 569520 101992
186 402352 544292
187 68487 76789
188 142579 846795
189 181134 27666
190 621461 87710
191 644763 883855
192 732759 717026
193 400967 840052
194 465761 697796
195 926622 451178
196 152589 45929
197 585015 419867
198 814515 27290
199 540416 723194
200 625731 503496
201 21371 810614
202 745118 649168
203 1109 437215
204 229517 194359
205 807076 960782
206 39044 65295
207 22245 905335
208 174667 931943
209 509341 870532
210 517222 191883
211 872602 132347
212 873612 66024
213 80620 591738
214 799173 419318
215 75680 705363
216 617278 986775
217 220589 660678
218 48666 579468
219 861609 827423
220 542359 469024
221 330710 595228
222 180574 734738
223 578576 20241
224 172317 518990
225 339246 222776
226 228116 121097
227 647513 920367
228 886217 34596
229 590024 84439
230 600502 421640
231 575606 402093
232 652000 338052
233 630071 443816
234 884720 287507
235 326759 154425
236 759626 990351
237 531286 294445
238 963767 751505
239 484834 953244
240 179807 46024
241 1714 714734
242 818815 654040
243 129757 215185
244 334774 882537
245 30607 604849
246 694747 574101
247 500664 387933
248 709397 340359
249 63942 886128
250 770970 827070
251 535407 219072
252 339183 293222
253 221062 513382
254 302282 993473
255 790609 671031
256 699821 707486
257 53832 995653
258 726892 1504
259 901428 264066
260 628654 289712
261 379874 998592
262 516537 499688
263 619017 540554
264 651167 238063
265 73383 450384
266 449222 491360
267 162635 508775
268 346202 294227
269 660901 823161
270 927147 128253
271 313757 70707
272 253883 740895
273 224974 696155
274 57564 976
275 768916 168843
276 689192 825878
277 812744 320585
278 377847 44047
279 56436 830408
280 947019 926834
281 852480 479120
282 66326 662356
283 357274 629113
284 453603 312937
285 770678 30737
286 943939 900451
287 495150 459810
288 600519 553996
289 185847 195951
290 121840 574970
291 484117 820759
292 291044 146548
293 597904 970102
294 425034 500279
295 151500 717089
296 840623 347964
297 52483 896409
298 184313 413305
299 575557 794072
300 140375 670978
301 510307 861613
302 879136 193945
303 684726 868433
304 534833 666196
305 722681 407745
306 619012 556157
307 678908 229930
308 86211 504516
309 426636 169917
310 478042 943969
311 53556 659531
312 172562 99699
313 520430 82326
314 21315 301205
315 775084 732086
316 19162 519651
317 473269 714095
318 955957 927959
319 141850 61113
320 60337 93388
321 543465 255116
322 22236 207530
323 663532 181092
324 175402 952783
325 375978 101986
326 391989 274352
327 18987 408288
328 651816 990655
329 388343 165041
330 237987 756766
331 726582 473720
332 605858 629293
333 864279 363895
334 533920 471377
335 566397 905118
336 329114 473853
337 793938 376056
338 551979 779204
339 640543 764273
340 447883 529774
341 693983 856274
342 63217 18317
343 5504 545442
344 913793 843976
345 849815 592061
346 394039 670473
347 494716 155218
348 764274 69612
349 461178 646180
350 655551 884328
351 540548 411128
352 504900 846203
353 408003 535715
354 211134 670
355 402783 106374
356 76862 544367
357 315225 645925
358 362727 56109
359 979004 450639
360 865019 794666
361 902717 887740
362 815826 682069
363 364570 917985
364 968952 947734
365 968052 16263
366 568069 639873
367 361489 341508
368 452911 149615
369 541048 417291
370 655590 949395
371 566438 463153
372 978956 55149
373 689344 506298
374 854646 812646
375 790648 846288
376 100659 513443
377 678127 639287
378 316258 900674
379 49638 163391
380 393292 258388
381 994667 793843
382 345079 453388
383 539936 613709
384 565411 260076
385 956581 856428
386 201462 166357
387 659991 18731
388 694006 389273
389 209612 176539
390 365810 463895
391 868347 805561
392 554442 709664
393 21596 774226
394 294794 908101
395 801571 839202
396 584204 280972
397 460710 799161
398 747933 400080
399 803161 960225
400 361142 300070
401 296685 678107
402 446836 326752
403 977941 295098
404 959001 968463
405 617690 542032
406 605880 141536
407 361819 554089
408 674184 713695
409 333132 545918
410 705455 139856
411 810547 605185
412 898934 656510
413 559743 523354
414 719521 333238
415 40790 398908
416 430272 241149
417 558848 823777
418 858014 726810
419 443741 353
420 35479 307901
421 441093 748875
422 202646 661715
423 28654 979018
424 382037 804199
425 239418 224578
426 680559 469923
427 919435 962233
428 869798 55536
429 119259 623058
430 468738 251130
431 851357 958648
432 932983 309789
433 100939 857004
434 938890 700103
435 525434 695166
436 331657 528933
437 306499 480877
438 459296 340624
439 685750 936700
440 786712 504206
441 404095 96463
442 864500 789659
443 547550 471624
444 308165 249058
445 722838 1009
446 787919 743637
447 474918 340313
448 976243 912160
449 442375 721768
450 202419 688029
451 293267 445337
452 17487 735211
453 820482 584095
454 605422 129775
455 414683 398173
456 747370 870200
457 900219 467728
458 463211 107720
459 483729 592669
460 333546 188778
461 414628 217122
462 497684 837404
463 401898 886320
464 511445 571288
465 660394 875201
466 735201 555974
467 522016 388538
468 756836 533895
469 196244 396771
470 326447 439830
471 987894 715495
472 915511 534060
473 586380 570797
474 245952 637513
475 938415 89923
476 400714 871087
477 61374 327217
478 952827 737292
479 923320 628948
480 978374 286587
481 387851 208650
482 803328 974853
483 410279 31874
484 954688 366159
485 881347 892414
486 861767 846216
487 654254 243623
488 788064 543541
489 155747 170466
490 884576 664606
491 962999 882497
492 592913 373807
493 487349 526551
494 752646 547163
495 978259 724961
496 579206 830085
497 515423 434033
498 578062 141677
499 61241 671888
500 745996 42838
501 415049 75485
502 752936 273808
503 126923 518217
504 278173 687566
505 839868 426276
506 984645 376156
507 650688 253413
508 707380 557766
509 693227 369294
510 396790 268601
511 970633 282800
512 620162 838508
513 477364 786282
514 93280 380445
515 116700 269846
516 265368 468181
517 330598 458299
518 679960 586843
519 231808 339500
520 666427 929582
521 833323 383352
522 150372 709658
523 754327 296406
