NAME : portgen-474-3876591
COMMENT : portgen N=474, seed=3876591
TYPE : TSP
DIMENSION : 474
EDGE_WEIGHT_TYPE : EUC_2D
NODE_COORD_SECTION
1 685047 116829
2 535110 825409
3 617101 498971
4 93304 639994
5 633119 237665
6 836083 914490
7 218671 736707
8 229415 674657
9 811752 398210
10 212342 985192
11 337509 29594
12 89094 21994
13 126857 687910
14 188489 217310
15 600920 807265
16 905797 610898
17 64174 741881
18 48197 712884
19 186111 195598
20 389414 561075
21 380140 821
22 592809 316724
23 80016 964762
24 193875 986784
25 484610 721564
26 664883 456457
27 881033 412262
28 937399 74149
29 52654 793228
30 777212 904216
31 312860 897706
32 250579 72043
33 857524 835262
34 321680 901946
35 656691 264652
36 480781 824968
37 913600 490778
38 320308 881051
39 148561 676832
40 84594 52708
41 635255 395260
42 440098 696703
43 494404 8091
44 360318 992130
45 884357 212934
46 391204 284164
47 538906 124762
48 80294 555171
49 87220 102031
50 996415 198964
51 816201 517043
52 902189 431902
53 86308 269622
54 16359 184329
55 917857 929308
56 713830 60524
57 908871 564277
58 513012 28695
59 358799 125817
60 991749 302352
61 748041 219648
62 905530 457726
63 448451 963737
64 922778 481698
65 404469 50686
66 864692 964231
67 758974 155286
68 338877 574730
69 486389 875820
70 183690 465708
71 649291 234501
72 380 582004
73 464893 171555
74 378633 81180
75 676310 116556
76 632393 605522
77 697562 945729
78 334272 851969
79 758068 746903
80 93024 511577
81 783233 140538
82 639 452148
83 280017 479329
84 60144 326867
85 99384 341457
86 650062 277619
87 449506 875193
88 669959 142518
89 522086 959801
90 123454 596482
91 205669 175875
92 388673 892891
93 267452 724153
94 963592 306826
95 875268 859548
96 514586 159521
97 776436 842233
98 815646 371671
99 784994 125186
100 912044 322374
101 649468 418832
102 957726 79828
103 910886 456517
104 216849 804670
105 678276 610118
106 888376 451242
107 871634 233476
108 996991 623712
109 364102 158405
110 636502 908345
111 694334 934958
112 414822 777009
113 691988 231229
114 319893 369677
115 964307 213441
116 925669 717416
117 281524 513335
118 708105 754427
119 304240 155197
120 895900 643740
121 360050 805186
122 670324 966923
123 165214 579628
124 744698 999426
125 150244 584417
126 51778 415316
127 160879 698602
128 396704 932052
129 137308 444390
130 371723 156459
131 152277 61651
132 908770 34536
133 250067 83190
134 780918 904711
135 68262 417363
136 879013 364675
137 8160 52084
138 856566 279017
139 774079 716220
140 380305 759936
141 93920 875503
142 997954 807847
143 61164 864018
144 808645 246988
145 263268 624915
146 973508 399529
147 86935 478536
148 764727 995375
149 797026 618239
150 110356 886196
151 805548 28478
152 619121 390308
153 490496 176275
154 417362 353031
155 637437 532686
156 123406 890320
157 181122 746808
158 182950 752747
159 974716 430233
160 269809 254692
161 286164 162678
162 794355 182065
163 611814 850535
164 745554 617852
165 561588 680291
166 861655 421047
167 78782 847618
168 636529 203600
169 694380 251145
170 624896 308416
171 889301 378411
172 977179 8575
173 338751 810830
174 605174 904869
175 866721 914192
176 249821 179173
177 56651 430064
178 24541 384500
179 949695 771503
180 753778 286895
181 481894 166216
182 728134 329020
183 643384 744994
184 913141 172546
185 408057 372120
186 147573 69846
187 563512 355616
188 4871 106990
189 106027 364290
190 157524 227313
191 900839 974050
192 864074 274692
193 198396 695438
194 692913 749761
195 204233 891535
196 290459 521834
197 843088 252776
198 160843 819454
199 814899 621562
200 3704 231760
201 704802 240883
202 747345 639407
203 13352 275770
204 315098 781959
205 231667 329103
206 691587 199933
207 567269 862243
208 996436 960060
209 323128 475358
210 168177 823930
211 930095 291579
212 168842 176297
213 667317 906690
214 322501 924104
215 342264 729100
216 791892 324068
217 132622 828421
218 535726 700905
219 406781 1831
220 278255 238336
221 372310 217554
222 581584 380303
223 961439 998880
224 352991 666791
225 585458 254152
226 496953 890795
227 279297 274603
228 439868 380734
229 108260 918924
230 103681 312446
231 868988 313267
232 503703 993331
233 956792 474032
234 618349 186965
235 900803 997556
236 607068 656337
237 889900 914024
238 326977 39300
239 12281 894238
240 736429 286583
241 798429 403577
242 820422 29817
243 860112 478625
244 820365 139290
245 871628 61693
246 82556 219815
247 101027 280699
248 631267 715972
249 327654 667559
250 53326 922139
251 986598 458753
252 930361 298874
253 455723 93375
254 70372 249479
255 414491 961242
256 560369 968970
257 47295 41988
258 229889 649172
259 212239 223003
260 362064 240820
261 146378 950789
262 133638 978663
263 10957 148315
264 725975 591025
265 458301 233601
266 968927 762801
267 479747 775186
268 726214 829459
269 356281 778434
270 799927 210939
271 266385 597361
272 777226 630808
273 915315 131766
274 86177 122363
275 269742 482952
276 989997 736629
277 209257 819725
278 953212 223797
279 979005 155175
280 572660 626264
281 737093 291938
282 449552 203551
283 694857 963007
284 191743 416487
285 126672 98123
286 562995 89875
287 953261 879111
288 250822 409748
289 741532 313913
290 25451 787160
291 169309 570799
292 18364 832037
293 496507 676989
294 313249 276195
295 80328 763206
296 637716 939794
297 651761 701804
298 647943 176510
299 644100 898115
300 379985 505566
301 390234 772263
302 96911 482581
303 313642 419197
304 718265 377220
305 323217 276222
306 910547 702809
307 74846 809454
308 988548 797299
309 640176 747747
310 555607 518346
311 318906 293628
312 36502 621106
313 707888 790732
314 992963 470679
315 565469 831624
316 691483 364311
317 990696 749229
318 876612 466499
319 495952 208909
320 843489 699208
321 36812 565502
322 720588 561982
323 444300 344087
324 903292 30655
325 993916 857211
326 183547 173421
327 332645 548360
328 814083 25923
329 781567 347682
330 605969 847142
331 923245 509355
332 533731 624009
333 239409 345045
334 982221 512864
335 365154 644460
336 894007 609521
337 753831 698396
338 334799 145484
339 960982 488141
340 807022 681965
341 9165 645280
342 864709 718327
343 908379 182127
344 830580 366687
345 509819 531567
346 484278 983088
347 843755 199029
348 805200 427291
349 811670 22192
350 227182 298815
351 383105 415150
352 223632 311950
353 848046 538266
354 308711 614318
355 639981 631955
356 195342 414880
357 837863 74402
358 362864 940156
359 665599 334702
360 818808 812118
361 533374 960029
362 285682 66339
363 261355 478856
364 385889 441880
365 850349 796533
366 836773 346664
367 848159 175066
368 486622 594285
369 807417 790307
370 355462 968222
371 516527 495877
372 547878 697700
373 998192 524248
374 697405 777416
375 937673 326344
376 41402 369790
377 171842 430649
378 462041 36440
379 566990 48565
380 825328 253761
381 730849 518404
382 258855 671758
383 115428 699464
384 867001 140162
385 76209 838615
386 242751 888183
387 397028 492464
388 770716 163584
389 788186 855033
390 604297 224914
391 911865 337323
392 616552 596587
393 65684 318369
394 87808 176401
395 59638 787157
396 727283 667254
397 714097 516847
398 725471 628344
399 98849 55414
400 926984 834607
401 736061 842372
402 173119 712759
403 414478 704078
404 753237 575255
405 364964 143672
406 948632 390589
407 988926 38170
408 526478 63594
409 804306 742007
410 946286 487083
411 600615 811587
412 213178 241602
413 102553 400378
414 715063 684268
415 77985 66637
416 410347 212931
417 490068 460624
418 276281 521276
419 348396 578382
420 70109 2089
421 514062 345800
422 230114 572554
423 186542 915696
424 454075 472495
425 414293 325093
426 913280 414581
427 977428 860346
428 424260 523129
429 352304 712495
430 436477 893202
431 355682 174855
432 505145 362875
433 629609 602831
434 160474 416371
435 851628 610781
436 609518 331810
437 327714 621193
438 573802 186033
439 834158 352832
440 817341 579423
441 48074 2568
442 247790 184783
443 710955 235491
444 707786 127193
445 831014 673450
446 360801 932024
447 726754 459327
448 392570 182252
449 18086 608921
450 998752 508
451 81537 101243
452 655154 834869
453 277019 910712
454 166790 792644
455 149390 188769
456 815343 225111
457 881480 763027
458 532400 423657
459 448101 45817
460 970304 447357
461 584744 551553
462 417619 851119
463 529244 508275
464 676656 492844
465 344174 663090
466 19243 41514
467 203441 628572
468 764080 822962
469 121087 484763
470 652383 287298
471 787390 661968
472 156888 383657
473 88706 809247
474 514404 875634
