NAME : portgen-586-5906808
COMMENT : portgen N=586, seed=5906808
TYPE : TSP
DIMENSION : 586
EDGE_WEIGHT_TYPE : EUC_2D
NODE_COORD_SECTION
1 36963 797470
2 456858 9557
3 528096 802112
4 31325 130840
5 283505 256690
6 824720 3967
7 445633 849663
8 750894 239298
9 699293 540300
10 429239 704638
11 684013 389062
12 608694 468967
13 959209 484323
14 673694 498733
15 12713 727293
16 89932 978101
17 810831 975349
18 673392 655182
19 301593 442926
20 961286 835744
21 719175 775739
22 184335 327053
23 802483 128269
24 414352 366891
25 265747 720683
26 712707 891295
27 360010 852373
28 951702 58862
29 986639 481508
30 336164 872913
31 500518 588398
32 169554 447761
33 537514 48981
34 819632 118580
35 47180 622624
36 824945 332401
37 274553 708555
38 991930 792717
39 29051 756320
40 517265 900347
41 497684 192185
42 162568 139800
43 226775 501534
44 808546 363069
45 437835 624411
46 835550 183013
47 395746 338661
48 10799 386774
49 501186 475779
50 335122 9766
51 99218 658032
52 849626 365399
53 222998 520521
54 728727 220210
55 625598 450167
56 250315 623569
57 43673 711753
58 37363 317504
59 192652 830892
60 436962 150740
61 547794 343853
62 783458 37414
63 523405 166913
64 482775 909153
65 485557 471408
66 63990 808840
67 130721 67097
68 650031 874115
69 148511 450815
70 102437 909270
71 308881 977654
72 926107 287095
73 76616 491696
74 399555 358331
75 815256 843886
76 903999 592033
77 990222 863713
78 945776 290378
79 527310 782528
80 715368 348883
81 372010 277911
82 117773 716328
83 141286 272661
84 697461 756578
85 635137 545666
86 917949 834320
87 15636 593076
88 246740 955761
89 353631 919745
90 91638 233027
91 639602 700246
92 193785 136673
93 99398 786078
94 691066 414393
95 925811 377370
96 176653 391933
97 815678 556770
98 991320 474561
99 962017 333031
100 40354 120855
101 138065 479810
102 266693 582228
103 204283 203752
104 398248 853548
105 764314 159697
106 599311 112917
107 856716 337997
108 172229 980077
109 462233 561003
110 725007 666724
111 310643 364430
112 716224 514281
113 407601 438139
114 567626 433408
115 388792 42988
116 557513 500083
117 155430 931940
118 633715 526685
119 843529 855787
120 964443 119321
121 323844 130063
122 689386 259087
123 66726 812223
124 675708 301396
125 149168 553181
126 906935 528609
127 944238 997365
128 563342 637981
129 324379 334753
130 948512 677598
131 360222 542460
132 889104 644993
133 835853 469248
134 423531 597629
135 271271 360006
136 304368 160837
137 411834 171825
138 759789 782034
139 420191 718858
140 950939 769619
141 113759 232873
142 484895 711194
143 682765 15052
144 610978 510437
145 96087 164467
146 103154 245900
147 584515 604437
148 814953 163007
149 718228 517560
150 499297 284691
151 392031 956850
152 350456 379549
153 439421 674061
154 43714 233044
155 314600 548289
156 27003 813942
157 238665 784045
158 574443 114322
159 957945 284666
160 830039 672845
161 751019 905970
162 98331 986579
163 967974 347517
164 810380 32284
165 732404 85727
166 738320 187147
167 404257 402649
168 742616 299817
169 994207 700849
170 136750 568442
171 57107 326311
172 680397 423241
173 413447 197183
174 147568 597936
175 636462 467435
176 352626 685943
177 785155 413570
178 546371 204884
179 552592 947806
180 636932 139604
181 679854 342865
182 96293 746158
183 491182 700691
184 133545 815424
185 370598 377260
186 966754 360008
187 648204 362604
188 320219 65075
189 120815 684761
190 440207 763090
191 794925 862574
192 395351 592799
193 405873 395455
194 90853 658099
195 911467 41925
196 166272 178783
197 330250 759489
198 601687 697098
199 678107 317792
200 103022 348371
201 76368 462807
202 157728 873372
203 672510 490051
204 290591 192356
205 7697 150916
206 114030 894493
207 36339 595007
208 973332 501071
209 12614 336803
210 144470 794084
211 22583 815752
212 712401 22226
213 300892 503947
214 202280 774831
215 690094 830167
216 774483 928459
217 677064 289291
218 649059 900432
219 826235 800344
220 619467 904801
221 382840 754049
222 513629 117383
223 19341 350519
224 466381 308023
225 458597 97740
226 494817 903275
227 627698 272854
228 573887 147909
229 785742 868437
230 224312 772078
231 663816 490247
232 572888 102895
233 768075 359980
234 380864 918956
235 575665 622812
236 34690 704590
237 878206 46729
238 299266 119307
239 188053 439547
240 448339 152983
241 718204 333843
242 550518 918016
243 166351 284236
244 355570 574168
245 521215 289078
246 519567 907279
247 224678 996655
248 870111 678250
249 875843 466899
250 818116 900034
251 162465 26834
252 859684 305613
253 379535 160974
254 352756 709681
255 106503 289651
256 792338 211574
257 347221 935234
258 252510 756537
259 265568 576233
260 232783 89825
261 484137 913965
262 100839 675631
263 460346 7855
264 844905 572593
265 667194 138292
266 766550 478372
267 333043 158687
268 360645 506630
269 986621 615284
270 665506 409813
271 18667 779337
272 341384 431390
273 804940 605602
274 806439 549047
275 536308 862255
276 833344 303250
277 799705 679824
278 133483 684093
279 693790 700996
280 944968 872905
281 174352 737472
282 44175 696689
283 270983 13000
284 870189 915831
285 130293 646907
286 950097 716520
287 39924 370528
288 256480 180887
289 114260 421015
290 542147 776252
291 314064 143909
292 627624 794288
293 963939 29078
294 434196 636353
295 887704 347644
296 636441 70790
297 484991 18598
298 459715 302146
299 739413 970856
300 174909 624053
301 491342 385424
302 6900 760056
303 548190 689435
304 675625 5416
305 715884 104405
306 249897 57437
307 813292 597324
308 236464 103561
309 252481 25576
310 236974 968836
311 273587 899332
312 740922 506239
313 155564 564673
314 709620 279868
315 822337 567045
316 505261 108843
317 705131 437741
318 526354 256627
319 330616 30300
320 557824 860378
321 776596 408619
322 399379 918867
323 74056 737108
324 329868 978751
325 863034 895042
326 592526 459545
327 148519 607864
328 118791 382499
329 680292 569158
330 233701 291563
331 358818 645325
332 447592 855506
333 327808 841277
334 658058 894424
335 523267 499356
336 773693 273729
337 162542 341931
338 376309 814042
339 750813 133058
340 387447 773065
341 884380 140461
342 46166 530773
343 208226 859936
344 661251 849624
345 109933 685077
346 598569 436192
347 507032 58468
348 86684 502867
349 246077 57447
350 542557 260013
351 986295 196809
352 591303 89968
353 10661 452065
354 413378 617745
355 399637 258855
356 721247 830668
357 459225 548624
358 692994 922625
359 138292 389124
360 768822 824941
361 595200 600610
362 351866 263253
363 513060 576883
364 682426 72573
365 331270 924244
366 400664 133067
367 733420 128592
368 51817 53712
369 681236 497542
370 837779 285600
371 721643 272127
372 80802 284991
373 89876 997958
374 84326 243778
375 545407 509800
376 820440 173503
377 726177 618313
378 859349 853227
379 463389 462710
380 38150 956948
381 770828 915835
382 779966 114036
383 537212 449120
384 749865 174234
385 458747 695036
386 838299 894513
387 843717 259021
388 4500 421696
389 874433 733553
390 403904 659832
391 113494 219715
392 34422 374321
393 153415 484828
394 353100 619384
395 591380 602696
396 303847 507001
397 38795 142742
398 447301 827129
399 428410 821781
400 280490 668179
401 123524 350773
402 839874 885574
403 396305 600725
404 139080 351855
405 464897 374521
406 500127 844004
407 871330 435454
408 653100 263827
409 877040 637224
410 666734 710082
411 20710 928083
412 893743 790567
413 571511 487526
414 54639 958142
415 862716 403775
416 282616 522578
417 268656 29382
418 159705 269490
419 348385 598968
420 721220 889588
421 607788 715875
422 952649 881297
423 581986 375763
424 613258 248228
425 571230 959775
426 772490 470267
427 959065 876714
428 385563 600946
429 82117 810492
430 725869 126815
431 252340 540111
432 630634 575308
433 766733 784251
434 891355 990032
435 853467 277337
436 650568 628812
437 65993 706959
438 937591 550443
439 969018 17028
440 405003 970565
441 405409 244147
442 232273 735900
443 151435 742504
444 891943 693347
445 262649 375453
446 378134 358352
447 745501 443883
448 239020 978975
449 649882 245689
450 943705 31543
451 406745 596229
452 843224 600664
453 554365 528343
454 237993 223164
455 725279 643059
456 709002 388769
457 547842 350415
458 748680 893987
459 794610 186750
460 336288 787757
461 134369 645665
462 46326 821924
463 870591 54339
464 785587 465328
465 152594 409248
466 312449 745853
467 291749 761944
468 261563 16639
469 696304 881857
470 987219 257448
471 947893 705193
472 357059 474892
473 241083 732469
474 312025 923576
475 573291 184681
476 193388 184553
477 93095 534457
478 719093 660891
479 304480 81280
480 339101 537726
481 832038 356135
482 235945 467831
483 695166 3808
484 31710 72949
485 109331 16211
486 581961 871034
487 613459 151607
488 594368 949815
489 552569 511869
490 102831 209700
491 749858 704307
492 126227 614867
493 577209 956313
494 509908 823918
495 66777 257754
496 984929 623355
497 772526 971008
498 675486 76858
499 91734 205451
500 880523 291268
501 179899 800156
502 820745 363590
503 434822 489081
504 58326 478227
505 957247 762779
506 150982 480561
507 14502 81346
508 552796 208683
509 583609 264936
510 792344 618307
511 912074 826258
512 192425 818063
513 836312 781804
514 50289 249868
515 716785 105287
516 891488 74342
517 554621 340051
518 58718 269297
519 689804 44880
520 62071 368526
521 372704 244972
522 31573 448470
523 345680 158671
524 430929 954462
525 134696 893681
526 26569 841865
527 488666 775236
528 399779 105557
529 245535 480694
530 304872 165524
531 799276 13445
532 416156 588721
533 390075 906010
534 448987 566032
535 735666 394125
536 777754 629146
537 130240 898663
538 591737 70208
539 337591 417189
540 418283 730754
541 536269 569594
542 944995 551260
543 306010 878043
544 658185 965900
545 949975 152707
546 820309 123772
547 309214 667945
548 590772 743557
549 114731 132910
550 856732 275471
551 821079 13739
552 536179 403941
553 357411 456974
554 896870 937406
555 469225 521736
556 447371 279634
557 530718 152164
558 345215 675504
559 704230 748210
560 997948 646517
561 791278 316077
562 709299 460195
563 573045 764014
564 92967 726299
565 541251 134762
566 173338 400185
567 947964 896547
568 283383 256634
569 38876 792830
570 206045 630506
571 173812 909974
572 967951 303457
573 361429 504231
574 414472 849019
575 94899 826758
576 650590 388432
577 591658 721969
578 102132 420894
579 65775 639631
580 120557 100777
581 418098 104039
582 731360 838718
583 347923 537396
584 311683 227260
585 790735 840983
586 261032 855211
