NAME : portgen-495-8520231
COMMENT : portgen N=495, seed=8520231
TYPE : TSP
DIMENSION : 495
EDGE_WEIGHT_TYPE : EUC_2D
NODE_COORD_SECTION
1 593407 82574
2 371494 754414
3 187581 534504
4 197469 329867
5 215419 291746
6 69502 327516
7 35090 53196
8 844430 401743
9 521720 140737
10 365507 668505
11 727996 365346
12 769541 456856
13 884039 4442
14 871573 458073
15 889660 280379
16 595041 663173
17 353011 190727
18 465634 680759
19 714769 261582
20 646660 931760
21 525657 917977
22 684381 643081
23 5085 733388
24 571225 507361
25 307619 224758
26 193099 483219
27 687774 685985
28 398146 930233
29 729562 180766
30 288779 506822
31 819735 935886
32 683206 283659
33 766088 151524
34 643135 392009
35 48111 111041
36 830518 14359
37 833117 140749
38 475406 244777
39 677572 83556
40 58709 953805
41 274879 690806
42 169293 382837
43 460643 659154
44 979966 69352
45 424638 314109
46 37623 322760
47 213470 535619
48 101241 511298
49 84859 543632
50 167675 760307
51 55816 487668
52 448651 353813
53 949878 502292
54 313925 304936
55 225341 738992
56 950266 660210
57 756127 974669
58 469199 496975
59 722416 147587
60 182417 254790
61 66664 99503
62 224333 287804
63 55224 342849
64 565707 479304
65 190870 973113
66 930852 372635
67 858214 319717
68 3539 614669
69 934679 194624
70 913638 963667
71 936737 832379
72 886934 169848
73 247444 938120
74 98426 925666
75 480394 758392
76 945590 605555
77 352762 194562
78 829455 683181
79 629453 128934
80 350274 335209
81 567613 119301
82 391298 261673
83 802254 117887
84 773275 586279
85 727224 531079
86 398549 796750
87 667193 424025
88 309200 461109
89 746741 29771
90 458349 372043
91 713395 436773
92 129030 855660
93 405499 811550
94 981337 596540
95 517462 885651
96 841394 348399
97 467399 382559
98 565118 139987
99 165185 462909
100 860647 786335
101 191379 68654
102 467316 108350
103 44996 508817
104 476525 497101
105 789062 17904
106 701843 32913
107 611472 464622
108 493815 219213
109 651902 8739
110 696555 662267
111 952701 310365
112 725631 940889
113 339700 329895
114 329433 558843
115 379029 800383
116 984584 249640
117 240708 440444
118 670199 680482
119 825300 664407
120 361845 186285
121 159648 972597
122 899985 855194
123 932949 531028
124 622768 526509
125 42859 235222
126 810553 606342
127 83880 60264
128 801751 941738
129 827945 26872
130 438150 364513
131 683516 812118
132 135255 602777
133 858255 729246
134 132927 756277
135 531672 962786
136 596445 125392
137 965880 461332
138 851714 346359
139 226485 665366
140 139138 397961
141 501949 302561
142 120692 14516
143 116867 172465
144 114384 637931
145 582189 940953
146 547555 69023
147 132734 399058
148 589839 34256
149 6717 438652
150 3480 586590
151 304542 957401
152 387371 644897
153 733273 507991
154 485649 69363
155 943397 629285
156 827354 190013
157 444682 497196
158 816958 614493
159 679383 736196
160 12937 823999
161 722528 694275
162 752797 945082
163 658244 639044
164 738021 320982
165 728059 343722
166 860709 157122
167 721969 509853
168 570606 311936
169 857878 623496
170 197557 502373
171 493082 378188
172 624993 758190
173 218425 853279
174 316225 187652
175 740814 950795
176 296234 685735
177 710592 659758
178 725880 147420
179 235432 877518
180 74291 421336
181 650113 862153
182 871805 441023
183 136203 449165
184 565019 686492
185 278771 963678
186 298267 491731
187 995382 62141
188 527764 36793
189 983682 93038
190 219201 510824
191 403611 860503
192 246691 306722
193 693608 998556
194 285316 280945
195 373650 121440
196 746916 171386
197 344724 233879
198 204106 1350
199 382806 562852
200 230425 181632
201 869596 223186
202 968450 229990
203 547184 435731
204 439043 403869
205 966149 727324
206 862104 954487
207 503867 952850
208 674420 478727
209 517428 637926
210 236917 134852
211 66359 2167
212 456066 97139
213 94081 75080
214 523280 765391
215 514957 92032
216 597749 579812
217 126889 491877
218 648719 449124
219 356635 293841
220 632301 214881
221 481128 647389
222 44027 238797
223 55081 744748
224 715319 247585
225 139797 129025
226 478069 617414
227 47894 138393
228 583882 289783
229 96297 476573
230 581270 98060
231 79096 145202
232 771567 751267
233 246196 214714
234 910459 265070
235 897768 929672
236 763407 269842
237 498128 107891
238 656782 448945
239 954273 317673
240 513256 804297
241 978783 46707
242 184121 416897
243 12936 452546
244 808245 375622
245 245680 434005
246 538664 91564
247 396072 702629
248 451474 211285
249 149261 936135
250 582014 606135
251 790474 397645
252 734329 335500
253 150242 431362
254 433292 630996
255 125457 131336
256 481538 720675
257 230892 147264
258 559395 987531
259 749130 68938
260 299793 34910
261 65453 974324
262 683055 291633
263 139197 365761
264 535513 162628
265 957649 225420
266 15652 323276
267 192216 381920
268 322758 258108
269 815814 36856
270 857501 25404
271 703415 739306
272 75829 210769
273 368551 564340
274 408509 104438
275 563431 85712
276 675771 986632
277 978485 356594
278 590482 467198
279 205429 352408
280 12741 892133
281 615547 396435
282 773495 100052
283 427920 742232
284 644845 20122
285 778713 995055
286 579022 644691
287 505507 214080
288 359139 78821
289 995838 326461
290 701150 671999
291 160332 183104
292 149887 65516
293 609873 619217
294 549781 92164
295 954000 580526
296 613262 795691
297 258143 862446
298 446382 58724
299 233799 861748
300 851630 289730
301 568501 82047
302 403288 891432
303 925380 492666
304 836745 912969
305 746720 971265
306 917417 113265
307 398408 432214
308 278870 819855
309 138291 911048
310 653669 369196
311 508432 783097
312 168492 488982
313 426554 496974
314 241403 614074
315 288700 866472
316 242075 82869
317 579740 729884
318 754582 47066
319 784696 717672
320 786645 790018
321 480925 638732
322 438494 584803
323 72093 830165
324 627199 769161
325 435892 949408
326 817320 619724
327 573048 985158
328 47654 485631
329 502306 673403
330 136850 878313
331 707970 119072
332 126323 956702
333 490340 278684
334 674770 813604
335 360120 448705
336 192655 369130
337 475156 704261
338 551875 888708
339 210048 183333
340 441327 940922
341 994667 567999
342 477224 410386
343 158501 123003
344 956546 623038
345 239543 475897
346 372296 971091
347 357552 337940
348 597362 111794
349 163576 734233
350 32928 183385
351 620116 443865
352 327834 494970
353 954740 249321
354 142500 162661
355 826656 924651
356 529085 879268
357 433860 660952
358 506017 736879
359 761520 788383
360 359340 378545
361 115108 940537
362 780676 176735
363 828589 748789
364 41295 980186
365 749520 302554
366 746207 47386
367 356677 516676
368 411836 115398
369 134139 816271
370 904369 421622
371 361483 168163
372 263697 860998
373 360789 431758
374 190414 180817
375 509350 848572
376 70499 183390
377 984713 730373
378 437178 572729
379 87188 811158
380 83133 839342
381 115181 326228
382 258292 405033
383 563167 360922
384 615570 572861
385 300163 74258
386 546464 580703
387 279032 510767
388 308046 931718
389 955824 50302
390 739556 255859
391 661601 230137
392 897052 910178
393 187372 419978
394 789094 951643
395 953508 50913
396 499828 561277
397 516108 830110
398 875158 780780
399 889130 752930
400 552951 429071
401 475934 140112
402 441260 253491
403 186970 840361
404 286338 74534
405 543001 17199
406 783635 135544
407 857650 32220
408 339513 553904
409 810120 428181
410 529875 782387
411 471791 862640
412 19910 871091
413 598323 406352
414 139442 25541
415 323797 467684
416 645379 881289
417 507301 722357
418 472224 526056
419 372487 864831
420 570664 633467
421 609858 360912
422 421767 171121
423 579121 637187
424 541367 645016
425 231787 468806
426 641337 863589
427 429132 85266
428 783691 594645
429 632810 718902
430 781266 660914
431 467874 421506
432 503870 909533
433 407341 422722
434 713776 686528
435 453098 702326
436 12537 165103
437 196394 61069
438 141049 608202
439 433507 934643
440 87400 3678
441 773541 420540
442 244274 662883
443 999810 223873
444 377419 597767
445 315015 49502
446 812279 685958
447 411733 868338
448 620930 444754
449 164518 360698
450 30071 970919
451 203679 606723
452 557616 228108
453 695265 220797
454 619314 766249
455 85456 559817
456 217225 35042
457 403886 731763
458 848634 781916
459 9773 635531
460 288603 962586
461 258204 353078
462 656457 482179
463 498646 405813
464 607487 968285
465 365803 920251
466 988887 667258
467 849186 527582
468 786453 738498
469 16653 512510
470 814248 217894
471 214100 741887
472 309164 352428
473 791298 459201
474 29501 929553
475 369692 215117
476 837267 196232
477 994894 109819
478 982031 536421
479 757537 30034
480 441655 956766
481 204144 106803
482 952000 867562
483 345717 475338
484 725878 51457
485 940465 389432
486 752414 80219
487 265839 73486
488 125319 61971
489 358183 546637
490 500147 962224
491 648276 577452
492 526630 409037
493 716107 882083
494 715257 981624
495 181865 311115
