NAME : portgen-588-7455422
COMMENT : portgen N=588, seed=7455422
TYPE : TSP
DIMENSION : 588
EDGE_WEIGHT_TYPE : EUC_2D
NODE_COORD_SECTION
1 769604 245001
2 394883 17180
3 619765 969285
4 281653 869616
5 464689 73810
6 220445 286559
7 843969 617081
8 981694 608097
9 791390 820906
10 448929 5823
11 841846 537671
12 201920 317623
13 774183 126514
14 86841 329079
15 589760 840561
16 479661 990898
17 523036 591082
18 588824 562621
19 459820 668501
20 877536 798040
21 739147 28828
22 405499 430091
23 260982 997390
24 282572 968568
25 662536 220373
26 604806 370261
27 942716 891075
28 536643 778706
29 721964 803800
30 428356 57143
31 509465 613152
32 992080 666648
33 334662 191617
34 881059 413877
35 356098 984303
36 325525 822821
37 158369 228555
38 401016 471584
39 594954 310844
40 780979 995477
41 404550 283041
42 900722 532616
43 331096 866509
44 998818 856388
45 256420 397206
46 681562 45943
47 312403 893232
48 472515 916326
49 870458 176943
50 29075 789398
51 402435 971727
52 187588 667059
53 815823 321765
54 469539 410099
55 559979 670134
56 779887 865575
57 547379 31149
58 375581 463522
59 300748 98847
60 194132 418335
61 321159 704115
62 384801 566700
63 581867 353797
64 635233 491310
65 412732 79250
66 2045 184855
67 750865 110845
68 215589 538974
69 735661 869572
70 157035 867574
71 565760 899970
72 662255 838084
73 76047 977446
74 661141 745702
75 311364 118717
76 281092 379148
77 764211 949824
78 787352 217580
79 220862 76743
80 451470 276848
81 586103 599966
82 253063 692404
83 104374 879917
84 203320 709294
85 955102 398134
86 802380 555046
87 787483 75415
88 137242 942010
89 939903 434977
90 779348 364287
91 132935 558490
92 39840 135883
93 493147 402079
94 931792 58460
95 6470 335672
96 335654 26367
97 914470 758901
98 65193 10713
99 112487 586840
100 700841 134036
101 37543 226163
102 966353 947077
103 985782 722602
104 339308 628328
105 456677 385273
106 285787 162401
107 70272 115797
108 941194 559736
109 685496 494161
110 627211 93661
111 767429 616480
112 8452 821066
113 360591 576216
114 588692 840405
115 89632 414640
116 602702 311575
117 978300 394075
118 78499 970533
119 488217 924042
120 194688 933411
121 716583 437630
122 431249 912809
123 568242 719173
124 17914 93403
125 398310 488976
126 422020 272082
127 497207 286201
128 531333 725967
129 247863 572278
130 868578 15248
131 234385 415266
132 433639 523266
133 668689 848157
134 731152 157462
135 547554 222020
136 541822 592092
137 95851 138234
138 671640 495347
139 119272 722251
140 289732 634623
141 328352 16414
142 971827 74384
143 180254 187436
144 877935 455033
145 725385 230341
146 239381 330754
147 376487 972667
148 391589 124490
149 341778 293014
150 241169 72895
151 599901 295662
152 803671 763687
153 160623 405606
154 300254 422823
155 105946 343897
156 848032 792830
157 846892 638236
158 775866 903630
159 38778 460971
160 131677 544198
161 506378 438137
162 916293 474659
163 622119 246159
164 788421 332164
165 977610 266034
166 195092 696449
167 616304 945835
168 786591 535522
169 169521 333591
170 298517 276624
171 148657 416964
172 323356 181186
173 723962 801244
174 414461 901828
175 350548 145429
176 336069 9614
177 315404 975134
178 877802 903451
179 679358 857835
180 977095 625101
181 236084 966663
182 124306 829321
183 195239 431067
184 469473 665706
185 914273 974622
186 489168 136950
187 110423 986247
188 208129 496764
189 122732 941158
190 596856 718667
191 566800 930585
192 355068 352509
193 29949 228429
194 572143 786982
195 750596 355523
196 66049 503815
197 419317 323895
198 787456 11707
199 306540 337109
200 973057 227198
201 678511 473302
202 304971 631880
203 578629 405484
204 654545 962894
205 945185 649373
206 331308 892375
207 107239 621572
208 559051 732269
209 547345 800410
210 41865 183531
211 124527 132364
212 692648 687075
213 296110 15866
214 831978 478543
215 407618 802644
216 842218 159838
217 995973 947483
218 387359 674425
219 823345 733495
220 793457 297679
221 681083 771732
222 745116 567064
223 230995 933685
224 811166 732242
225 27785 771589
226 179728 827997
227 929491 170412
228 384979 518673
229 477328 357488
230 244521 904204
231 582138 921050
232 169436 647505
233 968289 559576
234 147258 540174
235 390576 625366
236 921103 815103
237 772625 270276
238 3802 296529
239 202872 522236
240 302095 777436
241 538538 474490
242 234021 503413
243 220506 921168
244 990401 348468
245 979193 827783
246 527166 283171
247 342918 168091
248 376576 865979
249 999107 474840
250 563262 934466
251 730812 288930
252 430146 250348
253 233051 705238
254 593975 426077
255 949905 463811
256 528271 128859
257 378294 416738
258 377037 298967
259 578131 1345
260 270929 102310
261 560468 672418
262 976912 456110
263 894554 632173
264 384957 522277
265 37224 298564
266 702554 776795
267 572330 838284
268 249164 409678
269 96195 817283
270 126376 921539
271 343036 989056
272 77539 876882
273 267314 854748
274 306258 886808
275 273537 744402
276 481021 476830
277 437615 264697
278 231911 954016
279 716599 591861
280 1183 823373
281 609042 776692
282 299701 28366
283 120774 539215
284 51320 501411
285 149424 522289
286 992708 691323
287 727807 526526
288 621288 83638
289 234802 712214
290 224198 940537
291 915573 793095
292 521093 213851
293 689521 925861
294 477094 543964
295 717509 709949
296 358357 594783
297 667859 604086
298 928830 651713
299 261248 551013
300 255594 183675
301 619945 594043
302 662609 332999
303 828828 687926
304 955736 223764
305 575176 306049
306 476922 172635
307 874352 291233
308 465015 14258
309 108832 695614
310 99535 469061
311 277966 500307
312 245817 965748
313 902344 398665
314 28714 394808
315 697697 933362
316 127902 11038
317 137038 918149
318 463614 742938
319 918743 229859
320 748835 675262
321 817029 781479
322 444428 248448
323 431982 858050
324 348966 702110
325 701742 530164
326 622999 866440
327 853316 322231
328 55772 608906
329 457004 744460
330 869384 85890
331 769182 725876
332 474928 899913
333 489020 695442
334 728206 625903
335 859251 606965
336 665292 406722
337 993872 569370
338 846062 411526
339 646991 923585
340 909976 293437
341 941661 284254
342 525423 611806
343 164179 402025
344 536110 237125
345 429128 768172
346 14731 292840
347 370608 141870
348 9970 410306
349 787607 875057
350 402386 20456
351 211059 425380
352 792134 408304
353 588503 338744
354 341017 241509
355 158051 653747
356 72796 219879
357 315331 101212
358 71158 476342
359 355268 333057
360 889943 78713
361 907835 853149
362 223517 838795
363 395905 239911
364 614587 585567
365 980866 507317
366 70509 405481
367 765533 256229
368 220641 721781
369 968922 424210
370 540647 687837
371 46757 203052
372 347181 350414
373 860337 161582
374 69322 531813
375 745965 770058
376 795719 202040
377 894190 895068
378 949947 805577
379 659846 535905
380 187663 866722
381 369822 916806
382 700861 470214
383 606989 869743
384 872697 964917
385 240875 909576
386 407019 823455
387 587092 119884
388 282994 705794
389 958958 328448
390 888848 590327
391 580064 78682
392 397903 114144
393 137495 153702
394 704620 295319
395 649239 350897
396 849083 4005
397 183335 631071
398 280817 223301
399 615960 227297
400 67419 154542
401 202623 740874
402 642965 155637
403 189993 717036
404 804136 780046
405 757573 796244
406 100957 364527
407 886666 836766
408 17638 365817
409 733471 69790
410 189396 383688
411 253783 645400
412 897497 86332
413 706953 666145
414 180490 431455
415 929890 565958
416 901657 178912
417 570874 92603
418 489370 215537
419 192016 561137
420 96505 771678
421 420230 634830
422 105922 265550
423 97114 203683
424 106507 97002
425 924118 614672
426 42811 184505
427 297406 501461
428 252884 23710
429 169999 550361
430 666267 974456
431 525019 242999
432 683540 985895
433 376013 466127
434 258604 621115
435 739651 813955
436 259309 636469
437 145672 574724
438 340876 69277
439 347993 396035
440 833448 683242
441 496145 630128
442 765187 955434
443 40938 658658
444 495372 584979
445 716589 23242
446 956932 570901
447 821485 282550
448 512368 783761
449 489158 531197
450 924673 27836
451 855689 710471
452 263554 240875
453 118526 412682
454 419317 341972
455 460523 594226
456 528338 585020
457 833772 643024
458 17524 954118
459 421514 400989
460 473526 592251
461 976969 727407
462 696441 711814
463 958266 548837
464 372914 904796
465 456198 928193
466 649959 6021
467 935512 239221
468 154904 911125
469 796356 122163
470 937910 86819
471 237144 94382
472 111452 124337
473 46273 229525
474 874460 109670
475 324284 963531
476 410847 584361
477 74999 996480
478 377876 849668
479 774959 24332
480 85971 207400
481 616326 297154
482 404062 373703
483 357081 433955
484 473567 709434
485 596750 787998
486 79658 311843
487 76705 509995
488 181404 392607
489 652407 699961
490 333937 108598
491 773878 348582
492 818824 248798
493 311867 352805
494 601958 561809
495 882140 720948
496 437558 86922
497 525412 149911
498 7161 925300
499 17676 601457
500 942933 653665
501 577117 174498
502 775732 215686
503 189653 62264
504 765537 826201
505 684612 25071
506 247709 213150
507 142192 365023
508 769842 529404
509 771741 254151
510 366541 431780
511 416279 872110
512 766501 943084
513 210880 905159
514 536110 861019
515 320341 119139
516 627070 826206
517 15348 308866
518 860888 560727
519 206390 453800
520 478955 782462
521 581064 347807
522 195267 450359
523 304669 565448
524 320421 582327
525 939030 102001
526 389190 156656
527 281115 823793
528 26595 750911
529 159150 466865
530 354797 628925
531 855874 311736
532 347245 902150
533 444006 899901
534 17882 691832
535 60354 204394
536 208983 189414
537 315120 264539
538 42590 259622
539 590994 942707
540 916489 459969
541 746009 69244
542 506222 691416
543 263265 315333
544 478960 113198
545 864859 960987
546 542845 514557
547 393446 274561
548 573479 391650
549 32687 930727
550 407768 45046
551 974453 377713
552 665838 479061
553 355992 319945
554 650434 589699
555 560527 711262
556 271951 45951
557 602006 393810
558 86080 341316
559 918290 72683
560 328670 52356
561 867214 87155
562 284064 15307
563 229940 831270
564 523575 836058
565 908547 722645
566 609188 1295
567 382180 205226
568 188018 700057
569 467238 112412
570 605335 921948
571 397043 406277
572 784527 812503
573 93773 455689
574 230493 378139
575 44621 742208
576 868074 196628
577 22180 685123
578 435858 973158
579 995533 460611
580 291043 655935
581 852706 538021
582 984363 638579
583 314219 865674
584 261424 789502
585 300037 630390
586 110823 540151
587 28062 586462
588 184282 670585
