NAME : portgen-553-3880669
COMMENT : portgen N=553, seed=3880669
TYPE : TSP
DIMENSION : 553
EDGE_WEIGHT_TYPE : EUC_2D
NODE_COORD_SECTION
1 539202 960961
2 617316 969270
3 470443 496383
4 916074 342483
5 282516 119637
6 300850 495280
7 729060 996446
8 647025 57413
9 488166 231503
10 602118 317683
11 262363 279769
12 708832 639199
13 694795 366269
14 321472 853374
15 716318 487724
16 15335 517977
17 493439 27297
18 164038 70112
19 745546 708133
20 193389 127412
21 935508 326942
22 328640 705322
23 499113 548036
24 321471 55811
25 728066 740270
26 560378 102477
27 76729 167591
28 869846 21224
29 467521 590018
30 805232 400330
31 750837 207940
32 149094 155103
33 184128 973907
34 166640 23738
35 497333 98988
36 735941 432355
37 503436 861848
38 757304 159886
39 203039 541241
40 769353 673571
41 898748 731453
42 48142 315987
43 736886 807394
44 368883 338336
45 843169 190130
46 903472 721808
47 210800 94400
48 391470 503153
49 823506 466792
50 948017 339227
51 344996 780230
52 286457 54495
53 841521 828924
54 54334 760742
55 430704 62451
56 652340 129185
57 746849 615101
58 496858 29028
59 997140 54693
60 763632 680974
61 150401 699848
62 75720 158105
63 753992 955711
64 145898 448941
65 20326 928379
66 105551 442297
67 110536 706902
68 21231 769562
69 984603 433041
70 819129 707858
71 810254 314190
72 574704 162194
73 39729 203624
74 646087 52695
75 340408 435759
76 357255 374565
77 446465 19637
78 233676 902699
79 669694 579554
80 33264 71959
81 844321 621293
82 941613 722846
83 252197 338150
84 554481 584654
85 575371 293233
86 382941 944444
87 714285 327872
88 323719 775836
89 253382 56082
90 924428 851292
91 286017 566343
92 415677 948367
93 84058 484257
94 500684 387689
95 454704 683080
96 215081 399948
97 857669 525895
98 324917 865809
99 599905 246831
100 838475 263893
101 950241 590004
102 128266 489115
103 149742 790912
104 958887 498098
105 935578 749418
106 402015 282004
107 124850 350183
108 856877 444372
109 763623 415717
110 397929 386387
111 738245 307650
112 746179 311477
113 342991 792936
114 816178 225169
115 178130 532807
116 816948 755284
117 120504 175010
118 449277 4012
119 441493 65494
120 91489 639686
121 720633 84966
122 989760 68317
123 944835 907431
124 653769 546191
125 182903 531980
126 49631 374735
127 68700 305667
128 446945 194957
129 469500 953256
130 39838 145729
131 349419 893393
132 406608 295892
133 28784 317048
134 292244 56533
135 405347 949446
136 790602 217432
137 232814 865948
138 336756 363509
139 238949 440511
140 864532 148034
141 323435 862922
142 185330 32401
143 183388 923554
144 348676 824611
145 146225 132228
146 711768 384960
147 660146 142043
148 849083 503201
149 852151 123811
150 731560 581326
151 668481 213257
152 681659 34869
153 208545 186708
154 189405 36299
155 122279 523390
156 846281 644889
157 807030 907609
158 433960 964459
159 233246 264565
160 446808 525583
161 464896 168432
162 324972 824020
163 280965 577345
164 535773 197945
165 657402 150047
166 174103 202650
167 318232 341141
168 301752 678546
169 55891 277720
170 598440 218929
171 690307 84110
172 377803 620642
173 667331 543336
174 59987 836126
175 861078 271738
176 967428 654206
177 466408 581512
178 407222 465830
179 895025 340517
180 733116 529999
181 130817 911684
182 437858 903350
183 833082 762170
184 267086 186388
185 240278 890624
186 904471 397120
187 403487 175070
188 558154 810690
189 702023 743460
190 416797 815134
191 682320 195256
192 464828 127403
193 19230 262419
194 764792 414881
195 508059 539582
196 411460 869503
197 37442 707816
198 314457 293187
199 680623 202732
200 62487 856641
201 841312 316527
202 419328 45943
203 589418 772172
204 189378 339005
205 562281 144803
206 701038 480143
207 832458 193534
208 118539 261313
209 874242 730042
210 588892 539895
211 81546 64353
212 123901 383636
213 49311 587944
214 977792 357543
215 585652 785982
216 621311 363017
217 181178 271994
218 114095 202176
219 362797 271293
220 8863 757917
221 388177 34750
222 825988 968163
223 458035 347106
224 745602 653805
225 658505 726513
226 315395 323080
227 617080 276504
228 235330 478295
229 135348 147333
230 931848 387241
231 409374 918084
232 330141 804364
233 756625 666288
234 654155 864294
235 735499 771433
236 515711 220436
237 71537 862379
238 224500 758466
239 447273 847396
240 148306 571016
241 452595 830458
242 425695 198410
243 376608 703226
244 32875 376814
245 515368 447806
246 548021 498503
247 535794 237430
248 242205 167740
249 963213 963608
250 743663 699569
251 899833 898206
252 505498 87488
253 273917 484936
254 897385 418669
255 899896 532103
256 445419 758534
257 631964 484041
258 839220 910871
259 382289 92711
260 562158 588885
261 703075 690546
262 120631 35929
263 871599 617505
264 714938 984048
265 588462 739563
266 861080 28603
267 947499 616203
268 125596 694061
269 198493 941653
270 359190 465736
271 320936 940164
272 814655 926483
273 744731 857475
274 377871 499864
275 365831 624700
276 452801 979165
277 375146 4099
278 838488 871229
279 950706 889294
280 961892 579856
281 286443 955731
282 59479 434159
283 211166 505254
284 943879 705481
285 739309 981745
286 532999 882424
287 726880 937458
288 136083 723910
289 315399 116531
290 197441 370
291 666799 825643
292 22155 8606
293 453119 905349
294 969124 513340
295 405037 620341
296 750181 493011
297 202343 377444
298 932737 438512
299 213284 877196
300 790399 20821
301 542075 261339
302 302423 365460
303 957901 627157
304 957009 366540
305 550979 933139
306 902105 437365
307 484257 341550
308 829674 793431
309 753387 682034
310 501422 772654
311 291970 66682
312 915081 718488
313 439670 271659
314 580001 361419
315 979557 508925
316 766901 948859
317 565551 264302
318 98265 229433
319 341386 680605
320 178931 659688
321 151961 287089
322 11918 632383
323 328371 683499
324 577930 483855
325 937774 661077
326 858510 851865
327 897639 281473
328 253920 593215
329 695788 38121
330 267195 728468
331 285771 276404
332 187608 891291
333 781177 615015
334 425447 851874
335 13178 146175
336 215501 269532
337 744260 840344
338 914143 440104
339 169042 633607
340 464568 846454
341 575871 541880
342 94223 251088
343 223154 490496
344 761250 674260
345 483124 483249
346 803985 489512
347 667426 32756
348 444187 882428
349 542829 171573
350 718239 888266
351 514456 944322
352 19286 91319
353 85206 316630
354 757641 646550
355 58319 763423
356 831964 21527
357 554997 783945
358 924482 796259
359 608978 154852
360 447104 898749
361 72186 253874
362 133634 124912
363 631718 271179
364 250246 652940
365 755138 597512
366 682463 522491
367 575288 701145
368 14489 554343
369 986883 310277
370 326606 426894
371 881518 606398
372 227155 584375
373 411063 550111
374 355877 542514
375 401037 173007
376 632182 889888
377 416435 120727
378 205803 991964
379 369033 318141
380 76830 530862
381 329747 447363
382 319944 631424
383 881904 225565
384 794371 970621
385 372882 374371
386 440381 66464
387 753814 274096
388 266566 182297
389 837439 12907
390 919108 639753
391 902145 932104
392 576110 224276
393 267764 235099
394 202547 943863
395 819240 788923
396 759971 16261
397 937395 952235
398 986513 815054
399 852584 953059
400 317809 228766
401 712672 342970
402 623405 761284
403 270862 700077
404 313778 192159
405 852962 970703
406 789417 425170
407 498900 287906
408 770890 313486
409 509968 367709
410 644911 66850
411 372981 841312
412 652812 144116
413 661699 97410
414 443058 992529
415 3233 566488
416 868518 645280
417 159945 948404
418 850336 476974
419 433204 288203
420 453385 954278
421 725131 834837
422 298952 752389
423 415942 918659
424 363448 793278
425 290536 889102
426 371995 860054
427 949825 751320
428 360247 67392
429 183025 675000
430 910947 793887
431 266873 25575
432 738773 898683
433 245572 954579
434 126218 746510
435 871963 852231
436 950037 716689
437 77173 755808
438 694854 512926
439 891487 901491
440 783868 594307
441 914385 768058
442 81582 209345
443 299614 842943
444 906506 261261
445 702832 895756
446 350756 686693
447 416240 601153
448 4240 8441
449 757664 543143
450 57535 903016
451 27171 461956
452 9410 696228
453 974717 603937
454 778472 740479
455 451706 517304
456 160885 921764
457 972168 15191
458 443131 580180
459 609334 137619
460 894442 237131
461 196915 583074
462 688975 968946
463 825059 488080
464 707279 380944
465 781091 90917
466 734453 151007
467 449785 266563
468 433421 992621
469 795889 66390
470 766214 719434
471 233608 768887
472 366818 465701
473 698841 767682
474 997717 447293
475 776094 516159
476 301162 376720
477 762052 966618
478 168563 876164
479 12171 742846
480 262807 982095
481 808047 712082
482 974265 732272
483 283696 391998
484 554945 506467
485 316350 675449
486 582462 162041
487 361525 378283
488 935968 820195
489 821022 722357
490 800383 948895
491 475909 964433
492 118136 798996
493 282869 22370
494 176742 717513
495 982867 41423
496 437675 289422
497 750040 90765
498 136971 71566
499 407361 988535
500 529732 878646
501 946659 275360
502 646909 827199
503 40250 336729
504 258583 963056
505 683748 146192
506 699421 294657
507 759978 221384
508 544419 518625
509 962042 883499
510 595300 212129
511 984636 566410
512 976735 437704
513 728789 307101
514 515131 534326
515 338032 599239
516 561611 857966
517 38608 654191
518 249473 181251
519 204454 896752
520 254576 764243
521 60328 293242
522 122213 770737
523 56786 871265
524 312687 312335
525 361976 829869
526 556434 873035
527 650502 930492
528 317034 88693
529 236751 992718
530 577725 858998
531 132274 361830
532 708479 919505
533 85863 406178
534 172444 989240
535 164597 673154
536 205938 649706
537 521523 765430
538 655694 111600
539 915907 46243
540 120669 640095
541 70350 522412
542 956600 479034
543 466965 199781
544 149486 119103
545 568327 843294
546 8807 215213
547 732155 581421
548 558305 410622
549 771719 356782
550 115043 945185
551 955357 266444
552 191666 721880
553 759519 34021
