NAME : portgen-541-9160884
COMMENT : portgen N=541, seed=9160884
TYPE : TSP
DIMENSION : 541
EDGE_WEIGHT_TYPE : EUC_2D
NODE_COORD_SECTION
1 303236 835850
2 674701 462837
3 705802 77124
4 138112 671667
5 306141 489641
6 602850 43853
7 903800 828233
8 630185 350261
9 960024 546399
10 68806 7486
11 746487 993
12 560886 938575
13 647522 32882
14 160132 595770
15 219276 675407
16 608658 640681
17 730439 657748
18 939626 878232
19 228223 7415
20 833467 305925
21 204053 424996
22 780561 511258
23 6032 857527
24 5902 499301
25 793916 735252
26 638787 214824
27 503007 911611
28 822501 662554
29 105410 16953
30 523210 827570
31 848901 130697
32 838200 216
33 285588 177853
34 263292 392541
35 822201 772658
36 344358 460723
37 752482 333554
38 368699 531662
39 497985 649274
40 116073 984967
41 927471 143179
42 72559 391706
43 826506 477960
44 802481 730223
45 372160 761773
46 614939 835681
47 185214 60808
48 961566 743330
49 672514 447007
50 142559 474370
51 359541 356627
52 383227 808949
53 807780 495607
54 142265 111301
55 85105 344540
56 860073 375187
57 644792 761437
58 212630 13219
59 945483 777391
60 38649 542257
61 505339 816284
62 249982 347830
63 413117 987731
64 77495 943532
65 525773 873091
66 389397 386683
67 564169 771532
68 124893 552284
69 498386 311121
70 179076 813286
71 532477 25090
72 691574 829903
73 256433 798655
74 585699 837383
75 647691 973835
76 665835 728981
77 921233 269467
78 84973 972857
79 792458 611694
80 684056 255495
81 997220 831143
82 932225 271819
83 812063 834983
84 683612 814889
85 505004 413975
86 427520 108099
87 129699 64813
88 876422 776357
89 895051 980514
90 262856 440259
91 195272 465800
92 259476 270278
93 875871 558254
94 454458 292349
95 959469 289910
96 868672 683497
97 806117 765101
98 385766 424377
99 895390 626760
100 953480 480075
101 903603 605184
102 574527 207432
103 778562 200034
104 469504 650954
105 393596 526719
106 518399 500108
107 652225 394146
108 386823 313723
109 25025 167124
110 886053 387685
111 939592 56851
112 861408 24928
113 510371 822336
114 533572 922266
115 286251 676387
116 306852 244096
117 586918 736137
118 921859 695164
119 813575 865330
120 883455 562147
121 533228 287334
122 406296 571783
123 350317 811820
124 822089 781189
125 254729 563429
126 890805 973124
127 340509 277093
128 173223 659507
129 18265 838390
130 285573 83398
131 386459 604174
132 767499 831448
133 993490 231064
134 93811 80441
135 43828 575002
136 491634 243835
137 912394 322623
138 496880 966468
139 716342 584315
140 851705 850863
141 804070 695182
142 636693 202852
143 289928 702678
144 476596 755469
145 742646 690795
146 601352 733133
147 821501 308452
148 70513 289393
149 374940 83673
150 74903 383849
151 95478 237773
152 929484 403866
153 759359 195623
154 336431 137657
155 987164 470544
156 182910 262795
157 95743 594777
158 482045 653326
159 782672 459046
160 760934 704097
161 856124 10138
162 5538 659979
163 479524 253860
164 314351 508527
165 563263 301257
166 630036 578685
167 597150 381160
168 667952 541274
169 599438 41915
170 720806 636602
171 920006 17550
172 994535 38548
173 834670 591214
174 727595 161522
175 828928 816653
176 975041 866412
177 520409 773646
178 753812 516792
179 640623 548324
180 735913 218085
181 596184 294515
182 416850 350562
183 550538 165360
184 268260 57195
185 760106 890831
186 925730 621149
187 630118 944281
188 729055 989711
189 489728 231891
190 906167 962731
191 613237 766026
192 772614 345178
193 705072 335521
194 161835 246588
195 830621 502592
196 273013 542242
197 281808 829975
198 710871 298856
199 387431 50253
200 309492 844959
201 101485 495703
202 255355 866196
203 203416 209015
204 93797 175231
205 68574 418291
206 354957 394034
207 717702 233320
208 945071 53941
209 12707 586875
210 639690 251682
211 777929 218006
212 747703 915147
213 789346 430026
214 365794 763922
215 740865 520040
216 895913 314496
217 163317 487875
218 607774 219202
219 48324 539293
220 400106 651130
221 322814 574960
222 606897 578939
223 724662 55006
224 794539 366661
225 40629 280844
226 933061 623508
227 309388 789451
228 949045 786988
229 332386 767479
230 258421 984213
231 160691 554504
232 775125 417443
233 95476 779997
234 787137 138763
235 508658 890065
236 259402 646046
237 546245 358845
238 318620 154420
239 908618 958251
240 966101 2357
241 97640 598314
242 505500 756651
243 359349 341409
244 539371 745873
245 392399 827776
246 432065 909560
247 30635 510041
248 391728 676768
249 28714 248051
250 260318 570242
251 146388 836288
252 400559 38271
253 183204 334747
254 118007 552737
255 430101 607636
256 247617 586513
257 375080 430645
258 552148 251130
259 523868 265084
260 25715 418708
261 751283 539085
262 878445 938415
263 743676 423114
264 245487 507974
265 175641 983873
266 36412 355881
267 528149 358465
268 754739 511127
269 223234 74855
270 204502 108219
271 817540 274286
272 720157 973690
273 76493 892979
274 31115 92219
275 766364 968613
276 431281 520740
277 72410 276444
278 533829 790507
279 308138 42093
280 283531 672077
281 111512 43152
282 348234 321882
283 790095 973330
284 866355 401390
285 354152 659168
286 220015 431649
287 498720 57101
288 987427 230543
289 466675 602000
290 404586 953169
291 114975 203393
292 224442 503563
293 872361 993260
294 7646 206267
295 568369 781409
296 644772 821844
297 720703 545334
298 888204 385891
299 775566 663056
300 986262 845949
301 426304 429115
302 687632 813195
303 853637 227887
304 296297 568846
305 404083 540568
306 782860 101871
307 473723 502122
308 27305 289668
309 322448 802900
310 433678 404204
311 197763 203298
312 415127 508202
313 232864 790900
314 744016 685524
315 203463 759540
316 934245 897828
317 197916 864018
318 170308 13104
319 729669 722319
320 476258 582692
321 670811 204746
322 772588 164164
323 583645 441473
324 406716 212500
325 312469 97303
326 641874 90041
327 459592 226722
328 911704 528475
329 231199 823614
330 642887 840533
331 498217 573978
332 92587 821391
333 869756 578114
334 329282 309558
335 918476 585832
336 882951 109948
337 490430 336374
338 762329 107721
339 743706 188404
340 596498 704388
341 559700 920401
342 42637 362930
343 261322 360267
344 805240 376524
345 994261 592193
346 683822 420110
347 803843 890426
348 699741 560863
349 714315 436214
350 401835 475923
351 697766 218312
352 616002 608081
353 537603 721473
354 47404 96661
355 965400 551436
356 723235 854674
357 829353 50693
358 156710 78106
359 770134 202161
360 121649 308893
361 863798 893068
362 907723 442552
363 888065 664639
364 493945 882349
365 798771 40856
366 60317 647045
367 223004 45061
368 981153 705026
369 91048 991944
370 206219 183215
371 590132 603079
372 254875 685368
373 728395 790754
374 512387 361290
375 2360 35102
376 66917 831966
377 637442 360978
378 415606 50721
379 995307 570940
380 626927 832576
381 630424 55459
382 890441 782185
383 961303 120155
384 599798 143984
385 322297 365956
386 565719 408844
387 199800 86546
388 241975 31832
389 255625 546745
390 26946 837344
391 669331 923005
392 255421 966195
393 410432 4857
394 756603 440819
395 83757 860997
396 105228 947064
397 669646 840263
398 617495 181287
399 403278 168328
400 443393 696563
401 535128 965642
402 334343 165016
403 365771 143912
404 576544 671247
405 950546 410748
406 294117 554488
407 487182 765930
408 727347 683360
409 385812 50178
410 164689 780016
411 716877 431469
412 700591 625734
413 830827 600077
414 74501 34784
415 720775 98062
416 455287 584377
417 596198 616198
418 543226 114843
419 435822 489491
420 238847 727071
421 619045 706425
422 276129 303741
423 144120 673758
424 246472 43912
425 9435 17418
426 106786 368494
427 447552 345331
428 241275 950750
429 369443 718145
430 621789 250927
431 708089 87053
432 432399 223474
433 791703 587692
434 278358 183440
435 621810 53589
436 436887 341900
437 40742 147271
438 673230 348382
439 983917 355260
440 384458 880076
441 230633 356356
442 412994 469847
443 389972 368233
444 151977 372723
445 824494 955534
446 836484 252381
447 867680 185258
448 290184 277144
449 665682 128858
450 630511 795737
451 689841 891212
452 659454 129358
453 786784 750429
454 955499 977704
455 955358 873042
456 798772 996719
457 893650 666254
458 414442 455708
459 219373 247141
460 933290 514558
461 922009 149499
462 552929 826073
463 363748 545674
464 682445 911383
465 360486 922800
466 392883 6212
467 399901 511416
468 81303 233913
469 462705 746739
470 55404 934264
471 148860 904836
472 439433 309936
473 33525 686985
474 699452 41607
475 821509 744509
476 594699 754299
477 768371 707710
478 402854 683629
479 491311 148038
480 48054 552870
481 287723 208759
482 922299 21094
483 724181 893936
484 557286 583714
485 632729 727457
486 756256 177765
487 425631 188780
488 919859 167710
489 381128 845218
490 423218 680118
491 54363 534407
492 863328 807616
493 635076 184123
494 83912 378807
495 787234 187367
496 676626 878991
497 114010 327947
498 178008 971095
499 479204 250652
500 390076 865815
501 305856 854233
502 618388 141390
503 690146 60291
504 890970 960755
505 72634 218730
506 599717 112503
507 360804 860687
508 876243 408732
509 94749 594352
510 843086 753086
511 414732 306634
512 193637 766914
513 421601 902023
514 559376 284240
515 498634 859567
516 276739 420373
517 772584 204488
518 80401 941859
519 173603 2640
520 931372 226343
521 89374 489559
522 535721 34147
523 772634 369992
524 685353 347095
525 906345 275985
526 411718 194963
527 752017 530509
528 589075 885483
529 81648 413900
530 60989 748286
531 886688 888329
532 29382 846290
533 129356 110157
534 576782 326656
535 88053 506251
536 723378 747653
537 688006 567101
538 341367 219769
539 554616 663128
540 177838 536117
541 820374 145476
