NAME : portgen-470-2433004
COMMENT : portgen N=470, seed=2433004
TYPE : TSP
DIMENSION : 470
EDGE_WEIGHT_TYPE : EUC_2D
NODE_COORD_SECTION
1 747229 415909
2 163747 527762
3 591881 876466
4 973197 310816
5 543694 641701
6 729231 747811
7 87300 975570
8 421214 882552
9 307368 305737
10 184311 638281
11 190864 180175
12 749237 820034
13 690714 605565
14 331931 300876
15 232289 82309
16 464670 276582
17 609314 823640
18 60534 600100
19 327984 180440
20 332912 248296
21 92068 636538
22 72504 395460
23 695210 367224
24 356799 555942
25 823353 729620
26 552368 830977
27 733 170517
28 818872 470646
29 806595 340107
30 467228 991781
31 548482 792757
32 977904 295397
33 549633 92693
34 675307 691840
35 280360 53989
36 525752 751426
37 482383 454690
38 85913 359886
39 179441 578720
40 1161 220067
41 798970 991823
42 833647 240508
43 533826 671913
44 298678 313916
45 274006 967841
46 924793 636143
47 900079 278923
48 722544 340641
49 154154 617813
50 309546 335323
51 187783 778079
52 554780 603285
53 930650 560544
54 997329 760225
55 636690 146959
56 171968 492678
57 66100 499387
58 66987 912339
59 892677 698980
60 572853 208991
61 938538 57493
62 382294 945037
63 866205 747673
64 196645 879097
65 524040 525369
66 362557 419215
67 942029 854202
68 48099 306291
69 925723 334260
70 173520 621486
71 779235 599697
72 741062 65015
73 29303 867300
74 253848 955041
75 412717 974870
76 143996 275057
77 93773 784176
78 972765 768567
79 836049 700577
80 555186 624358
81 634820 663068
82 586705 15204
83 367724 572270
84 751615 1085
85 470083 199687
86 658491 937635
87 286263 597983
88 64995 663480
89 963719 598118
90 972271 97638
91 911623 496068
92 323911 899682
93 890548 699488
94 832510 926824
95 486478 475828
96 554676 924638
97 864176 973832
98 962995 841599
99 313433 143079
100 19 365822
101 903580 655730
102 982770 315078
103 63246 647928
104 951146 194091
105 893627 273277
106 936056 909224
107 214099 79357
108 69681 710182
109 798892 612872
110 52208 526124
111 258836 608536
112 1065 104261
113 296107 2760
114 954865 971184
115 534737 417067
116 712334 769628
117 704490 698994
118 161581 2399
119 281968 244554
120 830000 180366
121 900596 219637
122 874616 960353
123 216992 946140
124 923572 759915
125 677725 960234
126 886733 342249
127 608342 582952
128 653487 133951
129 951240 283776
130 153497 60847
131 365959 706592
132 364091 713261
133 372681 716419
134 34608 253746
135 862365 123541
136 786610 38976
137 935147 91973
138 639391 916587
139 193 418113
140 450773 162155
141 51520 671089
142 817687 473889
143 51107 5742
144 405537 991228
145 326312 445162
146 967790 28222
147 382188 706458
148 393756 861619
149 284489 782642
150 320962 300404
151 945946 505459
152 309141 515569
153 908714 215644
154 524562 134452
155 531844 647745
156 728414 960011
157 957463 708335
158 93056 337737
159 324403 657632
160 319505 511062
161 431929 251966
162 932783 561960
163 177594 281150
164 729835 419578
165 183259 423746
166 392025 865740
167 886268 803028
168 433740 91509
169 713625 109352
170 380833 713370
171 681339 747904
172 671723 815250
173 13232 715824
174 95438 820228
175 528863 112605
176 131783 864911
177 599382 897215
178 908379 80206
179 619190 506112
180 81829 817205
181 502018 415210
182 753619 818474
183 966405 980510
184 288287 142213
185 695102 377232
186 242299 504174
187 128768 206899
188 379278 567017
189 652583 35568
190 653581 97388
191 661959 223722
192 337749 366054
193 921728 976815
194 112120 67793
195 836622 453230
196 803221 571412
197 414249 3600
198 471070 177164
199 619135 464823
200 435971 446215
201 63240 59869
202 166647 431475
203 450645 908061
204 527162 233328
205 975487 931563
206 968085 551396
207 669489 628598
208 13983 930606
209 960 750019
210 347404 789241
211 361374 823463
212 706241 248886
213 313991 182430
214 337527 697293
215 756254 471216
216 39854 419255
217 60081 722017
218 129302 110563
219 554232 709150
220 352070 991121
221 975854 362101
222 720389 47381
223 91855 979757
224 865170 165362
225 689609 288640
226 839636 921842
227 708569 964755
228 406360 643985
229 999787 444629
230 302172 340082
231 353828 818012
232 881257 984365
233 955709 605983
234 831007 622108
235 536742 34226
236 65436 835597
237 60409 58763
238 949605 439532
239 114894 741486
240 842526 670005
241 182642 892898
242 395121 416171
243 117388 221842
244 537998 75716
245 766308 523319
246 279555 932124
247 172407 317844
248 925685 140257
249 301692 661626
250 97775 652323
251 864863 123683
252 322836 19603
253 105998 946738
254 526721 292398
255 847366 184518
256 105987 924071
257 678321 778853
258 60526 421704
259 645605 563412
260 58679 815451
261 304291 169380
262 524332 884419
263 169363 941752
264 512760 40806
265 952765 2867
266 912811 822496
267 894120 658007
268 564018 258570
269 214576 616268
270 355644 695684
271 576237 974585
272 17037 950856
273 219027 110175
274 407791 287987
275 148481 983933
276 627496 260885
277 708861 94908
278 739512 42367
279 229563 664829
280 455585 847427
281 732161 910453
282 936753 151682
283 608281 131402
284 907034 727465
285 559825 950351
286 13913 357617
287 414931 74745
288 187955 43405
289 460519 429424
290 144907 126996
291 712188 847931
292 585221 105337
293 270705 2358
294 885742 742437
295 49725 432616
296 351536 487111
297 56442 405293
298 681771 218620
299 559653 942291
300 762900 175621
301 649655 978367
302 143080 21485
303 271745 779564
304 675664 603523
305 824202 737154
306 156624 487125
307 615103 22969
308 495891 245049
309 854010 531459
310 469911 389661
311 571748 964742
312 964564 384203
313 300695 35545
314 214536 393446
315 803000 408390
316 367741 856995
317 605221 407753
318 970371 225062
319 232828 562252
320 609446 25656
321 148347 354282
322 272526 660064
323 860867 386794
324 522547 672238
325 104597 646225
326 4083 166207
327 139291 354510
328 807880 792659
329 373145 735327
330 51113 46682
331 546736 113412
332 994077 798546
333 588806 802341
334 214599 955038
335 162101 109097
336 722501 181771
337 426862 823686
338 385577 405540
339 825451 610053
340 576323 508036
341 662400 479208
342 342332 756317
343 861654 254328
344 862918 806674
345 818946 168030
346 10463 277789
347 400150 500349
348 303154 966575
349 927420 448840
350 274486 455326
351 561342 912493
352 95915 596561
353 983824 524874
354 823874 382973
355 492855 553551
356 929740 566471
357 916380 883082
358 36219 268946
359 713261 493727
360 495392 622230
361 874920 765758
362 680552 706774
363 547754 810007
364 85856 830301
365 839861 860702
366 581666 442477
367 117198 22772
368 578295 95928
369 562827 459249
370 720097 592708
371 541067 369190
372 311282 196715
373 293109 244704
374 597237 693376
375 952595 493146
376 880718 97119
377 608979 413783
378 873660 118865
379 795295 73142
380 18265 887896
381 962046 364624
382 662875 900146
383 12484 560549
384 255188 719664
385 589973 791515
386 671708 19884
387 541132 2245
388 741511 777801
389 156779 266768
390 833113 428889
391 14712 12713
392 812035 951965
393 898656 217041
394 779601 217052
395 10288 17745
396 840740 843163
397 869276 928582
398 920999 521182
399 828058 309036
400 455204 515308
401 87924 330469
402 860263 523705
403 478433 868004
404 285084 657014
405 515127 656619
406 339263 578243
407 62854 520
408 47155 118883
409 495348 734293
410 979146 491301
411 732491 946152
412 264460 74664
413 703591 341239
414 159621 17426
415 523812 873506
416 492716 499765
417 751640 176493
418 89625 436469
419 949859 811514
420 904809 779772
421 721693 45308
422 237905 518986
423 285253 894587
424 578702 794612
425 224991 579760
426 361560 810631
427 785224 581697
428 22592 588159
429 578828 683769
430 434079 41963
431 918145 473570
432 752205 735355
433 934926 293955
434 340337 543868
435 715266 152567
436 540181 700735
437 509302 399386
438 129741 921860
439 160927 682763
440 52072 115431
441 762411 475852
442 583346 481848
443 955360 19146
444 747560 16285
445 241567 795670
446 96132 405990
447 96247 752241
448 239590 20957
449 536005 838519
450 389244 363393
451 733660 895939
452 742540 109559
453 817349 885708
454 227284 303376
455 626336 3446
456 840598 562542
457 442201 638409
458 945831 512155
459 377322 999963
460 495764 913968
461 757949 501818
462 154623 351873
463 418907 644241
464 958195 399743
465 582037 244033
466 694575 857550
467 56426 48626
468 274833 199868
469 33650 944937
470 536016 443205
