NAME : portgen-518-2590767
COMMENT : portgen N=518, seed=2590767
TYPE : TSP
DIMENSION : 518
EDGE_WEIGHT_TYPE : EUC_2D
NODE_COORD_SECTION
1 592248 820724
2 606624 591994
3 707340 498503
4 318129 658245
5 574782 10399
6 504597 677007
7 551888 444725
8 785230 10262
9 808604 236024
10 650030 528370
11 547098 769511
12 651579 759751
13 224230 951571
14 818626 899802
15 137527 565931
16 670400 163929
17 790577 28656
18 430921 271357
19 997474 756007
20 522333 641898
21 970097 5562
22 101655 885498
23 88547 619568
24 356772 253061
25 875444 196773
26 766680 394247
27 280935 55521
28 528908 428318
29 30146 577967
30 161073 435982
31 501028 562122
32 135912 932883
33 40302 499034
34 575352 666390
35 356178 165662
36 653489 555542
37 360580 453256
38 761689 152851
39 488575 596057
40 230842 795911
41 921425 240658
42 738729 701544
43 64902 108277
44 28017 857694
45 988354 931886
46 696005 331084
47 399829 356671
48 988409 414554
49 644982 648398
50 123808 935696
51 130992 760714
52 22218 79532
53 275348 526022
54 655518 579390
55 990618 420630
56 400300 172452
57 589613 229186
58 739977 169944
59 162292 779240
60 944473 625748
61 854051 926954
62 542581 420482
63 34670 892774
64 533324 281048
65 177908 235667
66 497332 909185
67 605439 810212
68 395611 748973
69 651044 509543
70 961566 894958
71 945984 248776
72 913220 362605
73 77835 769051
74 788502 979347
75 322001 95634
76 881229 363934
77 470490 888141
78 438363 221806
79 155275 212005
80 683921 526375
81 874977 145975
82 617824 95660
83 474645 151523
84 259231 227008
85 151350 970926
86 381441 182945
87 457239 848839
88 744518 490117
89 456463 654440
90 982118 812863
91 737498 321318
92 597127 651532
93 360689 351357
94 291361 509778
95 335567 244087
96 489741 424036
97 358192 990640
98 513516 763039
99 791537 64381
100 618086 587717
101 312587 134062
102 997228 509138
103 358135 559910
104 766806 818957
105 527451 87005
106 930445 645497
107 876438 439833
108 36633 450940
109 787783 627183
110 582144 711606
111 359986 194850
112 608921 563633
113 658338 247379
114 185716 948101
115 490703 184607
116 723311 637505
117 126988 895113
118 882417 92001
119 444880 157293
120 614898 909748
121 563574 664177
122 927634 623961
123 884100 294891
124 815115 794558
125 332301 266136
126 577322 843435
127 573677 433479
128 864406 675081
129 7073 102115
130 626720 266133
131 115030 609513
132 204058 617702
133 523431 266268
134 717862 252477
135 555733 741742
136 635825 993224
137 294882 316007
138 134283 516550
139 621172 175442
140 699227 983257
141 240306 83601
142 321380 224569
143 69577 113797
144 433447 509286
145 371682 616149
146 374138 192403
147 601560 873156
148 273923 570349
149 369295 611626
150 489677 367550
151 673718 639672
152 95330 349044
153 25829 493721
154 522055 349107
155 363901 750608
156 241634 497786
157 730433 10571
158 891995 922627
159 7952 330901
160 343779 953081
161 896972 106235
162 762799 188183
163 68023 996152
164 897894 945837
165 290177 640562
166 994495 272065
167 811540 948619
168 741622 742520
169 353167 310809
170 332574 146950
171 105844 102545
172 165507 418600
173 719176 267902
174 429603 413377
175 805133 277770
176 672455 423457
177 321449 849114
178 373054 401653
179 828132 146711
180 607421 283309
181 140553 211245
182 16532 216951
183 644763 139089
184 332279 311833
185 291395 624092
186 493024 594575
187 525768 66009
188 280626 473514
189 784786 913684
190 815128 666369
191 168020 751183
192 338415 6867
193 500009 783249
194 255532 594588
195 303855 602533
196 410240 41334
197 19413 708482
198 653925 511269
199 576776 99498
200 137974 245661
201 483116 515918
202 598248 138764
203 109749 921272
204 85042 314581
205 349105 589804
206 146121 233543
207 842855 4888
208 873069 99218
209 191832 308049
210 563025 133494
211 562312 232781
212 173858 45733
213 140975 977105
214 996326 387004
215 956259 359354
216 388472 470204
217 564579 225323
218 520248 934476
219 908327 333527
220 133798 400791
221 591417 947483
222 31563 170361
223 40221 177459
224 867475 973679
225 567507 676820
226 514942 189772
227 143238 778619
228 857188 12911
229 951339 372925
230 618515 175273
231 12944 751514
232 180783 948314
233 998387 198638
234 201980 672493
235 964666 695609
236 231742 218152
237 740542 886205
238 618551 372539
239 89542 395239
240 188545 128064
241 25766 623401
242 768488 780986
243 346409 636958
244 289421 616264
245 226936 321610
246 732496 235833
247 368861 438188
248 169048 373264
249 206940 145357
250 551809 667681
251 87916 472236
252 785134 439442
253 651053 891540
254 421284 362252
255 432209 220229
256 723490 335074
257 145988 296905
258 442776 777110
259 382653 742594
260 779265 625122
261 991697 56623
262 120684 296985
263 607693 759505
264 433018 301099
265 235151 727010
266 951255 727289
267 963029 968315
268 404574 690692
269 477412 471582
270 338209 569299
271 254305 546826
272 836999 601813
273 329912 675873
274 115149 71876
275 830495 409543
276 940246 905840
277 910205 824799
278 716426 360627
279 509207 816818
280 34868 960361
281 414127 949701
282 24043 862910
283 965924 176663
284 498074 544175
285 966992 766903
286 661961 310776
287 912099 369722
288 684876 85856
289 146417 295885
290 580558 247066
291 250297 616199
292 266230 274790
293 312882 1553
294 703246 100118
295 2391 227910
296 192617 933237
297 504589 571305
298 907337 943528
299 634726 467277
300 916937 244056
301 529455 819264
302 491317 583429
303 159245 324047
304 639609 635414
305 511916 714873
306 657380 409089
307 814427 806957
308 767743 480890
309 445112 452737
310 955572 22395
311 541936 30797
312 627237 722936
313 237447 842696
314 819459 328670
315 210476 360828
316 446246 511002
317 783968 865684
318 589685 841208
319 801771 459273
320 507046 831992
321 556440 250509
322 144545 979995
323 685974 161820
324 305999 781652
325 333858 64641
326 124069 306056
327 256800 556108
328 797809 18452
329 35295 625632
330 993743 318036
331 522276 180336
332 128368 679923
333 158432 406871
334 264543 834432
335 120983 605923
336 174890 663459
337 118879 890931
338 898326 235879
339 773996 71128
340 925127 218994
341 807401 193826
342 334926 892439
343 838552 265909
344 382634 104045
345 707252 182814
346 576665 967338
347 338289 901123
348 657102 892981
349 131630 253614
350 81669 450094
351 387823 234871
352 856525 114863
353 257239 930242
354 971129 364360
355 717556 531899
356 635818 931250
357 918380 810929
358 741371 554937
359 842047 227244
360 22821 265451
361 275241 10929
362 752763 670889
363 218100 940019
364 806934 4015
365 633691 968083
366 264750 409635
367 353572 393228
368 583176 876150
369 275446 523997
370 151068 283614
371 423862 155389
372 81223 441800
373 907572 565736
374 214575 667399
375 683022 717082
376 86046 127614
377 619922 113585
378 185344 978187
379 881298 463297
380 531686 381089
381 654796 447132
382 213291 433941
383 108036 480428
384 850026 476580
385 903356 175634
386 340362 174647
387 544221 305738
388 179404 147627
389 391007 639177
390 485545 239912
391 58720 343637
392 472329 252602
393 313286 817618
394 196343 919630
395 285191 102748
396 26123 798865
397 620640 975433
398 943252 249214
399 611167 775485
400 262395 759945
401 174729 575397
402 181854 443109
403 658362 742409
404 655284 367319
405 800298 367725
406 781843 961668
407 178105 428938
408 354965 855930
409 826491 237858
410 490689 858822
411 869260 74541
412 214184 143410
413 905 764964
414 992793 101111
415 647375 436994
416 492342 23687
417 838879 117819
418 458069 97051
419 165531 43390
420 897637 457356
421 991126 958485
422 428941 426369
423 233487 951582
424 584681 477229
425 974528 178288
426 256421 510056
427 128109 825401
428 267603 151041
429 736518 64035
430 985040 561311
431 576878 611894
432 469681 342942
433 376599 823357
434 532727 751736
435 195451 403382
436 271248 349261
437 263329 312400
438 602400 359204
439 946432 388783
440 875807 849864
441 28446 928757
442 116071 86064
443 860116 880448
444 554005 495937
445 741220 634712
446 564324 413794
447 847939 494254
448 186107 641865
449 695156 116540
450 823968 874282
451 5149 195898
452 601422 124664
453 149841 327663
454 393984 42044
455 965284 387154
456 597035 240580
457 322815 350328
458 996986 163084
459 763954 975427
460 156834 734733
461 128201 416186
462 927768 321168
463 398233 75350
464 747839 138665
465 162559 274736
466 965220 904388
467 423498 488652
468 252828 787865
469 605942 765743
470 89077 697031
471 116493 578578
472 339102 6486
473 506510 148137
474 486026 526771
475 96021 110756
476 894026 556490
477 953981 549232
478 909062 100761
479 772400 112769
480 871835 361975
481 721721 628241
482 952966 268253
483 270661 18457
484 901478 316328
485 843817 848849
486 677057 237183
487 879405 46078
488 840707 571710
489 462205 378536
490 412105 297471
491 302949 635070
492 266829 800583
493 553015 336978
494 951421 155245
495 217991 234371
496 886387 289613
497 921925 240228
498 19973 879310
499 699172 293024
500 165778 934800
501 685931 107490
502 114666 798549
503 807807 258955
504 289660 153397
505 996216 572084
506 149340 617155
507 894777 637464
508 475588 432107
509 706315 712738
510 248279 391351
511 319284 608454
512 150550 909017
513 162917 569567
514 122517 80856
515 238270 581752
516 282049 308807
517 382319 840021
518 148131 685794
