NAME : portgen-461-1348567
COMMENT : portgen N=461, seed=1348567
TYPE : TSP
DIMENSION : 461
EDGE_WEIGHT_TYPE : EUC_2D
NODE_COORD_SECTION
1 807354 913150
2 332418 327139
3 123770 422773
4 903060 187873
5 399055 576451
6 891837 686314
7 442543 284880
8 58513 23005
9 469964 679416
10 354412 890721
11 869934 976230
12 49144 475184
13 58177 669561
14 6692 822036
15 816392 38753
16 776950 595441
17 187965 942940
18 576630 921474
19 341648 301423
20 324353 366152
21 450047 996748
22 571237 219890
23 711765 781667
24 544249 91976
25 41791 949082
26 815773 324671
27 594780 495370
28 263387 211913
29 725184 389477
30 750509 202296
31 81125 601637
32 863520 32902
33 126403 895089
34 115077 222653
35 573115 276845
36 478755 377987
37 637625 405330
38 74947 545263
39 381449 553773
40 211796 846263
41 944376 617214
42 71526 614096
43 957628 175313
44 731920 155063
45 816536 681540
46 806396 118995
47 728308 47507
48 887397 72060
49 359123 165907
50 144943 166502
51 400218 990476
52 880179 195527
53 4705 198558
54 253144 980684
55 537742 88074
56 479992 570120
57 572941 68969
58 395899 962129
59 873328 816012
60 145504 54343
61 535966 949170
62 77709 406613
63 876627 488278
64 497807 442097
65 400624 876389
66 292118 400765
67 16031 123721
68 366271 374255
69 44273 2557
70 218197 995499
71 301984 915907
72 9559 762193
73 145573 857226
74 41285 321695
75 170880 399118
76 574252 917025
77 765282 268554
78 874384 999453
79 974444 756458
80 829256 630450
81 154284 250587
82 762487 542242
83 786090 564084
84 560561 810748
85 923395 538673
86 920843 551633
87 645132 746385
88 480091 618940
89 183887 809155
90 532228 877174
91 513834 741349
92 612841 770174
93 722104 41530
94 638278 473788
95 337631 802187
96 813694 233525
97 79162 679523
98 74655 750350
99 270774 263173
100 282101 526633
101 673338 232129
102 789466 293705
103 885284 832902
104 304184 995108
105 546449 832853
106 361175 500655
107 418826 27069
108 816755 920759
109 171425 82963
110 467587 35739
111 293309 297387
112 528646 396762
113 865334 688713
114 762167 351427
115 861101 647189
116 314755 188778
117 262705 699375
118 515999 13178
119 322523 585771
120 953418 801344
121 870105 555315
122 6201 301892
123 508877 516306
124 704878 682400
125 814189 385941
126 988183 919347
127 402072 634912
128 211877 484560
129 969423 90090
130 777706 872105
131 510378 718412
132 41690 745104
133 962747 805859
134 494454 116933
135 518191 300449
136 215880 489025
137 268773 81646
138 47555 373961
139 895315 893734
140 184884 380774
141 719290 672076
142 573720 988995
143 136810 596342
144 147088 517601
145 736627 710139
146 518723 205589
147 67580 652968
148 585464 381080
149 286541 924554
150 254336 134915
151 620990 811144
152 497515 433415
153 666651 316106
154 345627 413077
155 498101 615534
156 337472 451822
157 353463 67567
158 353382 304788
159 650832 388721
160 159640 581667
161 519318 569900
162 862597 383275
163 679458 404736
164 991509 835357
165 414995 731449
166 28334 482238
167 395632 569350
168 43301 267467
169 318613 506152
170 635613 832021
171 945510 758366
172 357960 154960
173 190821 948823
174 342992 684304
175 973510 180728
176 389570 451183
177 509559 522886
178 106581 138752
179 415511 928164
180 390113 399183
181 997492 839474
182 777463 666079
183 670024 579105
184 93862 198503
185 876746 404558
186 961796 966528
187 415210 978912
188 192097 68134
189 60341 339710
190 276694 540705
191 989224 63345
192 445244 15811
193 733956 188859
194 704774 729552
195 899326 464196
196 173605 120110
197 629406 231054
198 870225 978981
199 343155 379048
200 962862 122686
201 888482 3282
202 407610 432804
203 191503 326225
204 5939 493747
205 788930 917722
206 433978 685958
207 28838 925917
208 225578 877382
209 210068 546409
210 795854 691042
211 235950 714814
212 235640 754059
213 516076 958513
214 558918 982406
215 787409 865872
216 62195 566593
217 550780 358972
218 106727 303265
219 34507 519327
220 790232 856574
221 978791 158364
222 933698 208284
223 228245 458790
224 884470 875346
225 714977 911712
226 420063 360749
227 591639 96990
228 60491 321888
229 452502 48638
230 326077 888237
231 291717 486611
232 703515 932355
233 938930 275613
234 752260 820554
235 697671 766787
236 992911 334721
237 831432 884142
238 270978 875201
239 123175 138649
240 693568 194188
241 506011 510280
242 656328 899171
243 574154 575583
244 863078 618424
245 420041 831114
246 551005 213952
247 821655 23444
248 863663 644070
249 326932 49556
250 937305 353044
251 335615 745821
252 181778 520789
253 405700 909783
254 704420 692467
255 522836 484908
256 458810 834077
257 628596 494962
258 337231 77765
259 664956 680070
260 68692 294860
261 948680 702703
262 883248 344626
263 431172 247090
264 152942 310642
265 478441 361194
266 170780 430707
267 615812 208660
268 735377 671933
269 881683 161366
270 561939 496388
271 910627 183007
272 549732 125181
273 882433 848302
274 330704 477029
275 592272 616572
276 491127 16290
277 571114 576110
278 182264 904908
279 130008 973118
280 785411 733766
281 28099 543053
282 130528 26447
283 574280 275802
284 284344 503415
285 612528 488929
286 747060 187926
287 87798 452119
288 803733 932390
289 131588 307137
290 162362 526263
291 117081 179824
292 525230 744674
293 333094 627726
294 300179 589364
295 634379 459574
296 387588 378268
297 548837 73009
298 749328 722700
299 95209 97613
300 321448 950043
301 716713 23566
302 314667 66008
303 499491 311302
304 491059 826440
305 243016 554537
306 604729 540643
307 338738 325836
308 346178 649831
309 994216 57518
310 277119 851580
311 180592 186731
312 181966 662485
313 772216 723494
314 873259 21789
315 952627 492430
316 441331 305148
317 64121 607824
318 921534 576438
319 841085 199393
320 398496 683263
321 633510 242660
322 312245 782799
323 278982 200857
324 196301 886352
325 300792 25833
326 849441 73420
327 144985 829017
328 508712 411564
329 959444 706842
330 144474 923053
331 470216 291665
332 427943 559752
333 921027 362068
334 228398 555939
335 46854 145320
336 453529 107863
337 756725 251285
338 2138 107172
339 41745 352949
340 153772 360651
341 764049 166416
342 877314 29574
343 22213 149665
344 877204 504369
345 686797 559465
346 348039 285145
347 152538 253175
348 229734 525646
349 485934 60959
350 780660 171809
351 159111 843352
352 732579 940141
353 261784 683024
354 196105 115411
355 806803 359046
356 534360 455075
357 20045 585009
358 575013 185070
359 139126 174768
360 330018 395380
361 876134 167438
362 775279 875045
363 986209 610176
364 375284 816584
365 989501 319114
366 911066 926334
367 546145 794726
368 826291 308973
369 146371 292305
370 454561 837143
371 10539 702436
372 174350 291416
373 683331 180601
374 509866 277493
375 266966 619557
376 150361 669349
377 71458 461545
378 260743 232776
379 297207 937853
380 113849 952811
381 536652 903799
382 660850 969660
383 348507 831923
384 280725 728628
385 901677 394412
386 675204 861632
387 907801 710460
388 245018 206784
389 95980 313734
390 614302 753432
391 312968 437431
392 702735 36689
393 782461 7266
394 265484 576484
395 446219 994368
396 28248 417743
397 390627 60148
398 161938 148906
399 794634 463890
400 46397 476546
401 84621 196132
402 663191 513533
403 306589 712930
404 966614 34768
405 679083 253476
406 967292 720723
407 491634 119481
408 924562 118909
409 513171 600701
410 807721 199600
411 37289 816834
412 682230 425131
413 309791 479072
414 198441 394267
415 403871 532088
416 240170 61211
417 634650 360825
418 786139 592245
419 945797 583254
420 112126 663552
421 494094 664782
422 768762 246618
423 957078 211413
424 735513 965496
425 750357 682866
426 950465 400366
427 60018 514309
428 236376 23409
429 561481 302365
430 727394 714343
431 767133 383360
432 922642 15531
433 759381 302509
434 951960 245016
435 162402 713149
436 383395 547675
437 850344 124855
438 249135 636922
439 756815 167920
440 188754 286381
441 917590 896075
442 666873 689527
443 764954 856809
444 138569 619119
445 601444 483629
446 640284 700781
447 420851 398977
448 280156 946419
449 814438 643907
450 997482 320156
451 454597 567592
452 776741 463975
453 765275 54389
454 733492 370491
455 749354 379566
456 884840 942362
457 700920 243764
458 74058 66352
459 962508 523664
460 735374 812961
461 488071 308053
