NAME : portgen-443-5868545
COMMENT : portgen N=443, seed=5868545
TYPE : TSP
DIMENSION : 443
EDGE_WEIGHT_TYPE : EUC_2D
NODE_COORD_SECTION
1 439485 68919
2 204665 191864
3 429411 905602
4 819544 467930
5 993200 673096
6 828556 688913
7 406635 787771
8 977960 657295
9 221457 359018
10 440275 271802
11 88946 173899
12 508390 645984
13 704910 27466
14 463464 542694
15 578314 773052
16 897379 618957
17 930011 418492
18 296877 796766
19 345814 251373
20 349838 439527
21 15873 598353
22 141889 518097
23 754441 240625
24 546722 618935
25 979975 865427
26 553726 466662
27 137123 567142
28 711341 820527
29 138907 786173
30 894986 632644
31 559788 568170
32 118092 553672
33 657222 230203
34 547024 888538
35 33330 737334
36 110572 602522
37 379042 574848
38 718075 622283
39 36775 941247
40 934643 884383
41 888559 677291
42 647707 945669
43 213263 329208
44 500865 376339
45 761269 66674
46 249741 457275
47 218043 612503
48 328954 413351
49 219310 567041
50 800021 132158
51 203850 605475
52 684292 95592
53 976868 876435
54 818955 191454
55 353878 382132
56 319662 762567
57 24903 828312
58 382903 102512
59 350127 505588
60 224717 243871
61 10892 979983
62 88516 901172
63 533484 505097
64 918229 283449
65 597979 841640
66 803327 845320
67 587368 552510
68 564721 125991
69 652387 819394
70 562766 110750
71 979081 995277
72 151621 517398
73 55781 269757
74 368759 316871
75 79019 823857
76 495121 935861
77 969061 958380
78 328830 358529
79 18106 131781
80 530871 850877
81 224047 999561
82 628687 243127
83 403051 324384
84 610946 507505
85 772531 113145
86 733753 33256
87 426569 400860
88 748749 75031
89 10922 130136
90 572341 174955
91 486990 786448
92 752578 747101
93 617593 803766
94 216633 344240
95 149459 240336
96 515044 144882
97 46863 449621
98 376997 945825
99 568708 750760
100 768648 980750
101 258835 238622
102 744529 904063
103 336866 708673
104 183282 221960
105 340787 525064
106 141895 673866
107 982322 290534
108 335832 79164
109 952697 179066
110 866130 457226
111 755676 860185
112 738857 791780
113 854309 495130
114 288726 522505
115 63994 40076
116 891748 788962
117 789349 47277
118 33059 813124
119 804125 462043
120 411268 538428
121 851068 37567
122 478109 692233
123 484659 654858
124 406025 255082
125 595312 881866
126 657098 46202
127 686766 728572
128 89001 469873
129 449273 697252
130 871004 523741
131 904547 721238
132 810691 802358
133 673995 104328
134 195756 290089
135 805875 680974
136 673139 697614
137 583753 984264
138 800127 709473
139 173419 10284
140 702779 384435
141 45857 591474
142 651500 540252
143 135528 170510
144 978270 986991
145 373281 928730
146 617367 514036
147 656168 730294
148 865289 153454
149 453813 493844
150 892105 775185
151 481439 395740
152 552303 210877
153 836008 65623
154 394702 146513
155 593043 918491
156 491602 462282
157 323970 942273
158 906373 390511
159 65069 80396
160 937068 520541
161 650514 701912
162 397984 30689
163 199534 277399
164 145310 372876
165 148255 734504
166 314771 26905
167 417241 784287
168 892832 583574
169 267504 709226
170 633879 745016
171 105440 897874
172 49922 852740
173 278215 915455
174 116051 625479
175 530760 587890
176 8143 80937
177 345588 157600
178 460414 454533
179 978499 768016
180 318044 252434
181 798118 685475
182 512634 848026
183 813051 593728
184 412360 471229
185 664057 990917
186 274459 439590
187 549636 349178
188 512398 569577
189 356323 240383
190 570274 745000
191 298900 377294
192 54831 895821
193 936385 629295
194 514271 569214
195 971235 299103
196 171213 796274
197 45168 642961
198 470557 665849
199 348238 700743
200 340342 708638
201 559132 875668
202 55205 785760
203 288989 630848
204 26105 449767
205 221215 831118
206 940262 409284
207 796780 18941
208 81220 1844
209 640306 869673
210 377469 147201
211 245490 711616
212 130887 955419
213 431785 398791
214 384385 763876
215 60188 881549
216 543471 906556
217 19168 739155
218 804737 889615
219 580514 35890
220 814600 934541
221 988988 644598
222 191744 824034
223 53612 459596
224 665387 89749
225 211175 71765
226 281464 584361
227 640554 458792
228 165166 652576
229 856499 316049
230 981022 399374
231 50334 990215
232 635166 286673
233 842129 295664
234 217539 972746
235 965328 621623
236 336456 550557
237 658497 305704
238 865737 661128
239 71062 672095
240 790252 779209
241 542292 68336
242 782853 660814
243 831215 553256
244 271389 732494
245 897025 509073
246 672075 607767
247 70562 192976
248 598084 438431
249 986100 886040
250 958297 392484
251 388534 993292
252 299496 431965
253 529473 213128
254 801508 979739
255 627577 611910
256 381186 124004
257 419023 471949
258 727298 442566
259 919653 442190
260 688589 403698
261 309564 331499
262 14449 572844
263 233088 343164
264 251060 226532
265 776231 652608
266 859620 91322
267 44517 178342
268 398022 418287
269 649312 310904
270 933516 388648
271 633603 829199
272 43905 493327
273 199508 340576
274 593318 497718
275 959887 254920
276 187370 759568
277 109809 305688
278 532863 297212
279 948774 121154
280 33942 111185
281 563815 490603
282 46223 238929
283 978307 551987
284 80099 925695
285 272440 386721
286 849248 421934
287 482302 433669
288 216327 549996
289 221690 708761
290 39980 935876
291 394389 129905
292 192589 665045
293 88792 369017
294 45099 805588
295 200034 846035
296 338188 723616
297 38464 546795
298 539399 211668
299 346897 610236
300 276999 649512
301 118886 884557
302 457737 24011
303 860530 57465
304 566978 444763
305 216895 163846
306 252113 143186
307 921120 187907
308 772997 840198
309 452139 499427
310 699529 766638
311 205090 469862
312 648696 622927
313 267834 964691
314 964197 458290
315 573138 158862
316 983017 776926
317 491865 876134
318 683763 251203
319 208785 4681
320 892047 248594
321 916877 545671
322 106059 433395
323 640944 868325
324 74920 415536
325 278960 574708
326 247471 888606
327 37097 118137
328 666495 341960
329 392691 581603
330 340248 609326
331 848679 562297
332 552715 968301
333 246968 706441
334 37126 487724
335 546963 904672
336 765277 36603
337 220467 124821
338 519167 316484
339 432765 530558
340 956432 925874
341 571999 382594
342 118042 963812
343 310183 420719
344 224210 523564
345 629166 977321
346 214077 721061
347 457718 987375
348 483316 880274
349 325204 981237
350 914228 324460
351 435560 544362
352 459103 353086
353 2708 864876
354 770563 73284
355 807953 245775
356 117749 869127
357 952436 362926
358 395249 127617
359 104579 565340
360 484984 366693
361 381237 55888
362 573496 222503
363 469112 220915
364 577499 867380
365 122112 654291
366 545921 359480
367 722604 710656
368 808124 702872
369 430157 755116
370 568563 182565
371 316140 658869
372 38579 262472
373 596084 158188
374 147565 235215
375 518262 262400
376 302775 457823
377 859125 259936
378 778539 76079
379 821757 748446
380 544961 299836
381 434719 15447
382 504721 625388
383 929635 458880
384 830547 689964
385 766842 237061
386 980052 869364
387 47077 222583
388 63918 923413
389 196763 313559
390 443964 393032
391 399158 829052
392 322419 822276
393 219571 530473
394 854759 97216
395 781021 349244
396 872324 740193
397 988273 331502
398 202513 446776
399 611792 815995
400 198553 672670
401 961424 834006
402 791250 125230
403 863242 473722
404 135404 36848
405 40364 248065
406 221320 724540
407 967424 195717
408 427511 694526
409 27173 173218
410 422874 482859
411 847088 14551
412 491410 94171
413 275636 146045
414 78113 921847
415 359341 590196
416 788009 159915
417 273194 195898
418 171712 674617
419 861627 126701
420 394765 525045
421 503300 681540
422 674342 298162
423 502156 857773
424 248782 894101
425 55865 56467
426 368662 689944
427 456654 608357
428 884661 801509
429 560811 595352
430 953518 188624
431 612094 8702
432 642083 515319
433 744765 539780
434 50198 669262
435 693561 569738
436 445743 133071
437 117353 366406
438 114196 157143
439 557897 883052
440 209510 474127
441 585234 482761
442 968329 170716
443 978101 779306
