NAME : portgen-529-5962165
COMMENT : portgen N=529, seed=5962165
TYPE : TSP
DIMENSION : 529
EDGE_WEIGHT_TYPE : EUC_2D
NODE_COORD_SECTION
1 152077 955545
2 377818 961914
3 452929 555844
4 406035 935082
5 262087 428422
6 551811 672144
7 461728 743821
8 803041 763145
9 314601 29159
10 774952 928940
11 569284 649464
12 392128 672164
13 293532 33843
14 115705 29781
15 355552 327870
16 564103 109588
17 967732 115066
18 101449 244952
19 906463 299335
20 9502 517144
21 815187 803718
22 197916 184732
23 363533 120986
24 171910 614588
25 624016 672003
26 696991 189166
27 400268 971249
28 464068 42488
29 987812 262752
30 860464 207977
31 649381 106699
32 925579 744943
33 613235 748092
34 474227 276996
35 380287 682054
36 591234 700012
37 405143 102948
38 231948 380117
39 249196 420879
40 208095 251044
41 46030 852953
42 169316 147575
43 678489 457403
44 184008 222789
45 501830 353356
46 770724 629466
47 919047 327448
48 925909 115174
49 398575 94967
50 952783 983415
51 871790 751031
52 406492 372971
53 625973 844038
54 19849 252693
55 292760 6664
56 858479 765023
57 760921 507107
58 437252 19914
59 187651 598131
60 819034 498061
61 349516 379259
62 324212 396872
63 810264 840203
64 293519 32171
65 476975 387909
66 360268 996502
67 128118 201431
68 392564 281007
69 92032 662208
70 710322 658575
71 269752 585877
72 403755 3769
73 3840 391465
74 305254 522175
75 517183 85705
76 821654 366403
77 617992 564873
78 623147 875287
79 622912 205061
80 980407 344965
81 752006 357640
82 542370 634184
83 736912 272602
84 361268 757151
85 503267 45786
86 714659 665475
87 80947 733328
88 676406 983113
89 761267 759338
90 773725 934977
91 217291 88458
92 51764 132009
93 635903 2628
94 454132 493933
95 464518 119961
96 919739 334880
97 158941 664536
98 943915 604276
99 504929 670426
100 327362 20726
101 630198 545915
102 748450 582206
103 868413 733196
104 314638 485982
105 928970 620518
106 421154 128978
107 740543 860445
108 425226 417126
109 198699 877834
110 690269 132636
111 767673 690841
112 429788 482541
113 415588 168744
114 917025 498741
115 864914 943210
116 668474 275284
117 830368 153206
118 513822 88313
119 347914 191319
120 706782 218777
121 803928 576298
122 803664 331882
123 352288 228897
124 905091 676400
125 248947 775171
126 687250 6187
127 805511 384152
128 352252 354913
129 715547 595244
130 68383 780100
131 385281 123319
132 779199 710193
133 816590 844856
134 325313 408661
135 508156 196328
136 512034 522299
137 628886 915097
138 445385 761485
139 885329 45636
140 130288 60674
141 453196 321781
142 430357 84814
143 557928 545155
144 496085 120175
145 336616 668966
146 762999 939253
147 683162 510454
148 706742 281629
149 947411 888566
150 886496 590802
151 343568 859455
152 546111 188273
153 321974 365469
154 575830 720697
155 826223 807097
156 858828 595371
157 258628 399417
158 17100 446027
159 440157 268745
160 3450 534960
161 897444 436746
162 522164 917354
163 852760 652579
164 976188 440613
165 593123 79916
166 185655 164632
167 219412 323191
168 201846 857825
169 63153 30939
170 67713 111901
171 104997 227339
172 116725 801655
173 771521 326252
174 417089 765807
175 657693 54163
176 305441 506798
177 295443 806579
178 405147 178936
179 640042 222919
180 986427 464149
181 302315 544890
182 652983 714322
183 702099 631488
184 478646 456972
185 627895 690847
186 28938 674349
187 611051 949286
188 229519 390646
189 141303 715585
190 512206 673823
191 12536 753268
192 454186 128974
193 777600 640764
194 511648 505090
195 621092 570357
196 379178 606180
197 403043 376866
198 82962 430648
199 616287 167438
200 572135 380875
201 184949 701503
202 253601 983869
203 41627 552172
204 52611 166468
205 28978 764382
206 667287 134952
207 601826 416069
208 84970 696135
209 141846 276117
210 631360 271450
211 15200 311208
212 884837 247020
213 505898 327434
214 420748 627181
215 907659 677347
216 338034 974835
217 686606 747824
218 6535 877583
219 151442 38116
220 44003 81465
221 498918 235531
222 873730 349641
223 555156 67970
224 721343 156023
225 870967 755527
226 9900 989106
227 259779 894788
228 42840 210113
229 14896 505776
230 977333 164043
231 400729 14494
232 122465 947512
233 265464 431756
234 261222 252184
235 860913 16999
236 974791 985822
237 405149 875832
238 261550 26094
239 51428 990048
240 204179 295784
241 312538 914971
242 649848 743615
243 276617 323539
244 852369 739094
245 482359 574779
246 616361 899257
247 177203 27003
248 106674 513095
249 830381 997897
250 88090 529061
251 16541 731295
252 951844 575182
253 442989 94928
254 339257 516163
255 618171 719301
256 357744 275802
257 23417 402554
258 547682 501472
259 837291 95461
260 840838 752369
261 601375 263325
262 164094 331852
263 458 243496
264 33978 829966
265 432843 166622
266 686836 535265
267 371877 484877
268 938040 36735
269 891554 247293
270 195933 775144
271 486247 756908
272 898255 729990
273 973404 353036
274 735163 845351
275 26545 863177
276 479116 414
277 565054 921468
278 842224 481276
279 359417 466966
280 637142 406254
281 203374 91964
282 320229 843026
283 233053 600835
284 377546 293427
285 429150 194645
286 766309 991940
287 68915 977660
288 273252 600960
289 698270 242625
290 489627 519181
291 884078 567012
292 192824 26589
293 963247 594872
294 215035 528851
295 251824 337205
296 659188 598126
297 818143 1287
298 8835 494307
299 687993 920595
300 456737 372444
301 654765 492537
302 355723 507364
303 979098 912104
304 807590 538465
305 958220 247351
306 266240 830566
307 215141 299936
308 747065 605247
309 273820 318941
310 834191 738746
311 912842 456951
312 836690 56706
313 539880 273771
314 636217 561551
315 998561 361148
316 793370 159805
317 284404 242275
318 252940 53512
319 351870 892887
320 279523 358000
321 321051 896094
322 694659 513078
323 424363 202237
324 761436 761437
325 461407 735063
326 858089 126441
327 922034 95588
328 579074 494960
329 208132 113447
330 254423 925586
331 560234 914702
332 258941 600220
333 926300 370146
334 135906 702063
335 875573 544828
336 843810 512383
337 857534 99127
338 880656 786400
339 534917 741101
340 477632 44919
341 65638 522769
342 307127 72975
343 800913 878667
344 900863 684183
345 315975 882793
346 917606 649806
347 17314 734695
348 514189 808667
349 38559 595532
350 632421 637962
351 667319 20335
352 283804 416487
353 669424 335319
354 819313 849059
355 294674 700406
356 594097 523948
357 797471 371629
358 7980 910427
359 897388 524246
360 86031 117632
361 331586 540374
362 69641 237610
363 877508 823475
364 228579 441046
365 429703 545336
366 967086 685858
367 446426 777225
368 450822 541689
369 725298 935498
370 64994 890486
371 981279 376616
372 598152 198343
373 551207 377232
374 580164 779703
375 857186 690713
376 580088 597513
377 165828 87085
378 670876 981461
379 573908 506579
380 965665 127734
381 610021 883815
382 784064 404188
383 719127 217480
384 925796 599128
385 820422 630748
386 330263 117685
387 667059 395317
388 537543 734073
389 374545 982556
390 566734 896046
391 249566 722000
392 475381 301968
393 935314 83271
394 901794 42237
395 58098 233342
396 615893 126170
397 115076 434246
398 560223 863593
399 709557 202834
400 660799 817133
401 2686 597608
402 212968 961139
403 441147 858088
404 122132 863859
405 151770 587604
406 79667 531670
407 448480 732323
408 511840 483851
409 768739 349817
410 843965 855533
411 507923 722961
412 938328 3288
413 628061 732654
414 904717 705919
415 954170 679455
416 611941 510685
417 830785 979129
418 816379 717895
419 273519 743058
420 790128 451463
421 314532 551976
422 198272 202564
423 725419 892932
424 187841 111787
425 806185 827568
426 958876 3637
427 248664 981344
428 205192 492000
429 766822 233838
430 144760 723251
431 584569 379074
432 73731 700307
433 273072 527690
434 333398 245916
435 6903 618908
436 296009 656952
437 543632 16397
438 896657 504285
439 474296 956983
440 798096 136060
441 965831 670878
442 561159 230919
443 94885 232866
444 436953 130478
445 706057 288689
446 384497 27603
447 736154 171219
448 155453 657579
449 8344 181875
450 305907 221133
451 418635 230857
452 313690 670124
453 861736 287997
454 442477 17745
455 886458 972325
456 55046 636344
457 527781 856071
458 338754 556966
459 642920 902512
460 544853 615493
461 519345 151523
462 940008 785770
463 200273 65151
464 343261 873507
465 154660 608659
466 61808 456551
467 70525 825771
468 81013 329487
469 143097 705088
470 892164 537919
471 589946 534441
472 585624 90564
473 769343 232973
474 87594 950383
475 970945 90301
476 314318 134837
477 27214 697248
478 159324 962083
479 160332 487919
480 589110 532249
481 144900 737388
482 125580 348538
483 382378 520605
484 50719 437217
485 86727 105781
486 469371 692536
487 931566 454551
488 301174 384508
489 124308 242760
490 626445 238189
491 904819 855342
492 284396 622410
493 463759 324419
494 330970 721986
495 443392 560408
496 278767 705880
497 618360 786383
498 68548 897410
499 602874 131072
500 789389 384834
501 108664 844834
502 323937 732756
503 185482 458975
504 850440 404804
505 233489 834905
506 631113 438346
507 44526 28702
508 253481 439019
509 119027 339197
510 279990 484968
511 917731 919646
512 647827 701892
513 997116 624536
514 368599 198810
515 269069 842198
516 534067 719504
517 9270 791540
518 607076 466472
519 810815 255693
520 368928 24739
521 205391 991773
522 441995 958424
523 642677 359121
524 58052 916468
525 789267 444011
526 528810 404064
527 862003 947190
528 850767 389160
529 835563 532396
