NAME : portgen-506-5599844
COMMENT : portgen N=506, seed=5599844
TYPE : TSP
DIMENSION : 506
EDGE_WEIGHT_TYPE : EUC_2D
NODE_COORD_SECTION
1 565481 575740
2 743209 425905
3 745024 563395
4 107168 117864
5 743678 186641
6 791725 182046
7 132926 139379
8 677981 377002
9 133176 169340
10 747741 233139
11 667622 360463
12 574044 552877
13 800635 872770
14 247776 238592
15 145847 677677
16 220371 552699
17 589394 828124
18 170439 485936
19 796326 377699
20 131151 393558
21 346900 712592
22 289883 756779
23 257670 704993
24 58465 825279
25 211217 612310
26 132348 40681
27 746041 186125
28 348110 12782
29 986345 915085
30 255465 259088
31 767068 729468
32 986712 350120
33 839741 79133
34 892162 376146
35 881709 972987
36 318536 307897
37 958123 135430
38 100791 626940
39 614422 387919
40 204766 787853
41 886425 332691
42 983126 886759
43 910609 490902
44 565987 239274
45 988382 91305
46 593774 420180
47 495990 158164
48 75021 39003
49 754469 154452
50 655988 630729
51 90571 670546
52 620512 423363
53 725885 799656
54 57554 859282
55 275515 857208
56 446794 747071
57 926702 164160
58 665313 346888
59 233478 828548
60 275098 800738
61 324664 737709
62 720158 250979
63 882416 647990
64 687384 534759
65 409545 301135
66 569385 755139
67 112403 347558
68 341058 139353
69 405989 818966
70 221445 563720
71 257424 737439
72 964176 187644
73 766641 856065
74 700021 245010
75 275748 427031
76 351618 219709
77 744907 354852
78 61344 335431
79 558142 272954
80 82304 586532
81 393666 238588
82 637836 711794
83 599784 709355
84 782895 739057
85 397518 809248
86 646866 988467
87 552800 848067
88 449119 104954
89 992801 365306
90 189635 546984
91 89848 414429
92 452454 823013
93 907469 330797
94 117303 400608
95 747774 631703
96 356458 666932
97 421448 412196
98 916854 268956
99 184639 116108
100 738525 661687
101 863263 334715
102 55375 728763
103 337182 937188
104 767254 921894
105 447383 730546
106 218128 157533
107 525180 450601
108 230073 726734
109 817139 225640
110 794940 330827
111 524716 666786
112 531 735831
113 945985 312151
114 933092 824036
115 510884 511930
116 337700 70906
117 917922 459088
118 328855 932314
119 889249 1853
120 592939 180735
121 513657 891662
122 605667 416946
123 106987 689671
124 666400 685617
125 466211 604702
126 335863 360602
127 605223 226595
128 323987 792357
129 416792 596286
130 399908 404868
131 47939 765401
132 328955 266648
133 216888 326465
134 551866 108234
135 343614 540401
136 60333 131522
137 759428 190238
138 994963 164113
139 61563 773936
140 411844 153628
141 895359 336805
142 424128 106015
143 463990 572299
144 741951 651274
145 242200 2389
146 380447 781015
147 658239 52537
148 120401 382135
149 132234 415429
150 421982 942873
151 628108 892464
152 273773 312583
153 709343 999058
154 936474 499207
155 762604 751687
156 50405 765517
157 354086 397518
158 24420 266924
159 107161 276417
160 146246 834753
161 194231 136436
162 686251 400740
163 912293 167869
164 857749 446845
165 480894 995905
166 227638 562355
167 11331 660156
168 103222 129841
169 982718 26609
170 81595 197066
171 465137 465533
172 505028 407447
173 808158 244011
174 94763 257498
175 140244 952532
176 524386 685389
177 934535 426076
178 715235 65752
179 881132 613617
180 209361 579502
181 16339 909865
182 417612 565538
183 286550 584871
184 260489 946639
185 589360 780409
186 172161 849662
187 136173 193714
188 310366 508842
189 201901 260174
190 685504 846540
191 286736 244131
192 237484 901392
193 979566 317773
194 144742 445793
195 373605 518350
196 869351 36079
197 437249 301185
198 24905 615474
199 329360 311313
200 97080 299315
201 42110 834588
202 571993 293704
203 665795 280254
204 447905 33142
205 446510 397462
206 921010 435339
207 240011 691010
208 710150 980260
209 472615 116427
210 540633 671076
211 255510 949175
212 849558 290044
213 738299 337572
214 277668 842469
215 527918 30111
216 60937 168758
217 813663 288042
218 925530 851397
219 4120 546473
220 191241 999305
221 845157 28315
222 905159 702529
223 262839 920175
224 186520 147205
225 562886 687332
226 337805 486891
227 783395 66968
228 238378 873351
229 20924 283951
230 368173 814398
231 276134 901431
232 841901 447204
233 552304 892694
234 530179 537482
235 428170 789974
236 793739 325410
237 553540 853301
238 333270 768619
239 165780 782590
240 51665 864947
241 316647 993717
242 474295 713520
243 753977 159506
244 326857 366458
245 735738 32836
246 321217 466637
247 118302 401266
248 205566 519747
249 474775 51858
250 369259 494220
251 754395 403930
252 95539 697938
253 370685 344087
254 12596 69875
255 312991 78872
256 546494 654465
257 548212 335337
258 493181 809496
259 783128 440634
260 241638 32557
261 417919 478321
262 168223 933950
263 35579 389809
264 229870 855601
265 482616 989182
266 756022 95905
267 469598 972792
268 318452 662181
269 445505 138957
270 220338 944480
271 376377 886222
272 124820 703181
273 614916 842895
274 298414 184352
275 365687 815756
276 289877 619173
277 569242 380076
278 738197 658490
279 934331 122746
280 379486 708503
281 898582 873638
282 849536 368510
283 702495 660271
284 529645 845031
285 720420 650285
286 511081 598775
287 74946 425882
288 742680 798745
289 909078 788146
290 195752 377089
291 455478 107123
292 476115 774112
293 90599 882384
294 246369 101087
295 270297 658180
296 132535 600473
297 418536 570053
298 433398 777601
299 811275 698937
300 960501 816171
301 933816 510268
302 988599 988598
303 360278 182753
304 143057 795129
305 289477 855813
306 412120 833243
307 852449 721305
308 575967 298109
309 455101 279482
310 935112 924893
311 848996 830707
312 884530 904249
313 716468 813
314 610176 86348
315 65603 559926
316 655687 113949
317 498669 339939
318 964968 622234
319 254674 754810
320 198145 792490
321 427282 966886
322 165975 345404
323 809184 301828
324 715943 514287
325 853584 432584
326 167425 724926
327 633334 400574
328 160483 819867
329 11599 648659
330 23629 738044
331 928079 388247
332 596984 496987
333 428530 445234
334 667268 507044
335 912120 274139
336 582165 940814
337 425897 502527
338 757468 124069
339 197373 483955
340 743765 896600
341 989214 961516
342 62719 327559
343 631847 267440
344 516964 1681
345 911408 519733
346 954965 747629
347 842689 924006
348 210324 486468
349 540988 663448
350 587936 685115
351 104454 231987
352 770521 956984
353 443370 205908
354 662207 305774
355 768727 893043
356 302902 9917
357 737251 503895
358 783078 180449
359 545557 672978
360 286663 942062
361 904246 3820
362 919108 227005
363 169684 350178
364 170292 468913
365 59156 551559
366 461862 891598
367 715228 850722
368 593697 979297
369 224265 558823
370 544480 451398
371 721882 843986
372 715018 969346
373 615487 951145
374 828521 615684
375 754321 860145
376 316175 72074
377 604291 36377
378 223253 212855
379 516759 919799
380 363286 464073
381 981643 103384
382 761293 317329
383 171161 458916
384 294898 767904
385 888408 831932
386 351927 929873
387 918656 426517
388 625886 832171
389 399528 882730
390 3752 956828
391 833418 250492
392 105627 595083
393 569915 358477
394 130304 397898
395 679560 134781
396 684398 456360
397 670415 712548
398 99470 792008
399 925329 288501
400 343459 783316
401 551616 945790
402 611931 797493
403 26727 65683
404 966447 9207
405 466461 864775
406 82551 118860
407 240238 228504
408 779674 525283
409 432968 48745
410 217858 379152
411 533586 6397
412 424444 105091
413 280316 406136
414 317941 121163
415 399789 560203
416 865723 390321
417 416269 138977
418 874277 714557
419 10253 877122
420 815408 44632
421 925509 81559
422 180040 300408
423 601194 678000
424 31915 565323
425 432231 693334
426 474066 804166
427 888711 783256
428 917592 161295
429 529521 472954
430 923215 312170
431 55429 89324
432 193798 421829
433 939265 991
434 938820 939830
435 627310 101673
436 493367 867644
437 616513 524524
438 905085 729420
439 117685 641188
440 187498 119021
441 876614 844987
442 197947 87619
443 504773 776398
444 196522 994439
445 199711 873285
446 775736 70423
447 249812 713735
448 551264 57864
449 465045 655516
450 395322 871774
451 560314 390727
452 377825 313210
453 816719 629079
454 606218 801092
455 278482 141194
456 964772 535082
457 273243 49930
458 536433 985005
459 839512 480063
460 870565 881401
461 535946 283304
462 544507 755536
463 541359 102640
464 489819 303303
465 707804 276005
466 123201 316593
467 362705 46304
468 154248 341532
469 571744 148017
470 551186 519768
471 936886 716459
472 123874 318309
473 337338 492432
474 525915 494276
475 172376 448623
476 568044 161742
477 947711 119316
478 748572 243721
479 28021 331520
480 158961 475187
481 57335 458200
482 249905 758714
483 204307 248312
484 411208 954933
485 712591 44000
486 459089 345236
487 307687 421941
488 313356 374204
489 335592 425190
490 6963 297637
491 74619 158299
492 144341 232616
493 218670 665001
494 66687 603991
495 841996 905935
496 930324 616811
497 435426 507185
498 60678 591650
499 408771 701932
500 4952 963134
501 156840 100725
502 487312 874738
503 374003 409745
504 17400 715095
505 900646 83571
506 177033 424029
