NAME : portgen-439-1401090
COMMENT : portgen N=439, seed=1401090
TYPE : TSP
DIMENSION : 439
EDGE_WEIGHT_TYPE : EUC_2D
NODE_COORD_SECTION
1 129267 372777
2 312973 401197
3 279017 610379
4 601525 246442
5 107800 23439
6 316047 488880
7 423708 518885
8 579638 978747
9 763311 452839
10 712234 562723
11 591146 356545
12 813859 388248
13 580941 571098
14 508323 574122
15 163880 792734
16 938607 227992
17 968570 956892
18 208145 530276
19 680838 467168
20 963431 535781
21 334702 132567
22 767912 454890
23 839337 452413
24 685915 859138
25 68045 662293
26 764787 316308
27 36557 828909
28 744230 901275
29 404206 356080
30 193051 748741
31 929540 134356
32 283010 572018
33 688737 183479
34 720967 968818
35 679547 127225
36 292831 904173
37 384793 49940
38 797935 274837
39 319987 984949
40 644017 679666
41 166892 152242
42 381070 415139
43 863194 804251
44 944981 396551
45 268155 24666
46 809308 712020
47 787620 836206
48 242950 430528
49 747774 717971
50 656954 564500
51 132425 700965
52 215120 388379
53 495401 612545
54 935237 621417
55 965715 939979
56 956293 7655
57 87925 168385
58 939432 217520
59 346735 446803
60 329068 258208
61 435705 2996
62 311863 115047
63 994799 591865
64 689052 996414
65 554539 185390
66 339599 698570
67 19234 704038
68 723372 159236
69 64316 212685
70 475707 645674
71 457516 498177
72 67483 9946
73 588960 806312
74 400157 672573
75 841406 651084
76 741475 751360
77 163432 471564
78 224900 433854
79 681731 511081
80 665006 336164
81 548228 722552
82 145710 320041
83 482462 458116
84 940172 77979
85 579424 133120
86 817362 674161
87 605397 677983
88 516732 684345
89 839563 840298
90 890146 560945
91 910134 177970
92 331407 218374
93 637161 617046
94 552860 699193
95 221576 265256
96 219064 986337
97 633260 342586
98 828311 783354
99 892780 389499
100 493214 904615
101 966749 559858
102 782426 280461
103 740950 563504
104 419953 945058
105 834402 607854
106 880994 982538
107 289505 399750
108 117100 561890
109 89292 803123
110 491730 699107
111 565335 550672
112 584765 674809
113 166371 257504
114 891735 324935
115 937033 953227
116 264392 894505
117 5896 282292
118 679950 927595
119 888465 931656
120 101274 75270
121 527754 749736
122 207462 522468
123 699920 668391
124 401572 958450
125 176215 570806
126 891619 567844
127 452466 539986
128 640222 72243
129 553962 500133
130 600511 813354
131 675039 488296
132 843783 759131
133 80099 131257
134 775075 767037
135 699829 448708
136 160318 130842
137 626907 920923
138 807488 997491
139 98206 44778
140 34586 94127
141 703542 391601
142 724424 123678
143 278187 776096
144 50721 246764
145 202192 548692
146 152520 121427
147 231826 652566
148 914952 396911
149 122829 286538
150 714979 702429
151 570185 356793
152 923863 82088
153 867263 500017
154 843420 328788
155 261798 864126
156 21522 307198
157 297941 51818
158 660834 553612
159 256469 191217
160 844179 683188
161 8428 488536
162 52058 997400
163 878522 803524
164 206978 544819
165 53659 307470
166 154070 769418
167 782979 170460
168 72604 396344
169 93660 672605
170 462843 724575
171 519626 859504
172 402584 519004
173 540264 663983
174 69369 234426
175 774043 111427
176 189933 578010
177 232879 407508
178 548359 800767
179 573813 753403
180 9483 470919
181 406357 170814
182 865944 537223
183 344500 162018
184 904613 778936
185 511553 996851
186 484243 22042
187 417173 732752
188 493254 430418
189 255657 644549
190 449040 77755
191 229710 453575
192 535335 582740
193 901112 983255
194 903473 245756
195 825959 910586
196 491730 314723
197 161052 465992
198 240332 497583
199 442330 669832
200 25750 109846
201 408325 424820
202 785385 696288
203 881716 736358
204 42674 650138
205 506396 565103
206 897293 328057
207 927443 98897
208 979188 91633
209 9762 399952
210 296891 846916
211 719687 234781
212 753186 401707
213 588525 59422
214 236656 720885
215 851035 756896
216 387743 605519
217 138153 883937
218 180462 901653
219 526131 436438
220 603551 809479
221 973493 503521
222 948865 979043
223 190898 256949
224 561537 759345
225 877466 180909
226 260927 721445
227 818797 268853
228 722103 802806
229 286667 901447
230 515825 980063
231 210227 606236
232 46586 696916
233 591609 393771
234 379191 948400
235 907998 722239
236 530096 250417
237 522485 115981
238 585989 998242
239 415984 484332
240 679604 785718
241 772755 335208
242 205059 870971
243 546669 781507
244 558932 441236
245 292328 786691
246 522461 577731
247 528439 881312
248 279382 723076
249 981036 832883
250 393054 192656
251 840965 77204
252 79740 91748
253 408153 925718
254 516386 947825
255 722184 940595
256 243874 845430
257 609119 729134
258 457601 632496
259 77796 165274
260 417534 868533
261 412734 546308
262 555346 715341
263 881273 452891
264 170676 430736
265 707828 660271
266 481856 468158
267 762148 739008
268 541843 927325
269 726089 475924
270 413370 914173
271 703710 393658
272 23702 423795
273 373956 976153
274 22384 813097
275 38 826491
276 552400 550299
277 125054 732782
278 710800 372806
279 315056 340732
280 549904 480828
281 199628 40461
282 534455 808011
283 236885 850216
284 821728 185324
285 355178 481448
286 610111 264698
287 165235 591042
288 316133 862435
289 421253 822563
290 4541 508467
291 137835 829943
292 880831 227000
293 460642 441394
294 933703 954136
295 502122 691627
296 105596 540764
297 120746 931921
298 304061 439011
299 228422 432659
300 107662 511521
301 554899 199821
302 808556 491571
303 688655 722456
304 669467 898054
305 272140 269405
306 439102 360920
307 838609 858277
308 375231 658864
309 919714 602534
310 503949 797873
311 621793 389069
312 77662 843657
313 926549 410290
314 456142 673664
315 902387 593676
316 192967 523199
317 550422 735135
318 69365 776915
319 991333 22554
320 851769 801778
321 521679 331169
322 450186 704249
323 69833 716527
324 463102 277088
325 5371 893771
326 982869 554758
327 530272 513985
328 318553 31699
329 649398 73420
330 422205 911740
331 731122 646913
332 46284 470362
333 747725 107932
334 910733 134360
335 788444 658703
336 195761 642626
337 597162 610178
338 815004 67035
339 858796 563676
340 525103 894849
341 760891 382721
342 251458 990646
343 862554 546053
344 476914 80060
345 987409 961432
346 866181 856973
347 234109 193065
348 606016 879053
349 734007 840008
350 889244 2797
351 857730 899425
352 751985 110521
353 132879 600147
354 303299 539625
355 651431 772500
356 554785 569337
357 86011 460773
358 45559 874149
359 412804 853219
360 864346 868672
361 373925 70724
362 245115 785646
363 800973 296335
364 890640 486640
365 477298 214856
366 763735 319171
367 912245 752602
368 340064 191554
369 296710 790684
370 945087 988404
371 133248 623695
372 215714 118737
373 587506 795457
374 611857 448463
375 392092 309680
376 988412 247366
377 362710 674388
378 239062 538559
379 987180 999382
380 770456 941325
381 303437 512615
382 594538 663026
383 639251 931090
384 353623 967273
385 873267 250101
386 262291 964341
387 461127 554665
388 880259 126558
389 708014 570727
390 546584 262413
391 309155 891258
392 716183 535972
393 911418 251120
394 724632 249218
395 113351 408974
396 837930 329436
397 917417 694985
398 726112 168907
399 162567 661048
400 238477 460947
401 87443 41129
402 901878 129678
403 525 97154
404 531182 826737
405 762969 987941
406 813927 737962
407 886031 361482
408 103394 974001
409 595197 899553
410 936913 470344
411 768522 692575
412 728796 412319
413 162658 221162
414 62462 331448
415 554140 783104
416 595376 881276
417 807758 558643
418 448486 571193
419 5226 354701
420 432577 937417
421 655922 825079
422 312304 643006
423 640452 145355
424 600640 505097
425 532327 504950
426 106444 831119
427 106907 455373
428 865571 206166
429 233371 343235
430 681192 429331
431 91928 176481
432 394159 825551
433 332018 988848
434 425657 243024
435 721029 958039
436 373361 90099
437 367226 431963
438 363899 937402
439 585667 273422
