NAME : portgen-483-2036181
COMMENT : portgen N=483, seed=2036181
TYPE : TSP
DIMENSION : 483
EDGE_WEIGHT_TYPE : EUC_2D
NODE_COORD_SECTION
1 568177 166008
2 988610 60539
3 303787 496401
4 624992 149487
5 318202 209680
6 786366 150691
7 259857 444323
8 812978 974618
9 288860 534133
10 478815 181911
11 108401 332683
12 528945 553905
13 124984 344749
14 565972 815353
15 427816 162085
16 628230 480345
17 814960 436791
18 854205 72795
19 194396 822927
20 666249 50218
21 114874 885813
22 356811 1493
23 669854 269986
24 295755 549477
25 185019 927068
26 484937 633210
27 454913 338218
28 447578 87831
29 351048 551819
30 206334 230992
31 302005 802064
32 483237 267983
33 94806 900553
34 793879 258363
35 774468 542991
36 678862 739383
37 349114 551746
38 696974 475190
39 877770 190726
40 106327 37153
41 993700 14153
42 609019 196824
43 860080 826166
44 997108 546977
45 341985 953652
46 278915 936032
47 48459 123258
48 371356 375490
49 536699 805064
50 304519 194663
51 392216 105028
52 443150 147865
53 933367 470784
54 24191 258089
55 478138 621412
56 90722 804071
57 209834 252681
58 952076 365973
59 753605 359979
60 896627 719315
61 363854 988814
62 953844 579804
63 150775 573834
64 296233 201249
65 618379 226190
66 450999 619680
67 712588 484915
68 946431 189629
69 804318 356338
70 244747 494107
71 72560 637129
72 650349 622669
73 589798 290101
74 982187 468654
75 972482 797521
76 79257 335449
77 186685 78329
78 743664 772536
79 392440 958234
80 201434 743738
81 666465 667852
82 13341 984031
83 548851 453593
84 153721 587164
85 662882 661974
86 383785 284951
87 387496 99105
88 640057 28404
89 802128 875515
90 836140 378239
91 181394 337998
92 999814 874640
93 559724 783146
94 606338 728556
95 936063 492838
96 35907 217154
97 693455 582773
98 110321 787609
99 249633 551244
100 982612 561394
101 487972 106672
102 632514 594243
103 616127 741259
104 335634 312044
105 518604 960517
106 166197 663883
107 22170 708596
108 707830 449310
109 974397 430568
110 873709 761241
111 203960 602476
112 604552 101488
113 174001 277112
114 652436 793252
115 482978 898798
116 692769 490083
117 356910 875622
118 212041 517511
119 315827 291218
120 166810 110414
121 808749 175770
122 854847 174821
123 288878 433430
124 612602 591966
125 408771 833209
126 135172 456380
127 68266 83814
128 868624 997889
129 749762 756891
130 382201 98616
131 425431 44416
132 145234 408189
133 151768 990426
134 809035 847348
135 419717 274399
136 836708 382431
137 21797 40500
138 626069 747579
139 534210 520738
140 232863 176112
141 527350 895544
142 411050 384361
143 473366 648353
144 344848 948720
145 723853 221614
146 708475 468478
147 871500 892410
148 273706 426317
149 153972 814347
150 548752 541298
151 899220 91863
152 359102 232658
153 305859 239627
154 45329 683904
155 610447 220271
156 653040 801041
157 33038 160587
158 390140 956953
159 172915 252824
160 134483 725450
161 836454 994688
162 298596 878419
163 375179 744844
164 23328 789139
165 734640 386441
166 702249 850306
167 910290 12591
168 523072 726308
169 862506 250463
170 994221 516413
171 475438 92024
172 814236 998403
173 385160 713786
174 169882 993081
175 517231 528861
176 402989 364833
177 79706 162311
178 839048 48914
179 181573 346510
180 709585 579550
181 377121 794866
182 689683 94034
183 744833 561015
184 986804 34635
185 775426 676354
186 787070 179833
187 735593 605622
188 322460 471621
189 914981 136284
190 39370 326265
191 563271 676817
192 79553 155090
193 9320 907383
194 160623 816256
195 267758 962057
196 739504 827871
197 475037 317866
198 729342 295604
199 356431 208614
200 675942 913539
201 798804 33597
202 953710 190965
203 965590 726172
204 285279 924616
205 152991 931664
206 888290 365317
207 78752 747528
208 840046 549249
209 319828 371816
210 364691 449229
211 204584 778190
212 358693 861887
213 877549 753472
214 226123 544627
215 640031 596288
216 186341 990365
217 983293 107706
218 437974 197953
219 598064 332025
220 315043 460070
221 587555 788806
222 451564 818528
223 757472 961314
224 469178 613149
225 440317 975870
226 69480 811803
227 568583 79653
228 727197 808439
229 50303 846004
230 752991 767636
231 128107 953253
232 609572 692920
233 344109 99484
234 913752 260223
235 990055 878732
236 80070 706678
237 931498 388821
238 379748 392780
239 209606 279039
240 134689 69110
241 703168 380119
242 791635 872394
243 468180 233088
244 380793 290373
245 763596 338489
246 284201 337840
247 341969 436311
248 379999 880876
249 857307 62742
250 438780 364692
251 751707 190138
252 478460 371207
253 272701 689361
254 20168 696188
255 611472 494109
256 427645 759930
257 82407 414501
258 483435 790267
259 611283 173260
260 312920 463233
261 242176 851009
262 821443 625363
263 127024 889931
264 228218 560291
265 116120 690386
266 372612 513418
267 667566 640580
268 641464 943238
269 297711 377134
270 388959 677913
271 621804 207532
272 977453 300363
273 96313 433191
274 516397 716606
275 309286 490068
276 652657 297015
277 946622 748393
278 992080 238288
279 522572 837879
280 729742 329462
281 391650 643033
282 307228 933559
283 872304 220113
284 782477 782044
285 318188 50244
286 273869 894677
287 863973 822852
288 810575 945160
289 904387 73050
290 633282 888736
291 367359 390339
292 830548 786657
293 298736 729578
294 206190 734007
295 768275 421351
296 160761 515667
297 58945 338715
298 404043 727127
299 343559 154601
300 489787 151152
301 528803 443346
302 83323 420550
303 122708 262318
304 466466 159964
305 449657 262501
306 32098 788564
307 69603 308391
308 168701 875983
309 584087 968513
310 529515 145177
311 876553 627875
312 292257 167036
313 521440 830523
314 811353 443423
315 700143 548257
316 478693 744422
317 623393 370780
318 856638 578795
319 320735 522157
320 617956 422753
321 145490 237676
322 204492 623097
323 544797 532885
324 223410 891909
325 817275 573520
326 915773 900135
327 454457 941529
328 672458 784381
329 819953 712542
330 563912 543913
331 941582 944309
332 542008 26903
333 117011 794421
334 584071 446506
335 763594 635815
336 652572 692178
337 151238 955994
338 229404 976418
339 173418 350727
340 494578 737058
341 10569 98810
342 879511 156230
343 606675 534384
344 202413 596489
345 253769 62216
346 994723 874229
347 758562 982140
348 770180 453312
349 86437 248497
350 393693 568379
351 359466 872682
352 397331 80216
353 562951 816963
354 20624 298226
355 334854 138074
356 581967 223464
357 458773 501695
358 549189 67353
359 185747 559868
360 256723 663698
361 707983 335574
362 52812 195215
363 276348 779890
364 294846 71022
365 393043 412441
366 955793 875192
367 15873 356504
368 155091 787105
369 640037 377815
370 607040 539321
371 348636 642545
372 339765 590070
373 354232 659149
374 821416 563347
375 705791 990290
376 158465 15415
377 855454 981252
378 612585 484274
379 856809 40827
380 925125 775846
381 176925 642808
382 691185 795532
383 789437 939422
384 883698 868702
385 147463 890040
386 245936 622400
387 854077 266433
388 505233 692568
389 480120 71560
390 582630 792074
391 923080 254019
392 145897 617197
393 235515 312984
394 184006 220340
395 567066 215668
396 903406 771334
397 230352 717000
398 293384 726236
399 788467 73332
400 84837 661664
401 179029 749856
402 980716 913717
403 67209 904445
404 869518 238256
405 745737 299600
406 300268 636469
407 473760 709456
408 872439 405591
409 412456 974185
410 502147 63200
411 150954 810366
412 783865 485798
413 711011 496080
414 641683 940360
415 199224 600787
416 823049 241863
417 325823 283029
418 491805 286611
419 780258 436440
420 744757 829923
421 900528 209820
422 718192 503865
423 64714 93039
424 987469 744553
425 5988 797304
426 84553 848107
427 874108 484049
428 838614 937165
429 424033 697687
430 421911 780597
431 124187 433077
432 493498 915813
433 399071 90447
434 918276 969894
435 644742 779399
436 418121 667902
437 968197 704843
438 978647 302846
439 936258 299815
440 647184 773846
441 72047 943996
442 518448 418626
443 476600 389972
444 748364 410009
445 883957 401358
446 368335 810364
447 791698 965358
448 411802 232626
449 241623 13349
450 525218 761867
451 156781 687653
452 97369 232142
453 725257 140557
454 329658 455481
455 7449 448642
456 188800 14023
457 813729 20552
458 412262 313823
459 641379 528140
460 504010 166445
461 848823 904926
462 444676 882875
463 622617 730467
464 570532 736054
465 979586 838090
466 973188 480776
467 292366 198542
468 585045 58023
469 130266 497895
470 6364 162777
471 748592 220224
472 905998 717512
473 552534 463408
474 365687 908823
475 342740 681334
476 662093 505568
477 33763 687127
478 788679 676005
479 395287 898827
480 647096 667233
481 10290 831762
482 449117 844671
483 700049 968576
