NAME : portgen-408-5575895
COMMENT : portgen N=408, seed=5575895
TYPE : TSP
DIMENSION : 408
EDGE_WEIGHT_TYPE : EUC_2D
NODE_COORD_SECTION
1 947495 121566
2 235178 583500
3 28081 634260
4 245345 650989
5 113368 10244
6 971791 850179
7 696605 772413
8 309087 488666
9 994277 389173
10 185274 726070
11 582206 569283
12 80638 803625
13 341205 183455
14 282646 19341
15 586340 863232
16 640844 134198
17 419341 825322
18 212303 685235
19 456965 872864
20 736500 99488
21 299690 792219
22 843485 561455
23 436444 904398
24 181616 866446
25 514174 15454
26 731610 604554
27 677936 422175
28 597949 813297
29 702224 409855
30 371197 342845
31 177294 372480
32 914489 13880
33 710553 179571
34 6693 135149
35 335968 404689
36 307049 127831
37 874998 169820
38 994460 977652
39 891347 658463
40 205675 527907
41 481230 872791
42 648144 243494
43 685938 268363
44 219708 405461
45 114769 32731
46 678542 321816
47 536896 331810
48 792438 171859
49 917220 673665
50 566995 458792
51 13050 523153
52 660771 986267
53 534223 858819
54 956409 434441
55 736237 329586
56 593588 296763
57 295086 338466
58 664303 855477
59 835584 582678
60 221442 538693
61 262351 333028
62 568153 877175
63 391638 783896
64 467059 888731
65 635596 135641
66 21242 456905
67 922225 876088
68 934318 184467
69 577704 309678
70 579191 830460
71 432779 637030
72 184018 576075
73 770379 345514
74 753662 659720
75 940172 8541
76 704800 28489
77 38069 431354
78 437550 556144
79 600927 784683
80 51948 349756
81 281114 646731
82 855249 905776
83 896807 956558
84 112745 719010
85 568086 318789
86 101815 175863
87 642506 212901
88 833893 233862
89 294958 136799
90 439625 835493
91 182969 682376
92 836782 285839
93 854526 374511
94 601656 16449
95 979280 977760
96 71722 858694
97 741592 260402
98 728645 256915
99 994524 971117
100 742182 536517
101 50555 616862
102 220095 104678
103 825571 22423
104 191706 752229
105 576827 63039
106 954488 584478
107 805402 74188
108 278034 422420
109 905139 594847
110 177131 639892
111 962034 141628
112 976828 31568
113 268233 484952
114 955767 537827
115 387329 811469
116 42156 542729
117 559971 376586
118 881004 598491
119 876974 762594
120 7805 432105
121 469372 6808
122 839317 339388
123 15726 930094
124 881865 710023
125 992168 243692
126 301147 456696
127 583787 930713
128 494361 507825
129 56890 843509
130 223674 227080
131 145449 429111
132 744424 144721
133 593667 947680
134 745160 466013
135 58461 347940
136 540554 195115
137 602679 933439
138 338744 505337
139 557840 46115
140 537207 760408
141 428061 112258
142 314153 160248
143 666019 613044
144 798305 415249
145 782919 933324
146 853330 410960
147 704132 659864
148 891551 274256
149 404129 905878
150 644 510389
151 372253 835750
152 172815 231760
153 815630 188889
154 142543 423538
155 264693 881316
156 709520 641640
157 60590 290349
158 373750 734489
159 724978 84559
160 253170 319410
161 543550 839282
162 465369 548072
163 975686 704803
164 22300 370918
165 117808 149854
166 362793 134301
167 781421 655891
168 50887 786420
169 51667 23803
170 786498 931529
171 888066 713746
172 162079 463508
173 389773 14047
174 945590 156059
175 684178 186747
176 251955 33210
177 788070 850789
178 147595 237952
179 54329 516923
180 180872 29210
181 137221 118740
182 637039 333163
183 993249 995774
184 479561 597082
185 900576 359702
186 788898 568918
187 400381 66423
188 67455 510340
189 51212 614579
190 400476 737734
191 650474 505377
192 190046 88598
193 12633 244053
194 497261 448257
195 662641 55113
196 306859 454585
197 123227 426796
198 142630 319147
199 313364 95656
200 396052 879433
201 962835 331011
202 755583 946443
203 536272 746578
204 843164 699471
205 838156 903542
206 740690 606071
207 854281 125759
208 722350 682635
209 995512 210243
210 190532 674102
211 682409 383905
212 201029 21142
213 396866 457887
214 813335 453937
215 530150 320877
216 667175 351740
217 776423 496934
218 997044 44402
219 651095 64287
220 366247 329997
221 248540 287018
222 257724 988539
223 372704 922953
224 253556 102084
225 29930 684743
226 505811 859427
227 565505 75175
228 212257 611095
229 554587 258648
230 949399 491870
231 95482 778877
232 333224 508159
233 655002 453671
234 348347 865742
235 753054 799397
236 429079 893428
237 180313 505789
238 168291 822981
239 818399 125853
240 808884 785771
241 903299 554686
242 504538 38279
243 225394 888297
244 18515 268263
245 841931 543372
246 696055 785353
247 311232 566849
248 900917 355112
249 106705 751934
250 820247 549722
251 104554 127702
252 293199 244158
253 781443 951124
254 354888 527226
255 849781 323960
256 592579 286324
257 416716 406026
258 795815 310129
259 467645 766374
260 607242 299889
261 346966 596412
262 45494 203332
263 694843 301377
264 600228 936154
265 724346 217166
266 468092 291173
267 276072 484924
268 193192 616975
269 137969 98511
270 242464 915264
271 420652 252141
272 661021 542042
273 196405 99642
274 739858 107900
275 872006 599540
276 754884 170551
277 27588 603081
278 81629 813380
279 851630 808275
280 50966 164467
281 813154 256377
282 284761 934516
283 903307 340438
284 625302 874674
285 209621 696173
286 570271 359745
287 894368 7701
288 545005 176415
289 568824 442413
290 121702 881462
291 449746 791953
292 885188 559878
293 404011 211715
294 6411 341555
295 581616 852754
296 991672 263295
297 888890 546291
298 344993 60907
299 357773 653319
300 997036 19990
301 530817 297444
302 986197 990544
303 149793 962931
304 285363 467709
305 199069 869914
306 806968 510074
307 226658 198212
308 172795 549859
309 367487 738470
310 589523 842400
311 982664 971983
312 877637 189631
313 165355 272826
314 373547 903823
315 857908 582074
316 891052 101114
317 243344 251788
318 74493 939671
319 565294 686976
320 387082 854152
321 844228 267940
322 752031 739216
323 870089 19689
324 385657 699258
325 380935 72166
326 687360 453949
327 795411 414962
328 128937 429703
329 54100 734409
330 916050 210121
331 397636 598386
332 80626 344916
333 25686 539027
334 758043 487441
335 328122 153106
336 164201 668228
337 357535 517356
338 155040 528715
339 176571 462674
340 60693 735652
341 218725 639137
342 987773 647786
343 184437 292665
344 20487 898427
345 226102 535465
346 181628 77853
347 358853 233976
348 689950 175999
349 910405 234675
350 584176 341373
351 843117 922982
352 638565 645283
353 853441 48222
354 466175 147624
355 230525 836272
356 409215 155673
357 508307 380584
358 28492 319783
359 239533 846650
360 654966 849686
361 628622 523368
362 903265 986748
363 309989 241219
364 29663 712251
365 663915 106818
366 62540 28947
367 232149 224421
368 326436 63052
369 130830 607189
370 619293 864654
371 53131 173837
372 243461 376415
373 906843 658260
374 174587 372104
375 923987 448731
376 146336 198154
377 570759 477357
378 278833 814169
379 690832 414143
380 318846 790388
381 917391 858985
382 528331 365871
383 783140 235377
384 912212 131891
385 473740 370232
386 145195 867429
387 922662 206235
388 703350 430467
389 952608 425907
390 707915 495819
391 550386 615519
392 393404 873526
393 189427 203554
394 500616 866278
395 441281 91059
396 150840 998939
397 133449 249061
398 719458 185702
399 251174 37225
400 673065 476376
401 705652 748680
402 664188 428168
403 898344 530816
404 804749 697232
405 287930 75278
406 313553 824554
407 972862 227787
408 639548 918451
