NAME : portgen-531-46221
COMMENT : portgen N=531, seed=46221
TYPE : TSP
DIMENSION : 531
EDGE_WEIGHT_TYPE : EUC_2D
NODE_COORD_SECTION
1 861602 16566
2 346991 833579
3 313832 358245
4 257409 839148
5 248189 595399
6 569456 86933
7 943329 587452
8 726698 916751
9 614508 482493
10 231071 322713
11 666469 931108
12 134112 918809
13 725565 741988
14 62739 857383
15 39952 753148
16 488149 36464
17 154604 488753
18 527297 744752
19 786903 262982
20 616842 347656
21 194541 202525
22 640799 838096
23 248906 699138
24 409418 643574
25 271176 458854
26 237000 928097
27 683427 500191
28 598428 825137
29 861962 858237
30 306281 569079
31 571341 994427
32 222306 900532
33 400858 366930
34 446134 105232
35 338545 27560
36 507333 970934
37 211316 772217
38 85712 738372
39 247680 633921
40 320381 900427
41 880025 204502
42 551101 470872
43 181806 493722
44 814158 254071
45 87895 160366
46 298618 681670
47 924436 589282
48 840323 223607
49 991208 868582
50 752383 510534
51 451457 775497
52 323192 370749
53 578829 32497
54 376995 212555
55 318384 104705
56 10979 607891
57 770341 145915
58 270461 889670
59 69990 633023
60 60209 177250
61 375722 577551
62 352849 828010
63 576102 731835
64 647741 840567
65 193388 53215
66 361376 35124
67 315537 215675
68 889447 272134
69 434161 405186
70 200410 292136
71 423731 181135
72 193861 910645
73 784644 721066
74 328821 96426
75 13180 108487
76 575866 150641
77 675194 699168
78 149157 416333
79 459959 107516
80 481301 306694
81 598336 971808
82 12145 26247
83 680973 829844
84 414029 859696
85 361270 549395
86 560848 973563
87 619842 951722
88 601384 225081
89 902357 653680
90 678852 159768
91 271876 540224
92 359265 886693
93 454878 389568
94 22979 289289
95 534702 59603
96 858104 574464
97 43915 651015
98 731287 450168
99 561292 242138
100 309260 559563
101 818708 675140
102 417573 853411
103 836611 35641
104 791375 788501
105 244289 759589
106 393353 170670
107 572814 421697
108 448590 23871
109 927893 361129
110 294960 230805
111 268551 171890
112 550436 801707
113 730686 885707
114 555989 766430
115 115111 565742
116 433705 113856
117 409391 919262
118 766415 101205
119 967409 937567
120 438103 431007
121 461674 661849
122 994329 303896
123 791052 686213
124 24028 242207
125 920329 845579
126 894178 794862
127 127027 743517
128 125857 704852
129 265749 498311
130 86996 735405
131 68232 853807
132 350398 813282
133 297914 731503
134 176341 268918
135 630645 762376
136 999842 685685
137 440800 449380
138 336627 473689
139 44863 806918
140 675850 25833
141 619958 57678
142 679433 379705
143 497510 579898
144 763458 596108
145 621347 34911
146 924863 698490
147 306922 675726
148 431164 775989
149 221049 544948
150 967268 317362
151 641349 217110
152 566357 894495
153 225621 836499
154 115428 747321
155 246007 545958
156 941394 669640
157 876963 52085
158 810541 369741
159 546884 674671
160 382118 521925
161 510454 631392
162 301649 313282
163 121026 782732
164 119328 546304
165 223758 500127
166 358261 297542
167 560910 129892
168 84439 950317
169 180715 627348
170 569163 127768
171 33013 88786
172 213990 99422
173 524457 293471
174 396841 993639
175 554699 648431
176 656661 674745
177 321190 467140
178 959101 343807
179 656199 436465
180 810056 275303
181 655784 488079
182 178157 118239
183 512944 852607
184 455649 777541
185 527628 517070
186 972900 553244
187 119971 733686
188 865264 835708
189 310202 834508
190 354180 777218
191 126532 682863
192 736247 948455
193 844343 870181
194 119384 442671
195 616947 231831
196 494668 403174
197 99720 52093
198 154868 479768
199 968814 480304
200 234157 688748
201 983269 562332
202 639459 777480
203 521899 973797
204 938498 372735
205 622797 88919
206 224423 213528
207 819517 578225
208 780635 252610
209 388359 126064
210 963370 33175
211 883792 975345
212 543383 838879
213 533801 410567
214 913785 342490
215 211787 891466
216 897210 937467
217 211711 265261
218 552795 913004
219 863345 158022
220 167819 591733
221 481822 993319
222 479300 583771
223 348039 519323
224 859790 260840
225 518292 744301
226 565983 626323
227 268517 342691
228 791538 45802
229 350621 374197
230 224685 608894
231 110452 780475
232 204915 31063
233 607096 231103
234 734227 235746
235 230185 261312
236 392819 127518
237 607772 219069
238 467192 257468
239 706827 200691
240 47341 487999
241 59945 539588
242 117805 602892
243 781014 116734
244 732551 180647
245 658164 321691
246 178776 627599
247 927836 906507
248 198913 354303
249 385547 260231
250 116578 90570
251 812495 659098
252 213499 30293
253 684355 26394
254 508518 665625
255 561677 674803
256 313250 169974
257 716033 902994
258 430118 482852
259 852639 298408
260 832150 252793
261 845556 473996
262 119167 139615
263 448817 733720
264 914019 577479
265 534713 440797
266 748950 41202
267 639014 372537
268 174748 889970
269 823554 214811
270 172773 298161
271 264095 434142
272 348497 405371
273 476135 704779
274 508431 788220
275 457689 465193
276 440284 808068
277 725517 675780
278 341619 771292
279 20084 840962
280 855544 794384
281 202839 293707
282 492851 263515
283 410708 879107
284 821477 310661
285 426858 725339
286 974421 64418
287 840718 366956
288 812508 37487
289 748479 443386
290 797995 677524
291 713636 73057
292 721934 740328
293 237957 455242
294 548350 375499
295 961828 295640
296 68493 512893
297 787952 447433
298 323740 199676
299 593424 981540
300 592862 438647
301 956299 65044
302 990225 780165
303 751556 367227
304 86133 985188
305 437822 886377
306 222942 644584
307 879133 559903
308 725891 689946
309 505755 45418
310 939775 211032
311 285683 839937
312 717799 988211
313 769040 909376
314 74193 60553
315 615400 445281
316 951353 763290
317 5564 911618
318 454582 69051
319 193923 162030
320 14437 548011
321 949487 502932
322 435723 750796
323 9957 228556
324 795093 799740
325 678393 414363
326 125483 532871
327 366140 147581
328 487293 193008
329 59480 78606
330 325583 682504
331 173303 924103
332 970751 889811
333 936889 720009
334 208860 128337
335 549946 497334
336 894853 706014
337 367024 525411
338 85548 752812
339 473796 570217
340 500917 576031
341 849895 995586
342 734969 932895
343 271977 27250
344 792539 115752
345 974729 734572
346 860190 65586
347 612083 517102
348 653157 243473
349 135908 910311
350 665247 257144
351 754759 224875
352 298823 102362
353 564467 129896
354 797901 433245
355 875603 460043
356 400468 943728
357 103877 591010
358 822314 107717
359 312019 453648
360 236653 693415
361 584101 298549
362 463090 292801
363 742575 669977
364 407191 264662
365 960944 955652
366 954911 40551
367 694614 40874
368 175562 906167
369 891709 143958
370 110580 164260
371 715231 338891
372 879098 281313
373 150471 561641
374 602496 319281
375 774527 983180
376 836282 871246
377 949367 709594
378 302233 714208
379 530261 257948
380 926799 658300
381 238186 653942
382 322664 711342
383 744812 61577
384 64629 822563
385 440539 260672
386 505221 992737
387 679121 253473
388 857133 712855
389 349181 753495
390 990568 28367
391 139715 149243
392 337862 302644
393 717465 300968
394 717887 983272
395 296062 113984
396 841538 69146
397 703419 849908
398 659039 722493
399 659769 625625
400 424180 437616
401 212460 849000
402 328713 746160
403 843464 687039
404 533383 646723
405 992128 1264
406 996320 546989
407 961885 812815
408 816761 169040
409 950523 472755
410 52302 22318
411 401808 439003
412 398382 2923
413 48212 656220
414 664024 932961
415 410008 170093
416 179471 702457
417 761366 989303
418 32046 592726
419 187357 525047
420 485882 548425
421 350445 245131
422 930969 273744
423 712176 402534
424 670764 700495
425 801696 2819
426 58469 726808
427 215617 254087
428 258144 510002
429 87634 339410
430 714114 250738
431 499681 8336
432 160841 443703
433 650819 751189
434 616020 688141
435 100638 414227
436 498276 250027
437 671059 49483
438 963849 674999
439 223386 144295
440 744779 538209
441 568586 324614
442 218846 159269
443 670411 171134
444 541616 317663
445 338483 280856
446 976706 499216
447 424408 71655
448 50149 100418
449 574071 881485
450 309894 37177
451 179148 526468
452 955716 263486
453 434232 733855
454 507961 56347
455 583675 87009
456 968385 769970
457 926 433257
458 274031 465
459 583927 89185
460 393554 550401
461 177118 734534
462 378246 63461
463 235079 971807
464 294310 407573
465 615250 229994
466 167037 167038
467 560620 657769
468 569824 798615
469 323687 785589
470 885237 669946
471 587206 452430
472 924108 788082
473 103738 242172
474 120969 360947
475 836576 78341
476 806107 166498
477 266235 79900
478 870139 12109
479 965848 297947
480 693662 635617
481 410167 722372
482 171109 913728
483 499802 515954
484 845862 212843
485 329519 31859
486 879495 222980
487 252609 315212
488 744294 10620
489 468299 298346
490 193321 222969
491 5959 996363
492 713911 979633
493 819827 444664
494 995928 646891
495 157966 53869
496 952753 110843
497 456069 853378
498 790450 364226
499 199820 608896
500 43788 93117
501 773873 822623
502 167626 613606
503 72382 809743
504 452586 286601
505 260073 425475
506 16180 318956
507 139980 639792
508 682863 299323
509 266303 317731
510 123277 135576
511 316133 236965
512 169055 236402
513 257986 56872
514 55354 639003
515 242830 934550
516 558033 181697
517 38273 767845
518 206788 687002
519 856383 74118
520 296769 520503
521 178360 678197
522 523614 22390
523 737736 715787
524 941788 219667
525 595392 733578
526 308871 560817
527 366066 109238
528 535084 592175
529 784350 399780
530 406818 385379
531 953360 378467
