NAME : portgen-577-6580850
COMMENT : portgen N=577, seed=6580850
TYPE : TSP
DIMENSION : 577
EDGE_WEIGHT_TYPE : EUC_2D
NODE_COORD_SECTION
1 26676 833908
2 141570 720279
3 646425 237958
4 450502 264552
5 158118 547564
6 342150 222024
7 921356 609111
8 668721 782188
9 297423 739439
10 400616 763712
11 201018 26199
12 209857 323385
13 56899 680185
14 536838 385463
15 224386 383438
16 435415 831400
17 277946 765997
18 888634 897651
19 258153 216482
20 426394 564358
21 399337 621617
22 259587 961512
23 409423 891185
24 23697 651556
25 883179 53776
26 38649 595671
27 665952 154434
28 39972 195275
29 555962 375572
30 831644 748774
31 979805 234020
32 838158 593759
33 148226 720533
34 962437 959844
35 199688 777536
36 758491 645867
37 856259 346839
38 725063 605347
39 360247 55423
40 283412 861624
41 124222 161265
42 553818 475612
43 403633 201395
44 993242 684186
45 617770 168101
46 935213 298309
47 16793 648857
48 805867 753470
49 765357 912747
50 236449 804075
51 530938 968274
52 368143 21555
53 929553 877384
54 41852 190340
55 750800 838577
56 202032 871776
57 757801 663543
58 813561 681495
59 217226 189300
60 787892 394756
61 955175 49690
62 723394 395612
63 246598 790216
64 277724 834704
65 417286 847678
66 563495 169906
67 304622 444835
68 659592 252446
69 403463 890275
70 662050 722137
71 984168 803942
72 896294 223014
73 212925 885522
74 574914 621181
75 402259 15651
76 475746 930652
77 495460 388770
78 240580 361031
79 663652 923307
80 361962 677107
81 473920 151577
82 528289 28663
83 854408 398089
84 975481 534787
85 450617 928038
86 106581 596045
87 787040 772240
88 919010 24523
89 554230 334624
90 155032 885566
91 126563 354416
92 472742 740179
93 373758 411918
94 641616 275958
95 590426 261502
96 276964 868676
97 439658 734012
98 615556 388123
99 16902 124053
100 304004 188402
101 331292 240290
102 466148 516693
103 889087 121329
104 457910 755281
105 15012 828661
106 719415 387693
107 332881 100460
108 400142 605244
109 711919 794277
110 413107 466285
111 381187 851428
112 230782 262214
113 596746 866291
114 129896 270347
115 883153 797680
116 566612 798949
117 319612 326370
118 166151 738870
119 21534 372281
120 340036 768513
121 699999 847338
122 862851 124141
123 880315 425536
124 637893 177443
125 137265 749264
126 258226 746555
127 240900 506323
128 621789 532343
129 920677 139777
130 350542 150217
131 99795 85628
132 415244 246498
133 128662 872076
134 524841 208740
135 220144 974606
136 967350 534475
137 657012 663842
138 208058 634632
139 610528 724458
140 640425 64403
141 945613 990119
142 919804 732935
143 697885 480983
144 383704 73114
145 197708 294074
146 214028 812793
147 152137 365430
148 801163 165523
149 190326 199008
150 916082 245683
151 815007 913434
152 537017 72861
153 803650 268107
154 826750 507964
155 808438 140805
156 148638 847563
157 942069 56467
158 936189 287001
159 933491 49813
160 445334 963139
161 681749 325833
162 292658 974461
163 159598 53915
164 997458 584150
165 860191 939951
166 807881 102563
167 916020 499619
168 915765 98050
169 48049 863336
170 796746 410883
171 547492 333891
172 627779 234568
173 612324 888195
174 520135 177675
175 205832 747247
176 168065 606175
177 338817 976131
178 437801 712443
179 997414 37398
180 157096 705600
181 220057 963413
182 711217 397554
183 593313 814747
184 219783 707500
185 444142 47993
186 766865 755816
187 843981 698087
188 795073 75574
189 987015 316526
190 536660 447154
191 56501 960059
192 427054 154591
193 719893 844467
194 391346 518465
195 906305 101018
196 878267 340549
197 419194 748753
198 644018 791675
199 489909 929692
200 439494 536750
201 901179 203608
202 641014 758677
203 690745 208005
204 179120 184225
205 256238 593333
206 321097 478949
207 131093 56077
208 827333 879508
209 544219 962464
210 753536 801638
211 324837 290091
212 268005 907392
213 146814 563256
214 114801 85303
215 7341 587067
216 896453 802790
217 60288 943327
218 126056 577552
219 828965 370976
220 327258 840384
221 300248 428882
222 764928 104667
223 776181 588176
224 72543 511801
225 601938 80761
226 676874 404606
227 922350 852426
228 640296 98389
229 143320 697687
230 632620 113193
231 379040 808144
232 856967 415854
233 293085 892215
234 714020 26426
235 279896 239156
236 806965 32418
237 360525 672774
238 124763 920231
239 367740 415578
240 267095 48425
241 419936 417114
242 452682 894147
243 208027 88309
244 945822 644434
245 650242 233841
246 863532 802539
247 91079 88101
248 33419 267830
249 68356 92154
250 979903 855950
251 220436 656965
252 244705 553513
253 660825 259759
254 951923 28203
255 644399 551987
256 152566 498886
257 47445 398779
258 249661 576500
259 717064 768865
260 382434 25255
261 823858 621866
262 46522 423946
263 18720 149999
264 787712 807012
265 11948 865004
266 968307 339536
267 771179 715108
268 895858 921050
269 369668 53903
270 644486 631527
271 371245 176957
272 261999 624986
273 409983 241665
274 756016 667133
275 69380 883419
276 480117 261344
277 80205 114899
278 887642 880899
279 885785 529597
280 657654 739775
281 890091 898019
282 383717 12871
283 180742 975609
284 236886 422458
285 988795 7995
286 820483 49931
287 699484 499015
288 545137 562514
289 541660 931623
290 536304 137821
291 264214 258115
292 149357 272173
293 974912 70287
294 955819 758307
295 534366 920249
296 684163 947209
297 65107 636490
298 811043 321314
299 477472 762984
300 79849 847469
301 700005 824393
302 130828 931559
303 619205 222002
304 111986 808031
305 139986 817354
306 925079 127478
307 995230 737404
308 55611 942881
309 832911 747226
310 201828 859428
311 498136 473901
312 342609 141326
313 307990 996090
314 919102 767925
315 879810 323135
316 450527 733628
317 791636 718949
318 212742 136735
319 262884 411953
320 216561 32031
321 237376 208592
322 556479 674938
323 422113 210261
324 604600 923781
325 328499 814953
326 402211 709547
327 883174 756714
328 396941 966376
329 32756 411879
330 718817 482469
331 959118 700033
332 591470 107955
333 579978 716486
334 570999 320292
335 315291 845350
336 338280 909130
337 418727 386874
338 457216 788589
339 590727 585894
340 744385 341614
341 963333 507223
342 49108 397340
343 364016 750494
344 142158 683681
345 138971 496255
346 565736 942591
347 96661 371211
348 693750 328245
349 789865 169604
350 217721 633523
351 619534 18706
352 179396 986885
353 851619 894988
354 660439 485833
355 392697 646446
356 824217 349075
357 272907 222562
358 916733 16526
359 603371 220258
360 414204 251732
361 926621 401394
362 102570 681767
363 225815 319574
364 729734 431841
365 535254 562227
366 128150 104894
367 193196 97938
368 517396 614258
369 234315 826545
370 480607 347490
371 147123 921899
372 269476 887238
373 569634 164341
374 840020 414893
375 145395 374176
376 598510 358023
377 634349 655494
378 505372 514639
379 825509 81457
380 469488 237361
381 660672 833893
382 5226 45207
383 499323 902317
384 79598 385669
385 652928 752391
386 176506 188477
387 74863 40028
388 653221 568597
389 767045 447076
390 176395 711175
391 494064 648276
392 962352 297893
393 901555 294257
394 99667 147989
395 598614 615078
396 534659 848646
397 173617 728215
398 170983 958646
399 847036 229448
400 234016 1036
401 397295 392944
402 238498 434219
403 880111 950234
404 395671 336456
405 753939 211115
406 414971 677520
407 482843 854410
408 702702 812026
409 660275 277010
410 874223 540677
411 55281 850150
412 151653 651891
413 355095 783561
414 949978 640643
415 159916 702987
416 172925 430589
417 693137 965279
418 296204 816544
419 165433 107942
420 595190 89528
421 633982 822657
422 273765 57937
423 559797 684508
424 696993 521726
425 373120 387422
426 8667 206393
427 69531 531028
428 828110 966706
429 699806 273218
430 138015 63567
431 784800 287728
432 741265 664410
433 577133 592314
434 403755 424905
435 294612 18194
436 115033 138548
437 903890 486801
438 532009 848888
439 780618 620624
440 823780 388389
441 83755 676759
442 502628 96348
443 918187 885197
444 689324 28726
445 388146 703889
446 412789 740528
447 813329 576996
448 974494 495433
449 918767 786963
450 525928 710909
451 903889 76368
452 697946 984730
453 303666 331908
454 703764 973183
455 612841 942913
456 277381 671079
457 885072 434125
458 650778 44272
459 474398 164268
460 689915 81699
461 673546 616791
462 898977 583703
463 114304 38664
464 440602 919159
465 183134 200100
466 145123 807435
467 7782 880866
468 111007 412675
469 791687 68502
470 445569 873915
471 410798 525055
472 338811 306447
473 30342 795997
474 841551 229626
475 462692 935830
476 54831 999607
477 603828 325827
478 565785 96454
479 68585 817079
480 873722 890990
481 540220 635262
482 527613 738926
483 532115 752326
484 332268 578624
485 403782 854781
486 202720 244772
487 701576 754085
488 26868 673939
489 12962 573149
490 17917 17849
491 970079 623523
492 45437 292144
493 659879 509860
494 279821 268856
495 348751 358681
496 80407 213062
497 664719 590788
498 671194 166026
499 823478 584725
500 279579 356403
501 783034 268401
502 211708 444842
503 965751 431308
504 954170 311684
505 665947 55925
506 816633 799729
507 468327 515041
508 810583 327158
509 970543 936825
510 67732 366089
511 928847 747542
512 299045 47379
513 71746 934319
514 33063 256733
515 788334 595560
516 719769 701278
517 907202 961992
518 201216 170349
519 155195 530395
520 481561 332721
521 539317 342996
522 201124 982662
523 429833 332864
524 914017 617340
525 519042 736874
526 132962 566745
527 796390 684018
528 636634 81756
529 361199 249716
530 243626 795401
531 276112 423774
532 830123 333225
533 516608 473636
534 598604 485665
535 85208 477718
536 413140 353202
537 417783 330857
538 233126 362102
539 951151 615026
540 410744 989989
541 573120 783346
542 13107 992933
543 319447 295995
544 871154 573976
545 445384 727579
546 571744 669529
547 445187 3842
548 919580 186114
549 925213 870266
550 749535 67730
551 381712 298990
552 206595 529052
553 163754 349615
554 553638 803457
555 364571 340639
556 210601 787222
557 804332 516046
558 223656 606583
559 978586 826280
560 413644 330493
561 548423 728338
562 736129 17477
563 96005 114150
564 146607 888731
565 167103 883510
566 808464 147694
567 250455 70105
568 779388 785897
569 979014 497060
570 769277 712864
571 317408 44873
572 160331 114890
573 179155 843406
574 933399 427710
575 907837 805430
576 39506 36481
577 703163 866025
