NAME : portgen-576-2980742
COMMENT : portgen N=576, seed=2980742
TYPE : TSP
DIMENSION : 576
EDGE_WEIGHT_TYPE : EUC_2D
NODE_COORD_SECTION
1 352161 320105
2 666766 407633
3 720867 375803
4 486755 912599
5 241405 628359
6 196181 896674
7 913135 453488
8 111024 568731
9 930574 825090
10 416540 728512
11 624804 830539
12 794881 617683
13 182495 231661
14 752641 11178
15 785981 362128
16 662770 530131
17 592384 748872
18 696278 306191
19 211736 791832
20 385264 558888
21 780257 669656
22 491950 712736
23 398851 468091
24 523805 881719
25 795488 994888
26 828631 287467
27 326968 278086
28 972935 822029
29 727721 917894
30 711354 414675
31 164067 694923
32 527335 682517
33 848101 526524
34 404724 200399
35 54636 642933
36 44925 48854
37 29602 421651
38 899881 337337
39 503570 516795
40 644747 360465
41 503939 834747
42 299824 371305
43 198060 967847
44 2796 909866
45 900771 169754
46 901467 11336
47 737195 742330
48 513962 731402
49 640053 70298
50 812854 61514
51 964520 7010
52 236971 435022
53 490948 993883
54 987643 955663
55 80025 5088
56 819232 817854
57 17123 541599
58 513208 152730
59 957727 785004
60 168554 116698
61 886470 334425
62 387544 993122
63 678413 37915
64 811883 594580
65 930702 905997
66 349694 547907
67 436769 639659
68 541233 686084
69 817624 758224
70 858097 45329
71 10120 217792
72 741312 784072
73 283283 567041
74 623791 744073
75 63917 476047
76 919519 45473
77 139596 906856
78 711819 416612
79 570240 597311
80 893788 804864
81 176259 229418
82 97565 34695
83 994967 601440
84 76542 233050
85 258316 946166
86 528939 213653
87 721086 692507
88 197179 840997
89 194829 480688
90 281302 261800
91 467674 214571
92 700791 125838
93 729738 120275
94 450342 402074
95 644692 939792
96 609542 584573
97 499908 911931
98 516390 796466
99 496705 48804
100 586893 442286
101 372212 143103
102 462771 802116
103 8373 704948
104 344681 13757
105 177118 591544
106 966270 168166
107 952619 953996
108 195321 591685
109 729510 185634
110 518305 198501
111 104735 27737
112 646157 816029
113 573953 385836
114 750882 918970
115 684134 492231
116 496315 181071
117 303569 689757
118 295530 299507
119 261951 746795
120 930517 138053
121 390764 264707
122 883769 446190
123 835056 581804
124 938416 683878
125 337977 130553
126 45584 577734
127 364670 94661
128 945971 191140
129 839533 773013
130 506586 708865
131 442996 597886
132 83240 39064
133 200779 701562
134 284396 506428
135 118939 613516
136 653269 45632
137 847656 387751
138 152917 527000
139 663067 551495
140 870058 382813
141 546302 977869
142 412383 975268
143 49235 898429
144 97831 264505
145 488978 593967
146 15110 755522
147 627855 317000
148 484784 345132
149 417051 496018
150 293273 308056
151 918737 386920
152 813820 955164
153 584251 67714
154 165351 389401
155 45426 47541
156 93309 575028
157 284035 912618
158 693754 687473
159 970030 766239
160 554280 855647
161 284511 788378
162 213155 810883
163 694778 266349
164 231811 892492
165 803500 85202
166 361649 273665
167 506069 822516
168 289503 971274
169 693833 499764
170 281514 361761
171 928398 331591
172 710224 633330
173 309455 226732
174 542367 816972
175 622221 218435
176 113320 524558
177 692518 208071
178 946406 645072
179 880850 991303
180 665660 612976
181 373881 665586
182 107887 683664
183 119142 761717
184 864803 650704
185 603163 467021
186 145105 153058
187 144017 335845
188 742326 759952
189 95860 5083
190 864477 49705
191 385498 240508
192 226831 190523
193 711321 696063
194 165778 822404
195 703373 527785
196 106470 43129
197 896601 814492
198 216656 775340
199 187573 374379
200 891004 549503
201 130872 537283
202 952494 572516
203 832937 872812
204 297727 501994
205 496750 250342
206 479294 58446
207 287929 137875
208 506505 330751
209 768984 293394
210 467008 343802
211 574144 490424
212 759700 53659
213 336149 607821
214 200563 571501
215 502908 869514
216 462225 593865
217 508333 614134
218 570411 327051
219 952578 88956
220 684017 380569
221 927078 872383
222 355395 359571
223 953641 616046
224 283429 842941
225 478342 608834
226 574776 616071
227 871471 21489
228 87277 537007
229 28950 338360
230 2104 505885
231 920234 208771
232 817977 116180
233 323264 606910
234 703050 928358
235 184234 890459
236 47321 926042
237 815051 858174
238 769026 958073
239 618953 738210
240 966381 799142
241 578871 862203
242 569397 997022
243 949280 253453
244 775887 392152
245 290870 963500
246 624000 24219
247 904721 793557
248 333247 1036
249 57331 497221
250 590544 995568
251 997092 545219
252 876559 679200
253 29963 712572
254 46674 874448
255 72209 833824
256 761119 636797
257 47490 38604
258 881884 896014
259 304049 24419
260 782933 322227
261 549579 205829
262 337814 188665
263 893366 502102
264 49482 135851
265 828211 56453
266 911398 744504
267 666000 132557
268 38022 942073
269 814713 530793
270 115138 53265
271 949403 751467
272 609219 968642
273 413921 418170
274 686405 716055
275 900190 831145
276 951553 921480
277 669009 534090
278 84169 252587
279 879218 744002
280 641177 87890
281 897859 515880
282 759310 18944
283 884420 9651
284 27578 78847
285 624682 463713
286 209609 587993
287 124228 951787
288 370674 628098
289 536819 803723
290 104496 640778
291 622883 305480
292 494673 740321
293 158594 395517
294 985194 647056
295 248136 28370
296 914494 735865
297 906110 651424
298 843656 361410
299 627238 657431
300 597967 785822
301 881350 882681
302 611559 259412
303 208261 646073
304 426806 928688
305 375496 688651
306 267393 232162
307 495865 612806
308 173395 161994
309 609770 107885
310 175287 523010
311 382413 370146
312 480880 838859
313 582362 326927
314 976434 864816
315 743526 724601
316 201291 608131
317 428226 415845
318 373385 390720
319 809614 881867
320 566926 996600
321 785747 877309
322 471768 725126
323 645957 544348
324 254985 67250
325 69061 516729
326 384975 762422
327 913905 873366
328 584530 273219
329 454455 195714
330 886026 817540
331 836458 544939
332 361762 378896
333 902904 390084
334 760393 770739
335 966848 629046
336 907008 542519
337 38824 658558
338 138034 619990
339 456241 607513
340 254328 309143
341 872472 780720
342 978790 925986
343 888142 656352
344 246368 49330
345 512941 983301
346 630327 38875
347 915018 937879
348 89591 243227
349 838484 813210
350 587091 25967
351 88106 647471
352 812921 759918
353 644256 604255
354 783631 987919
355 985223 928178
356 26851 405124
357 682773 902724
358 187213 797582
359 629921 423883
360 289305 659676
361 551599 947183
362 183647 940881
363 540940 259537
364 729597 278906
365 14301 533779
366 836359 468322
367 622290 326150
368 282291 467347
369 97946 76065
370 738772 90560
371 26430 822484
372 760025 853264
373 431702 683143
374 855228 974136
375 396939 830053
376 513630 559578
377 798908 53312
378 189607 619784
379 25181 486771
380 477626 176909
381 506308 707566
382 249146 894663
383 901747 204366
384 645098 829508
385 471022 504070
386 942354 655784
387 26944 459251
388 146046 992020
389 148274 130334
390 751273 921156
391 234355 242826
392 801279 837392
393 27470 128793
394 219176 727626
395 424402 77925
396 822249 268438
397 605043 234702
398 148206 370646
399 795540 300774
400 707218 439681
401 534868 724893
402 222862 475782
403 595698 270803
404 758299 961516
405 25842 60814
406 400608 297554
407 62369 399700
408 354660 237870
409 102523 14443
410 746457 531101
411 408825 344324
412 122289 31340
413 969201 217460
414 432921 551161
415 863553 875242
416 233721 186758
417 104492 690459
418 520548 936801
419 180456 401579
420 482732 789600
421 26270 204732
422 981169 893301
423 669099 477924
424 146148 573702
425 265500 930745
426 937725 244379
427 437220 831976
428 205960 348109
429 620401 532403
430 955234 658896
431 90346 356719
432 478784 236242
433 34544 195875
434 316384 169067
435 730601 876735
436 91721 528820
437 748943 815711
438 593375 164446
439 907103 290313
440 825379 621091
441 597059 900517
442 595926 204656
443 784895 877001
444 707974 868250
445 655914 324672
446 620416 11389
447 670978 605996
448 697879 497449
449 455788 165457
450 299925 504652
451 570820 855835
452 748322 644409
453 333685 37207
454 648452 232564
455 47081 328959
456 640135 752150
457 876488 630562
458 38480 78957
459 685741 872787
460 538362 537095
461 740087 150927
462 869141 225948
463 305915 235885
464 780498 104534
465 482026 556168
466 515994 674539
467 243232 496420
468 980956 844908
469 24029 965363
470 166175 705937
471 191259 835186
472 329887 118819
473 584585 469488
474 142247 445029
475 300081 461993
476 716951 351254
477 683431 743757
478 988658 896281
479 612603 251901
480 663452 488777
481 13178 683088
482 66389 341143
483 137699 804948
484 422263 757668
485 45977 568991
486 936710 240712
487 572706 76369
488 820143 388832
489 467495 125384
490 237289 409633
491 623281 528596
492 441081 993249
493 542989 832905
494 608150 902088
495 358721 176007
496 422644 266360
497 919385 597183
498 769227 950547
499 262480 253518
500 298675 195752
501 1993 16863
502 207740 890447
503 838711 188354
504 910173 690182
505 200768 155753
506 288131 710515
507 893180 487444
508 66132 746818
509 763702 469205
510 571916 187152
511 542467 168745
512 458992 850225
513 566998 919847
514 32971 682258
515 237657 631789
516 478658 777313
517 924615 81536
518 121502 912766
519 635416 953636
520 927116 796171
521 69202 138944
522 330171 171569
523 633540 253899
524 807367 69160
525 30184 849380
526 917575 580222
527 15860 666886
528 717093 224680
529 92247 126204
530 768945 925945
531 552938 956537
532 763065 404596
533 86550 149186
534 380343 721611
535 853904 812232
536 939450 694542
537 439020 722536
538 269576 962245
539 152884 792106
540 133131 342318
541 827599 906767
542 913313 311711
543 78850 522121
544 14247 520019
545 994985 972315
546 532422 913805
547 99731 114884
548 856720 374660
549 699923 607635
550 901993 671295
551 101014 15261
552 936029 687866
553 21780 10808
554 666909 704149
555 588036 194972
556 210432 572228
557 131218 796629
558 393522 639133
559 856805 648181
560 547876 711890
561 449262 772708
562 819617 182609
563 711218 924189
564 758512 751153
565 700756 258767
566 295335 448735
567 204069 938158
568 131885 255371
569 775548 116683
570 918189 439716
571 665316 366066
572 972142 283095
573 523052 759714
574 94187 917122
575 403666 932530
576 616148 948769
