NAME : portgen-595-9512816
COMMENT : portgen N=595, seed=9512816
TYPE : TSP
DIMENSION : 595
EDGE_WEIGHT_TYPE : EUC_2D
NODE_COORD_SECTION
1 875164 79390
2 102582 797137
3 130633 516824
4 130516 560940
5 296207 998758
6 198282 560476
7 435536 16189
8 410578 519028
9 329222 212968
10 229322 497978
11 643414 716166
12 221427 314324
13 755349 356663
14 213799 954131
15 277712 902773
16 957788 440176
17 696164 67990
18 605194 899326
19 287851 569381
20 929696 128952
21 59853 239253
22 409892 182677
23 53533 575227
24 225381 220411
25 624746 420660
26 597423 659901
27 213121 924024
28 339836 434987
29 383226 34592
30 191942 231306
31 228973 561135
32 631244 167255
33 938904 959028
34 150583 252858
35 962655 835350
36 293647 108811
37 588221 808661
38 900554 983513
39 503045 297403
40 974488 320362
41 973437 179207
42 762189 46405
43 673800 396653
44 808932 528908
45 129085 646166
46 748742 34993
47 606725 94346
48 835304 951041
49 651032 601230
50 282123 70020
51 72182 927978
52 245922 304384
53 447222 418216
54 897711 166715
55 250223 943182
56 626054 854317
57 905507 545776
58 482564 193980
59 954409 536897
60 331950 987863
61 307996 549352
62 970735 892635
63 763167 365669
64 862888 283836
65 361438 482337
66 85801 336329
67 47179 31305
68 694307 119120
69 273700 216412
70 563841 479820
71 442244 272035
72 196957 141222
73 338169 199389
74 64257 714090
75 331179 469635
76 88152 367195
77 239791 799785
78 984218 735853
79 880798 214617
80 610077 328102
81 144516 681298
82 602874 770403
83 500938 354019
84 657359 764284
85 207606 283174
86 129722 240318
87 205717 862315
88 899710 940800
89 309561 170950
90 908416 27313
91 484870 648271
92 673759 33336
93 337821 404502
94 733454 276775
95 530367 340287
96 461760 509415
97 8806 280666
98 350098 201925
99 66317 334642
100 241511 397368
101 889828 893307
102 805673 303866
103 984764 439881
104 693436 206455
105 461963 579716
106 2399 604022
107 684249 269790
108 866341 635101
109 672492 322207
110 420305 299013
111 287702 322717
112 522773 810237
113 393346 236414
114 434645 901851
115 877551 459829
116 247364 103105
117 708986 328700
118 24914 880848
119 964022 403969
120 166994 702720
121 732009 411247
122 856470 231354
123 52585 139043
124 986642 198568
125 887320 113683
126 767280 164465
127 457090 781682
128 150004 786722
129 184321 476973
130 278951 103916
131 475859 289467
132 39460 759243
133 847706 591151
134 747552 452895
135 217204 727297
136 648459 473924
137 434886 306621
138 531733 123236
139 865626 741090
140 660233 606623
141 52093 957671
142 622899 773635
143 983969 957897
144 63644 949742
145 480994 433762
146 133295 511126
147 186764 439696
148 54260 258085
149 976360 549848
150 699621 929348
151 273417 245551
152 538335 280697
153 61590 809608
154 541566 683455
155 797712 192107
156 723077 234578
157 995978 845189
158 970620 964732
159 102702 599764
160 704982 589620
161 614791 197703
162 753274 287856
163 453880 402907
164 935588 154189
165 245031 722124
166 581670 182170
167 943377 468125
168 883545 817515
169 961692 777710
170 803015 19237
171 855194 463880
172 244760 891373
173 818970 935592
174 757852 898907
175 985816 651353
176 322496 822170
177 304816 977496
178 347678 91247
179 302173 70209
180 397151 244075
181 847915 763855
182 880440 778475
183 336912 259197
184 989818 104605
185 26218 35028
186 206880 203795
187 613948 53629
188 267124 792621
189 892887 775778
190 940177 362632
191 100733 865379
192 757038 956
193 874209 817814
194 301729 164902
195 131213 624348
196 827696 857087
197 751491 767987
198 812357 651399
199 849932 191130
200 624249 26349
201 42705 982074
202 958729 623183
203 550619 457116
204 65131 303859
205 103286 529863
206 789517 137271
207 938996 772802
208 416378 990827
209 12364 112453
210 966118 685513
211 409265 798687
212 480355 999869
213 992322 224806
214 245065 990764
215 503009 810007
216 727489 589027
217 672491 410314
218 573115 963462
219 926383 984235
220 584578 883382
221 805450 189276
222 198784 445699
223 215083 29009
224 376731 751621
225 775664 587550
226 406334 859167
227 688121 814242
228 298859 453677
229 309582 548415
230 50067 587157
231 530733 80895
232 719281 219904
233 724413 600240
234 938487 493296
235 557719 387368
236 614095 260742
237 336789 378567
238 279179 550097
239 110566 666113
240 701009 538645
241 915223 696649
242 940696 915851
243 279273 646593
244 869746 452587
245 685900 972874
246 24974 433086
247 426516 197210
248 269286 544707
249 852487 820216
250 166520 664985
251 918443 710618
252 50612 237018
253 672326 709684
254 918471 772269
255 534968 652266
256 583931 856995
257 862514 77192
258 562182 97646
259 654379 522070
260 950617 179705
261 747753 118270
262 326776 892733
263 468924 903477
264 210129 99770
265 706240 569494
266 631626 338296
267 131144 48743
268 954713 58228
269 834134 863503
270 353669 181627
271 992213 347675
272 501969 506195
273 225121 906704
274 106310 533782
275 728285 365808
276 334578 752716
277 113976 597025
278 33359 580146
279 579473 1869
280 282304 614097
281 875550 54967
282 418600 353341
283 660052 236255
284 355025 356319
285 852071 655478
286 991336 120597
287 793785 584808
288 845127 995036
289 4294 729750
290 859373 888778
291 324004 208260
292 817465 92142
293 693944 576659
294 919696 777803
295 388690 718458
296 703203 477815
297 11432 698190
298 190291 871616
299 553890 917160
300 661068 230084
301 902409 376559
302 674408 839507
303 41804 126317
304 935251 21833
305 903081 456700
306 660450 801669
307 613178 563846
308 910894 397734
309 43534 720409
310 163050 788435
311 682365 437864
312 695250 621986
313 753068 614776
314 446188 954278
315 543004 718809
316 59785 982461
317 826669 402673
318 228327 522334
319 595082 253618
320 181248 296209
321 533124 199287
322 614753 600255
323 36092 265338
324 782564 389445
325 945121 575514
326 425428 599612
327 374156 942258
328 170298 919948
329 549890 271735
330 611179 519469
331 531234 681632
332 840584 606871
333 923576 461163
334 186916 12922
335 527754 645555
336 615169 654089
337 775287 587535
338 363006 82753
339 63708 752992
340 451687 833120
341 64886 174452
342 343098 23534
343 187575 378153
344 141876 219797
345 479097 767164
346 335418 582160
347 725864 535692
348 681039 879035
349 423999 27218
350 237248 953339
351 201629 29572
352 937757 112001
353 510628 250975
354 256513 350621
355 754683 792145
356 778072 330092
357 792638 844015
358 184051 949074
359 955767 304892
360 925832 44540
361 37163 159697
362 775673 574415
363 443926 585597
364 716331 663285
365 76906 112031
366 826239 713087
367 998309 659542
368 55047 734793
369 381814 499083
370 839483 238500
371 422386 836984
372 293965 434556
373 730000 175720
374 806486 151449
375 91766 95442
376 162704 760713
377 950311 125217
378 127099 488542
379 31263 278215
380 56953 775835
381 869161 757430
382 511138 516182
383 369758 941087
384 36127 358082
385 114014 8330
386 142588 804317
387 213125 830389
388 881836 276450
389 209386 650456
390 447315 955383
391 554333 438116
392 606331 301071
393 242870 68809
394 201948 482126
395 289783 113960
396 698666 23732
397 385068 831152
398 95912 618068
399 623858 463575
400 552719 453550
401 966334 156029
402 704134 136382
403 541108 724587
404 154381 649240
405 882347 58290
406 286594 549136
407 988431 942993
408 77169 845428
409 372361 679986
410 420269 751690
411 317229 572551
412 805362 660464
413 41995 986558
414 100183 76742
415 289280 157249
416 122068 560145
417 768108 389025
418 668789 5197
419 449684 663338
420 223901 397441
421 696447 521961
422 61856 538093
423 796730 126114
424 218369 724604
425 789156 109354
426 517885 547115
427 174295 395470
428 331481 406189
429 387921 315108
430 467593 535911
431 274903 491043
432 425338 484906
433 361842 764632
434 487279 450337
435 146262 951054
436 627059 647757
437 890830 310915
438 233804 770113
439 398256 409892
440 328982 635806
441 598637 785074
442 609149 753369
443 882345 631024
444 134806 283202
445 27183 904156
446 517917 999346
447 517075 272847
448 770381 48690
449 631131 750940
450 304289 26617
451 727858 808476
452 395622 153349
453 510716 732811
454 937966 420925
455 513124 700456
456 271383 104719
457 287925 563436
458 17994 275556
459 973968 152491
460 714524 313152
461 133500 736339
462 146048 119645
463 223196 818583
464 252135 737480
465 800198 500993
466 832147 977330
467 896768 628525
468 364423 493918
469 497149 45712
470 735374 606789
471 657056 982314
472 568677 714030
473 770656 781578
474 853298 397429
475 49650 951798
476 796555 893651
477 950741 803296
478 194469 750528
479 911708 767096
480 788926 16798
481 235661 892253
482 685551 906334
483 43400 289068
484 536041 573894
485 792780 236416
486 422257 576539
487 102840 762726
488 516597 239848
489 785597 342752
490 925176 472668
491 906874 485038
492 948554 783400
493 265331 939893
494 291778 990433
495 585124 75355
496 957876 923254
497 252932 498957
498 184532 80516
499 879473 805950
500 197433 530808
501 995980 510545
502 472253 576982
503 44923 311516
504 945097 167341
505 537964 254576
506 458749 921274
507 181971 713571
508 58922 312407
509 639321 186593
510 721802 962883
511 409594 730091
512 376461 261972
513 240435 911711
514 104286 525858
515 717802 205081
516 294750 618255
517 804787 670600
518 13918 985600
519 303066 234982
520 724477 952923
521 300572 105185
522 268631 622240
523 665760 227785
524 546792 990960
525 258522 272820
526 976230 353615
527 88147 992352
528 236057 377725
529 705757 801653
530 563063 59323
531 8449 710114
532 442864 585041
533 954003 353563
534 652643 559731
535 47810 831137
536 765614 648360
537 928071 448982
538 986653 55979
539 641943 384109
540 25914 862710
541 205953 302632
542 962794 658479
543 196631 584636
544 175390 219746
545 716596 660354
546 332957 743335
547 187171 893339
548 187308 652211
549 177113 819649
550 635587 609780
551 585842 162683
552 965045 395811
553 66866 673597
554 390820 429668
555 795720 651420
556 202334 486011
557 85056 902708
558 726366 265113
559 522942 549524
560 397732 301791
561 176450 832994
562 924143 438030
563 245295 602931
564 683315 532259
565 382116 313055
566 665158 212274
567 588388 374494
568 660375 719942
569 217576 60085
570 932112 931518
571 61693 625866
572 822014 414804
573 483904 499963
574 819192 749141
575 648044 584377
576 968896 644854
577 437532 322532
578 944621 373567
579 574295 590551
580 735436 346923
581 456021 330735
582 497555 864202
583 589727 576468
584 663996 670252
585 418804 226403
586 445920 773801
587 901480 813354
588 332895 531595
589 395461 601610
590 493408 871727
591 28635 92763
592 796823 35192
593 857033 334422
594 714718 724185
595 784766 83906
