NAME : portgen-466-6560528
COMMENT : portgen N=466, seed=6560528
TYPE : TSP
DIMENSION : 466
EDGE_WEIGHT_TYPE : EUC_2D
NODE_COORD_SECTION
1 373383 704812
2 194883 832211
3 937347 65471
4 238553 389616
5 919020 229899
6 441958 16329
7 15977 857660
8 850998 382390
9 648557 962056
10 42836 706605
11 541165 953112
12 520225 142697
13 287491 843103
14 628433 686076
15 599295 409362
16 439333 395483
17 745447 942500
18 404053 572592
19 235877 402909
20 903987 517004
21 72167 255889
22 321981 365855
23 647556 172378
24 288288 238912
25 326651 353399
26 669290 303759
27 125260 491901
28 729238 977899
29 959365 252382
30 428157 364755
31 829594 835644
32 485629 402016
33 157731 186069
34 694347 650121
35 210104 678619
36 94102 409644
37 635405 689437
38 37315 237405
39 827852 28323
40 413458 309592
41 883738 376050
42 257918 234540
43 579767 603689
44 909854 343430
45 784768 217984
46 878244 585755
47 192805 225368
48 422901 662523
49 620484 632544
50 328540 410150
51 344526 259964
52 825454 17059
53 469661 293239
54 45841 890719
55 912134 125549
56 68045 615934
57 467614 210173
58 486510 243839
59 642838 260260
60 979115 495208
61 565584 61802
62 321581 799953
63 334093 834138
64 584190 618345
65 219775 744076
66 191564 937132
67 116188 287909
68 241546 267803
69 908436 47745
70 748029 335928
71 960851 649593
72 364315 289559
73 652399 816441
74 264174 392851
75 891275 588763
76 78333 2138
77 412769 584464
78 218586 407394
79 143775 537544
80 775512 201857
81 384803 998096
82 142689 576206
83 164698 418451
84 251619 178054
85 557773 670068
86 979664 249987
87 368985 390352
88 416875 563446
89 649033 737116
90 581367 926698
91 690362 46645
92 842833 17918
93 359273 193468
94 794442 539982
95 123211 823094
96 16184 730381
97 489971 77961
98 356264 710863
99 280607 973963
100 872684 88953
101 167408 527057
102 811484 964576
103 898400 31687
104 159305 394851
105 225190 25117
106 612951 603792
107 414332 952417
108 185672 654421
109 508124 64728
110 219941 453834
111 137844 277655
112 305370 468820
113 502660 452606
114 438503 404409
115 491951 385188
116 404140 254182
117 511926 556250
118 313746 86569
119 632313 890415
120 832245 704851
121 685344 729713
122 320040 669377
123 685250 738528
124 425011 21151
125 575300 903657
126 272360 876198
127 482011 487495
128 684812 913225
129 15131 255233
130 650829 811830
131 399373 268889
132 562605 520338
133 339773 883238
134 283751 744954
135 267167 447143
136 229409 486972
137 489428 316284
138 181473 261645
139 795644 817874
140 784007 589435
141 437474 183269
142 753580 680120
143 985814 135250
144 691576 991587
145 216476 430508
146 802817 887358
147 623248 385101
148 475442 198371
149 240284 3756
150 487904 423604
151 942884 607136
152 237144 985864
153 466182 89091
154 122618 801891
155 501680 549562
156 221648 23544
157 38756 220320
158 9013 512015
159 645641 177503
160 44896 141402
161 642953 279995
162 257050 843562
163 504259 622273
164 249828 503563
165 850101 92381
166 139027 993753
167 316194 234444
168 367786 413930
169 144512 533259
170 671107 473799
171 489609 514072
172 946690 75074
173 787554 522822
174 630307 779686
175 880842 853169
176 948542 736720
177 153654 395523
178 284577 949131
179 290942 2699
180 618078 52251
181 944579 589358
182 130783 27880
183 59953 707575
184 76853 963682
185 432765 486191
186 881707 865955
187 296661 191727
188 192859 906232
189 126341 861527
190 558985 555127
191 331330 247128
192 885485 797849
193 147801 549669
194 862969 288313
195 174491 660210
196 337076 180830
197 100493 184916
198 592092 623653
199 217411 754962
200 882215 881322
201 396481 768780
202 220700 325714
203 521838 701414
204 851235 355804
205 247721 734907
206 86162 2629
207 828207 957867
208 715175 763749
209 488865 945867
210 435788 436299
211 490164 321890
212 81466 551443
213 89710 112926
214 645254 970946
215 669889 491445
216 54997 770536
217 613806 824077
218 468965 328700
219 418920 927618
220 82674 384052
221 60803 917101
222 852524 738192
223 170046 15185
224 99363 549049
225 95206 479165
226 978398 246464
227 85073 390770
228 826324 625944
229 154974 396623
230 856749 193138
231 282493 923617
232 273129 863668
233 674104 169061
234 150105 90015
235 787821 699989
236 664386 939815
237 850661 956622
238 457900 243699
239 236817 690696
240 725119 463765
241 957952 248631
242 114196 476750
243 208952 131380
244 497407 750137
245 149973 299903
246 178595 328905
247 139796 382685
248 719666 120988
249 66439 895901
250 280291 926346
251 778368 408666
252 823930 631440
253 521213 729766
254 132267 608322
255 181818 694944
256 128537 404837
257 246649 556846
258 14542 953587
259 783820 890444
260 144002 553115
261 102621 254203
262 809724 861475
263 921621 255719
264 115885 219221
265 435409 728133
266 111432 628494
267 508878 30175
268 335228 553114
269 1981 557350
270 462208 255364
271 347559 606962
272 606134 596857
273 197281 924391
274 519181 278320
275 461064 463946
276 5103 847218
277 460492 552157
278 814914 149874
279 899788 793754
280 296212 968098
281 727785 574917
282 146114 926453
283 347384 521574
284 798702 649792
285 359564 90150
286 434406 505499
287 429380 680055
288 548012 255403
289 793710 257566
290 46561 771746
291 355931 322130
292 923009 467310
293 348 536514
294 482379 582424
295 682791 813653
296 754411 352189
297 197786 372057
298 820957 842059
299 177581 926078
300 48845 941878
301 130680 261614
302 231759 689317
303 108015 682972
304 924209 993182
305 551808 278399
306 667494 317363
307 110963 482558
308 213686 375595
309 377130 774057
310 105496 505324
311 343993 872624
312 600946 417685
313 959469 172792
314 273740 740063
315 572040 865040
316 331194 800528
317 705757 768162
318 104252 38567
319 211167 440450
320 253623 624753
321 159383 708322
322 476928 177466
323 469660 881787
324 751242 780100
325 412587 648164
326 568319 437518
327 354038 183805
328 610684 330152
329 555856 463597
330 585065 69448
331 471805 483759
332 739559 927055
333 119015 959171
334 840435 933497
335 12898 331899
336 624352 597030
337 361469 457331
338 937005 906474
339 518585 417141
340 807001 629317
341 616936 810143
342 154997 502591
343 393234 847435
344 60969 778702
345 649147 145080
346 198132 277669
347 427551 921723
348 401 562353
349 346853 19596
350 240461 563185
351 363201 334101
352 973098 783270
353 31228 758176
354 282520 851446
355 790570 763248
356 269183 777153
357 814450 439985
358 871316 194135
359 56207 817835
360 926654 556661
361 612318 820838
362 693035 449712
363 968697 290251
364 623931 578198
365 426102 178828
366 623953 667138
367 626571 43753
368 360134 839782
369 995692 715012
370 631275 199099
371 791227 243133
372 852048 92485
373 532761 377293
374 584634 977838
375 953026 710149
376 938421 768654
377 593494 61632
378 939232 696063
379 707530 929345
380 423136 191446
381 762483 567507
382 220171 591471
383 972020 26049
384 925105 721964
385 907223 494022
386 609501 78368
387 864809 216504
388 618240 843664
389 227343 631403
390 510480 272634
391 582720 694586
392 155062 234655
393 416345 56445
394 446967 35099
395 71732 334084
396 914676 273728
397 807789 137252
398 589597 712859
399 378324 635543
400 474245 689097
401 149949 953231
402 467358 680391
403 127428 243835
404 613591 358838
405 645287 882786
406 249095 672430
407 857613 89051
408 276770 488755
409 759718 82918
410 1873 259161
411 647724 289562
412 247719 218126
413 344072 656270
414 611009 184417
415 89075 374404
416 230072 868505
417 986115 627693
418 23538 910290
419 836973 66011
420 957884 927590
421 296726 364048
422 33225 812570
423 686360 625114
424 26008 589662
425 793179 933327
426 101849 193907
427 546468 99840
428 459024 281444
429 967115 839665
430 656853 217138
431 406861 547580
432 400953 717697
433 586059 885047
434 639204 45042
435 402690 651656
436 462746 170055
437 289739 68545
438 157311 453816
439 743093 147878
440 759101 62628
441 689154 771344
442 527563 871936
443 967543 682492
444 467551 268418
445 41633 138491
446 271085 791930
447 663320 306228
448 464843 126671
449 74309 964679
450 655258 232544
451 882020 878129
452 830561 730551
453 244172 330504
454 666343 674531
455 132297 776532
456 813893 698696
457 798031 518362
458 946053 614930
459 884259 94725
460 252853 459388
461 810738 674524
462 389783 170146
463 769636 584616
464 339494 559187
465 824372 826807
466 787472 68562
