NAME : portgen-410-5205651
COMMENT : portgen N=410, seed=5205651
TYPE : TSP
DIMENSION : 410
EDGE_WEIGHT_TYPE : EUC_2D
NODE_COORD_SECTION
1 327191 749594
2 115449 343271
3 553617 305741
4 729508 789674
5 764363 202778
6 880821 355764
7 400707 626551
8 789784 495220
9 237024 945936
10 256839 513024
11 855969 859700
12 145295 860866
13 835611 595790
14 152672 89227
15 481025 319397
16 41627 956958
17 329854 756293
18 476778 556353
19 603718 463533
20 381226 354251
21 232045 59390
22 166451 943493
23 664935 337037
24 905606 501879
25 922634 868413
26 775841 334585
27 485332 796817
28 953848 370233
29 419739 359155
30 866492 997264
31 702022 265974
32 408448 410112
33 970732 821430
34 189313 457214
35 961616 452746
36 589614 735144
37 23301 388425
38 737183 521384
39 374368 348478
40 907017 465378
41 176050 793516
42 222735 483761
43 617374 775653
44 548509 919741
45 785561 655348
46 367039 146504
47 501917 928479
48 764636 496900
49 36088 778025
50 206310 143550
51 962668 557128
52 594861 457256
53 692362 982324
54 111849 1571
55 179442 178195
56 821723 499998
57 573594 211144
58 630224 555518
59 764056 479969
60 645476 473831
61 785341 411287
62 250903 818065
63 490077 32486
64 140283 566045
65 696062 754858
66 409534 372797
67 169035 728822
68 643654 676052
69 219922 11590
70 853536 61856
71 11596 68540
72 274265 311729
73 870006 955752
74 895600 683852
75 438401 732150
76 356617 470043
77 81963 451452
78 734016 589871
79 388092 866038
80 813601 16310
81 762402 100258
82 148034 117585
83 166598 753183
84 225733 261865
85 341138 674471
86 659917 80204
87 41567 913325
88 117214 315298
89 329324 799451
90 84048 900206
91 644394 274244
92 752443 679752
93 992455 309275
94 224763 51450
95 562224 890470
96 450319 958056
97 670452 179065
98 401939 931391
99 26972 360939
100 194514 554707
101 626428 96148
102 599803 538194
103 87756 82373
104 717599 402210
105 458996 424740
106 365107 336641
107 303814 923130
108 565990 804345
109 429805 968968
110 715645 235207
111 726211 864793
112 67350 786430
113 48042 563768
114 480400 503373
115 825569 34840
116 597698 927113
117 340455 659308
118 535098 307752
119 970429 829313
120 113761 188109
121 879469 255794
122 335804 327017
123 164259 585525
124 890706 884022
125 131022 838170
126 450990 523599
127 535370 159674
128 957008 699315
129 755693 940495
130 3095 780004
131 111944 888286
132 288449 270886
133 545271 109313
134 836 976797
135 758871 980464
136 913639 545783
137 837946 877474
138 784216 202612
139 329422 907676
140 829421 348727
141 808075 539905
142 500277 45565
143 922896 709412
144 638663 69568
145 114037 425785
146 306915 993631
147 70441 133296
148 274470 333686
149 417847 458330
150 542800 961647
151 256103 983030
152 54601 782294
153 30095 911085
154 23321 489805
155 236777 247596
156 60651 686125
157 826458 577310
158 473088 118312
159 817844 155152
160 996416 211584
161 691465 542506
162 433997 797224
163 724361 930609
164 491182 55651
165 847379 873131
166 179290 839617
167 670898 581824
168 288075 121950
169 713447 922967
170 572476 804583
171 891567 483510
172 73152 902452
173 734320 764409
174 559634 273217
175 408934 343861
176 842504 362195
177 610950 669669
178 782356 416485
179 312131 472776
180 494219 908145
181 197637 100354
182 917328 432193
183 356029 577140
184 612972 924005
185 842990 708679
186 558678 544627
187 746218 652555
188 369080 329269
189 931555 764328
190 14867 307876
191 618477 18405
192 561432 939233
193 675493 78935
194 922289 238704
195 225795 710935
196 508977 789441
197 79976 863797
198 245905 346939
199 737292 420597
200 533372 405050
201 832853 795306
202 258350 101058
203 725383 824098
204 800763 671717
205 994175 703421
206 494196 73426
207 246980 783284
208 399168 408195
209 20378 53530
210 186288 9089
211 839847 192375
212 390633 437939
213 875825 763371
214 286277 645159
215 927171 544982
216 528506 259838
217 770152 311445
218 813679 545051
219 771424 778148
220 540065 267297
221 58557 868758
222 52416 216705
223 871087 316601
224 398808 642037
225 987972 482533
226 60662 92133
227 493425 988390
228 876543 573014
229 25153 946904
230 287378 180332
231 52673 22614
232 131651 726877
233 644864 625437
234 21010 30275
235 912196 82566
236 9387 378341
237 65558 703754
238 948427 747714
239 698950 402243
240 561396 302810
241 738218 339373
242 357780 746839
243 492308 505892
244 128186 43275
245 666581 188241
246 524041 741149
247 865951 457498
248 257910 680216
249 803200 348661
250 268278 123372
251 617651 996565
252 80640 685161
253 744315 721289
254 734352 746585
255 496081 370651
256 444828 981878
257 280322 99137
258 656290 311523
259 156662 674153
260 468966 964647
261 822237 672348
262 761996 788824
263 464915 12822
264 297700 380396
265 959439 227138
266 13362 952365
267 906161 190745
268 857982 756340
269 59050 258643
270 90548 180785
271 349230 454033
272 574308 701934
273 366004 851692
274 979153 77127
275 992582 245088
276 382516 422804
277 389222 41140
278 110009 665285
279 90403 889895
280 827179 987975
281 662238 475708
282 656036 315296
283 21421 990795
284 407569 578388
285 733132 804598
286 332370 79535
287 681570 223878
288 582131 399432
289 283126 720856
290 678815 799629
291 922419 407804
292 553216 971464
293 564900 537654
294 296328 590865
295 169324 867187
296 348770 480662
297 525511 285950
298 848414 269694
299 772462 350429
300 119802 966571
301 568566 258296
302 398311 192952
303 322669 974711
304 869587 417758
305 476239 572355
306 368957 499538
307 720571 959992
308 639204 181575
309 950197 370086
310 466882 751726
311 218332 57139
312 458585 766560
313 236032 74074
314 681223 488617
315 901209 607420
316 529845 865368
317 244616 106459
318 430672 422880
319 687233 593224
320 332259 383324
321 587456 926242
322 123983 417597
323 648854 291630
324 22077 758950
325 49918 774340
326 588471 283844
327 449220 512382
328 436726 703197
329 13679 291852
330 762280 899788
331 287478 276363
332 85498 92914
333 984898 442715
334 375555 302973
335 311138 347574
336 159497 191247
337 320168 692541
338 163254 934488
339 607919 946202
340 329834 532834
341 60394 389371
342 726337 1421
343 319941 253481
344 779869 151701
345 121560 987957
346 47325 384259
347 282085 984684
348 223827 396209
349 606074 431441
350 254343 714365
351 683710 75874
352 429115 517083
353 713945 199100
354 557506 447798
355 192440 183245
356 923328 861977
357 170291 774323
358 852462 903218
359 994278 100814
360 869087 588689
361 836640 944114
362 48630 596772
363 663864 83623
364 762131 803084
365 978596 964154
366 376981 160121
367 753762 146588
368 609505 198417
369 219079 952014
370 148958 416723
371 259203 679054
372 282614 532871
373 151316 103211
374 335629 685312
375 320820 140204
376 634077 802989
377 452845 290188
378 337384 523588
379 322112 282526
380 907578 515528
381 980020 605492
382 298839 775717
383 924042 244273
384 579363 637419
385 623006 749251
386 567589 308965
387 779994 728883
388 954611 33651
389 491268 758441
390 259388 140275
391 761510 479604
392 895506 463067
393 984134 771488
394 861281 978044
395 222546 365231
396 619053 581660
397 329007 399707
398 849133 950237
399 899060 553730
400 578259 117665
401 611942 577187
402 425924 180544
403 378693 154472
404 907483 989777
405 306054 565895
406 662306 344067
407 59980 542346
408 896475 398360
409 276484 899131
410 926583 973804
