NAME : portgen-557-8956324
COMMENT : portgen N=557, seed=8956324
TYPE : TSP
DIMENSION : 557
EDGE_WEIGHT_TYPE : EUC_2D
NODE_COORD_SECTION
1 367027 211109
2 704606 260729
3 508720 829812
4 892945 653716
5 995058 966788
6 664494 168297
7 755863 118027
8 67074 635534
9 964152 105423
10 431105 213381
11 260928 884334
12 721348 55906
13 39014 613266
14 521355 183479
15 916224 496241
16 483844 909389
17 132959 646305
18 817397 482794
19 853021 227548
20 100494 82284
21 188805 136280
22 144575 121952
23 695459 423361
24 865884 526743
25 31421 572325
26 697040 984368
27 57282 919899
28 259182 457637
29 78150 58301
30 443332 25925
31 976790 665396
32 553221 912774
33 777982 528213
34 23722 633911
35 422568 643713
36 769649 437409
37 74002 858780
38 516340 276559
39 827051 801448
40 796723 581376
41 535115 463054
42 740147 890298
43 519450 818447
44 356168 220185
45 868323 289183
46 459072 219110
47 804980 456781
48 312634 751396
49 62278 285794
50 605611 418899
51 596309 64436
52 730019 450044
53 37209 233986
54 244221 166983
55 400449 440734
56 101469 857965
57 189978 154149
58 566852 757680
59 860416 96439
60 600139 26586
61 465935 737927
62 28299 3669
63 47403 705213
64 707389 623957
65 821570 282354
66 32338 660067
67 400999 355988
68 479907 677150
69 273076 585998
70 323446 761770
71 958031 259728
72 620045 841736
73 823247 721145
74 190810 801311
75 409378 607421
76 44006 438320
77 464223 323256
78 386561 936241
79 663436 374030
80 970137 360059
81 960910 658223
82 843537 638678
83 482703 841740
84 237919 348241
85 330901 845707
86 566870 59104
87 687061 992717
88 982579 27615
89 273703 705042
90 617107 111161
91 41776 333359
92 653820 461511
93 321444 374114
94 816530 762320
95 873285 638167
96 439230 924834
97 255096 477738
98 194900 898926
99 572667 627328
100 859156 795632
101 447441 485767
102 184203 298216
103 565645 710647
104 784499 2712
105 1812 12447
106 119711 901115
107 500744 331969
108 920828 36075
109 403126 365799
110 443778 583776
111 269073 610591
112 489084 535268
113 398266 81102
114 874901 388845
115 427072 271932
116 243115 270990
117 703230 604660
118 991450 140661
119 832614 321850
120 540682 285368
121 970987 450731
122 318542 289508
123 369094 828639
124 435750 719828
125 79472 113798
126 24025 183822
127 200255 587224
128 552516 176450
129 782537 579543
130 306765 424984
131 878032 462648
132 462030 716444
133 41459 668980
134 582573 211236
135 962875 92189
136 600325 683298
137 286326 329980
138 559751 85250
139 410335 901859
140 982751 221815
141 298564 295358
142 82079 2088
143 393899 780467
144 808960 986786
145 563201 322470
146 558087 621378
147 358974 448493
148 685043 287688
149 164404 988561
150 729756 283843
151 418303 533890
152 737076 857657
153 815233 728666
154 101742 198167
155 193324 772049
156 367490 795751
157 16342 984295
158 866896 256654
159 103673 13536
160 31400 753770
161 504576 594011
162 481479 679032
163 673885 66434
164 946222 428669
165 514746 831084
166 983508 212168
167 708535 210702
168 854325 502812
169 279016 97783
170 135192 137244
171 676793 795423
172 955385 809430
173 817893 964076
174 139898 679942
175 774607 618608
176 341466 735734
177 473814 898672
178 300334 206135
179 825355 526374
180 3331 312420
181 449650 3958
182 62974 56079
183 95255 572066
184 840366 206911
185 166401 902820
186 116756 423731
187 238929 412791
188 412303 768841
189 120196 582807
190 378697 467750
191 241079 419847
192 425337 202326
193 381433 979549
194 149193 652455
195 115446 282258
196 662446 72104
197 931382 232371
198 20488 253062
199 556494 542593
200 397126 49052
201 843879 557091
202 301244 306856
203 377529 921619
204 310396 271488
205 517238 320785
206 56941 172899
207 410928 721073
208 649973 377546
209 72576 830603
210 35591 842192
211 15571 297772
212 809784 117349
213 58940 559665
214 122487 932072
215 35262 490684
216 458445 848708
217 65569 57912
218 410809 68179
219 8919 704264
220 552352 3887
221 906972 318590
222 616864 273253
223 266686 364674
224 262319 814032
225 173431 460823
226 130575 624422
227 507331 906442
228 590607 995171
229 491521 243331
230 896047 309349
231 912700 606131
232 719136 513350
233 413813 738350
234 556035 137674
235 454386 285299
236 115226 258544
237 657171 574767
238 711617 391149
239 790440 903342
240 526742 63769
241 68143 879155
242 36024 725912
243 577983 852313
244 129571 552218
245 644099 672458
246 512144 871244
247 249878 267052
248 888661 648428
249 661418 42096
250 561636 875537
251 574233 358977
252 287290 109661
253 392680 251420
254 588397 781419
255 328458 738293
256 865599 939303
257 599232 223588
258 797205 41455
259 356253 452083
260 624689 765385
261 76931 513938
262 576038 578848
263 711065 756249
264 971254 547510
265 182087 460196
266 802751 9021
267 574884 788448
268 198170 128839
269 279922 812435
270 928706 536528
271 496060 677488
272 927529 878713
273 595526 998205
274 295206 671029
275 555986 132411
276 677173 113908
277 860009 101439
278 72785 565212
279 784093 498841
280 911491 263840
281 971498 775961
282 852712 791930
283 242233 188110
284 11774 720519
285 628062 798999
286 746249 685223
287 896096 492277
288 88211 963023
289 653928 474598
290 506062 145853
291 972156 472412
292 636019 918247
293 488698 26789
294 156309 782953
295 546215 10059
296 117065 559403
297 184373 129707
298 790278 810836
299 781392 435251
300 790502 632503
301 344276 820607
302 164966 410133
303 160255 204761
304 477888 941762
305 612741 45995
306 408903 1139
307 952626 901431
308 146774 412094
309 591588 723004
310 1651 431396
311 406718 576522
312 930016 995558
313 454722 925641
314 520256 485962
315 332021 883449
316 485134 712166
317 861857 460067
318 736950 971016
319 519785 734587
320 771472 76603
321 435201 433304
322 781302 114818
323 603341 540543
324 629386 188814
325 674984 864637
326 290580 295429
327 103230 907052
328 147368 632110
329 958750 704899
330 673182 189238
331 684975 743301
332 170289 536137
333 610793 975598
334 219836 837808
335 298090 606230
336 782708 402773
337 48020 137013
338 140816 111289
339 473291 22963
340 848190 822612
341 966891 815356
342 812780 142782
343 198473 741833
344 541876 325720
345 849273 761351
346 751180 681977
347 436497 165242
348 293895 32428
349 385283 644289
350 974002 492051
351 67251 606422
352 340624 852372
353 897746 475223
354 482649 960447
355 708578 405535
356 90233 633029
357 855626 911831
358 438058 2998
359 306804 5047
360 242242 578365
361 590314 575547
362 863806 806038
363 538978 176285
364 62148 195647
365 239267 665592
366 628640 512844
367 314384 442655
368 732378 333861
369 959730 900948
370 704724 195475
371 435029 536828
372 83478 270908
373 171036 175633
374 818171 630458
375 626263 117609
376 970279 189636
377 405021 308409
378 863411 554407
379 292037 897969
380 119994 563884
381 515493 581700
382 255722 513103
383 970505 553404
384 549551 584717
385 740794 262425
386 184827 676345
387 378784 124632
388 608085 400678
389 170525 555396
390 942627 984571
391 884247 164179
392 75653 675382
393 150099 46940
394 257121 801281
395 472149 178973
396 784309 375012
397 160154 442299
398 10648 758683
399 158044 958845
400 662823 770358
401 5107 262774
402 687830 641691
403 233361 806100
404 113982 729638
405 158310 816471
406 297285 490756
407 425819 941021
408 779575 140480
409 421545 813423
410 502454 211822
411 395360 590706
412 921894 970436
413 257317 922052
414 988514 737093
415 891270 801984
416 286695 440887
417 397086 126155
418 687285 393491
419 738359 134632
420 895807 9618
421 625394 443698
422 298826 260326
423 783612 193603
424 453117 189718
425 184981 88595
426 770168 420951
427 67574 860838
428 483662 564220
429 865687 561675
430 954405 839870
431 67740 979350
432 833830 148692
433 191077 853587
434 191929 165493
435 157408 585972
436 687363 231827
437 628441 413859
438 441654 974409
439 523131 61056
440 486773 693097
441 56364 426839
442 782687 51400
443 734243 307345
444 607056 248394
445 935078 833698
446 201561 572866
447 977224 309835
448 322255 393567
449 815256 884967
450 818672 809203
451 670471 392061
452 702944 491884
453 32230 343328
454 638263 16174
455 126594 176316
456 957163 617293
457 626596 120707
458 638308 494874
459 2126 523995
460 826436 797510
461 38331 306962
462 346820 348204
463 915500 295301
464 528882 136556
465 381628 98325
466 336145 506956
467 934462 310456
468 735933 439071
469 800243 661979
470 413091 239369
471 305219 83060
472 421957 137568
473 795366 894599
474 226045 629019
475 394335 26953
476 864684 678699
477 503338 720347
478 473058 163514
479 457599 392487
480 755951 593159
481 543085 976284
482 603082 887225
483 871097 874103
484 195335 489027
485 325340 743709
486 268828 373106
487 129660 799483
488 932825 359631
489 803624 626473
490 875146 751985
491 837702 136395
492 380605 788469
493 555240 359861
494 903873 47236
495 439359 861830
496 243735 311215
497 336638 669382
498 970540 932112
499 953400 622474
500 204742 435735
501 90974 599572
502 753873 642349
503 189250 728288
504 298093 714868
505 165106 113197
506 259641 410362
507 953128 894120
508 349423 231869
509 639645 933700
510 916685 938985
511 920702 572861
512 284284 889605
513 652734 669256
514 619233 487310
515 610232 204536
516 61537 88755
517 461366 761948
518 492344 427340
519 183266 486484
520 439046 323370
521 720215 970173
522 130551 500373
523 941127 670874
524 26931 447033
525 16647 301283
526 312879 466089
527 12241 206
528 374197 2219
529 138205 991924
530 150005 761909
531 545021 811609
532 275822 841736
533 392981 289467
534 279810 452754
535 952993 678549
536 204938 192612
537 917052 615401
538 626106 454612
539 560619 284078
540 515408 650515
541 531050 627308
542 337305 848322
543 659514 249928
544 812933 619630
545 368967 202876
546 147529 730512
547 533491 760496
548 118432 527603
549 53121 515150
550 874267 486515
551 110254 742852
552 931624 366132
553 770232 685570
554 128784 163918
555 340691 124268
556 189285 518575
557 622957 947128
